#MCS	VS_mean
0	0.39511695655050405
100	0.37871616809116804
200	0.3748094220594221
300	0.3764277574277574
400	0.36410256410256414
500	0.3772905982905983
600	0.3835766178266179
700	0.36677391127391135
800	0.3716470797720798
900	0.36975137362637367
1000	0.376062678062678
1100	0.38388603988603986
1200	0.37029914529914537
1300	0.37079110704110696
1400	0.3808706247456248
1500	0.3771118233618233
1600	0.37574465811965807
1700	0.3855827228327229
1800	0.3760655270655271
1900	0.3840548433048433
2000	0.38950610500610516
2100	0.3687966015466015
2200	0.37432453194953197
2300	0.37000691900691907
2400	0.3767330779054917
2500	0.36431868131868134
2600	0.3797094017094017
2700	0.39426210826210834
2800	0.3715310443069064
2900	0.3812695868945869
3000	0.37498789173789177
3100	0.3742081491305629
3200	0.3740700040700041
3300	0.37501602564102554
3400	0.39098504273504275
3500	0.37576790801790805
3600	0.3730220797720798
3700	0.36554700854700856
3800	0.37445690883190885
3900	0.37535887260887263
4000	0.3734529914529915
4100	0.3689533475783475
4200	0.36924155474155473
4300	0.3847776760276761
4400	0.36717846967846973
4500	0.36323809523809525
4600	0.3703689458689459
4700	0.3696281033781034
4800	0.3773707773707774
4900	0.3710947293447293
5000	0.3826638176638177
5100	0.36685999185999185
5200	0.3785145502645503
5300	0.3662445054945055
5400	0.36970034595034595
5500	0.3882677045177045
5600	0.3858483923483925
5700	0.3790565730565732
5800	0.38962255799755807
5900	0.3762682132682133
6000	0.366724765974766
6100	0.3694935897435897
6200	0.36989316239316233
6300	0.374332264957265
6400	0.3819964387464388
6500	0.3655160765160766
6600	0.37424313186813174
6700	0.36844220594220595
6800	0.3781121286121286
6900	0.3798871082621083
7000	0.38181796906796917
7100	0.3771197598697599
7200	0.382710113960114
7300	0.3834928774928775
7400	0.3664131054131054
7500	0.37142450142450145
7600	0.3844202279202279
7700	0.3803446275946275
7800	0.37378205128205133
7900	0.37644017094017096
8000	0.3797251221001221
8100	0.38233618233618233
8200	0.37926109076109077
8300	0.38587306232414925
8400	0.37831837606837604
8500	0.37409188034188035
8600	0.37296153846153846
8700	0.3778393365893366
8800	0.3808262108262107
8900	0.374775641025641
9000	0.3824446479446479
9100	0.38214133089133095
9200	0.375223544973545
9300	0.37764255189255186
9400	0.3703059625559625
9500	0.3803774928774929
9600	0.37104125966625967
9700	0.37454488232074434
9800	0.3807157610907611
9900	0.3758974358974359
10000	0.37542022792022794
10100	0.37284472934472934
10200	0.37937743498519366
10300	0.38133516483516494
10400	0.38668233618233616
10500	0.37383155270655277
10600	0.3740740740740741
10700	0.36611991249491255
10800	0.3824488196988197
10900	0.3699124949124949
11000	0.37068986568986567
11100	0.3782163207163208
11200	0.3679545966485621
11300	0.38017144892144905
11400	0.3633853276353276
11500	0.3704052706552707
11600	0.366230534152948
11700	0.38512092999593
11800	0.3817571733821735
11900	0.37315659340659346
12000	0.37890990028490024
12100	0.38003703703703706
12200	0.3777525437525438
12300	0.3640797720797721
12400	0.3800602360602361
12500	0.3649766992266992
12600	0.37582804232804234
12700	0.38023219373219375
12800	0.37697792022792026
12900	0.3668817663817664
13000	0.37931247456247463
13100	0.3756324786324786
13200	0.36587352462352474
13300	0.3723625356125355
13400	0.37823127798127804
13500	0.37396096335226775
13600	0.3846381766381767
13700	0.3782393162393163
13800	0.3927641432641433
13900	0.3781602564102565
14000	0.37993630443630444
14100	0.37604660154660163
14200	0.37609722222222225
14300	0.37456410256410255
14400	0.3635391737891738
14500	0.3842425722425723
14600	0.3809882478632479
14700	0.3802806267806268
14800	0.38534116809116814
14900	0.37386609686609695
15000	0.3778076414326414
15100	0.3817982488456627
15200	0.3770050366300367
15300	0.3795096153846155
15400	0.3683979446479446
15500	0.3623290598290598
15600	0.37723300773300783
15700	0.3715712250712251
15800	0.37153978428978424
15900	0.38822507122507127
16000	0.36651187318428696
16100	0.3774082214082214
16200	0.3706623931623932
16300	0.37861823361823366
16400	0.3647446072446071
16500	0.37723855311355303
16600	0.38422079772079776
16700	0.3783547008547009
16800	0.3738073870573871
16900	0.3851346153846155
17000	0.36297644485144476
17100	0.38311009361009357
17200	0.37243487993488
17300	0.3736534391534392
17400	0.38190231990231993
17500	0.37379812779812777
17600	0.3712107753357754
17700	0.3655567256817257
17800	0.369079365079365
17900	0.3760619658119658
18000	0.37647049247049247
18100	0.3809799552299552
18200	0.3715641025641026
18300	0.37896728734228746
18400	0.3805543345543346
18500	0.37257478632478624
18600	0.37770655270655273
18700	0.3694608262108262
18800	0.3717051282051282
18900	0.3827689360447982
19000	0.3854725783475784
19100	0.3757514245014245
19200	0.36968096255596256
19300	0.37011029711029714
19400	0.37358262108262114
19500	0.38980555555555557
19600	0.3814216524216525
19700	0.3580648148148148
19800	0.37120837978446675
19900	0.37744708994709
20000	0.3718103378103378
20100	0.36827457264957264
20200	0.38026353276353275
20300	0.383334757834758
20400	0.36729848392348396
20500	0.3696316646316647
20600	0.3753119938809594
20700	0.383858262108262
20800	0.3836990231990231
20900	0.37822435897435897
21000	0.3579934879934879
21100	0.3794337606837607
21200	0.36550071225071223
21300	0.39173041310541323
21400	0.3790940170940171
21500	0.3788742368742369
21600	0.3884701363451364
21700	0.3742130647130648
21800	0.37033760683760675
21900	0.37241473341473347
22000	0.37733435083435085
22100	0.3745242165242165
22200	0.37574928774928773
22300	0.37432905982905995
22400	0.3782767602767603
22500	0.37107834757834757
22600	0.38795797720797726
22700	0.37173087098087104
22800	0.3831154863654863
22900	0.37201566951566967
23000	0.3752549857549858
23100	0.3714842287342287
23200	0.38541880341880347
23300	0.37127482702482695
23400	0.367062678062678
23500	0.37516096866096865
23600	0.38048931623931626
23700	0.3820915750915752
23800	0.38076465201465215
23900	0.3808874643874644
24000	0.3809716117216117
24100	0.38763105413105425
24200	0.37220973502870053
24300	0.38221082621082625
24400	0.37015099715099714
24500	0.38012393162393165
24600	0.3831664631664632
24700	0.372667805215219
24800	0.3696739926739926
24900	0.3746827431827432
25000	0.38427706552706553
25100	0.3765154660154661
25200	0.3813062678062678
25300	0.36981796906796904
25400	0.3669884285573941
25500	0.3632456247456247
25600	0.3782247615508485
25700	0.37587166154407536
25800	0.3765925925925926
25900	0.3843813593813595
26000	0.37812993487993485
26100	0.38184650997151004
26200	0.37544551282051286
26300	0.3693940465664604
26400	0.3806880341880342
26500	0.38262037037037033
26600	0.38382865282865286
26700	0.38307346357346356
26800	0.3632926332926332
26900	0.37192694342694343
27000	0.37327121665052704
27100	0.37229380341880347
27200	0.38233099308099316
27300	0.378877035002035
27400	0.38733209654330336
27500	0.3745071225071225
27600	0.37628408628408627
27700	0.37141442816442827
27800	0.37290069190069197
27900	0.37588960113960107
28000	0.378818783068783
28100	0.3693062678062678
28200	0.37220695970695966
28300	0.3771100427350428
28400	0.3770584045584046
28500	0.37854263329263327
28600	0.3602079772079772
28700	0.37601200651200667
28800	0.37574928774928773
28900	0.37617374005305043
29000	0.3826659544159544
29100	0.3648685388685388
29200	0.3775007122507123
29300	0.3769245014245014
29400	0.3920484330484331
29500	0.36162138787138787
29600	0.3702233923483923
29700	0.37511894586894595
29800	0.3662863247863247
29900	0.38429914529914544
30000	0.3753465292689431
30100	0.3720562678062678
30200	0.372900641025641
30300	0.3719126984126983
30400	0.3747283377541998
30500	0.3723472730972731
30600	0.38702523402523403
30700	0.37238995726495727
30800	0.3796054131054131
30900	0.3704042531542532
31000	0.37088558201058197
31100	0.3668820716320716
31200	0.37137317025248057
31300	0.3686844729344729
31400	0.3771492165242165
31500	0.3739358974358974
31600	0.3682528998778999
31700	0.36498554706163405
31800	0.38214560439560447
31900	0.36775925925925923
32000	0.3664015567765568
32100	0.373038258038258
32200	0.3895690883190884
32300	0.3826907814407815
32400	0.3780512820512821
32500	0.3845754985754986
32600	0.38944871794871794
32700	0.38065710215710225
32800	0.3714700854700855
32900	0.38956445868945877
33000	0.3838831908831909
33100	0.3750662393162393
33200	0.37402106227106224
33300	0.3697994189718328
33400	0.3692008547008546
33500	0.3713361314611315
33600	0.3764254171754172
33700	0.38368172568172565
33800	0.3870979344729345
33900	0.3733561253561254
34000	0.37990282865282865
34100	0.3763628408628409
34200	0.3686951566951566
34300	0.38397049247049253
34400	0.3777606837606838
34500	0.37447669922669924
34600	0.3720886752136752
34700	0.37560582010582017
34800	0.37254706994793196
34900	0.3681894586894587
35000	0.3859729344729345
35100	0.3834073056573057
35200	0.38001037851037855
35300	0.38143884818884827
35400	0.37072507122507137
35500	0.37561828449328455
35600	0.3824633699633701
35700	0.3758263125763126
35800	0.3671899674399674
35900	0.3710327635327636
36000	0.3811980056980057
36100	0.3713006715506716
36200	0.37519118844118843
36300	0.3733518518518519
36400	0.3809257224257224
36500	0.3814793447293448
36600	0.3782069597069597
36700	0.3761562881562882
36800	0.3817905982905983
36900	0.3760478225478226
37000	0.37751322751322747
37100	0.3793198005698007
37200	0.3796455026455027
37300	0.3872606837606838
37400	0.37578927553927555
37500	0.3768732193732194
37600	0.37945227920227914
37700	0.36046102971102967
37800	0.3824027777777778
37900	0.3813532763532764
38000	0.3766559829059829
38100	0.36864896214896214
38200	0.37672059422059423
38300	0.3714202279202279
38400	0.3737649572649573
38500	0.3762236467236466
38600	0.37930392755392756
38700	0.36874842287342297
38800	0.38402991452991453
38900	0.3776549654049655
39000	0.3841552706552707
39100	0.38559650997151
39200	0.3617997242221379
39300	0.36418304843304844
39400	0.3710868945868945
39500	0.3666677859177859
39600	0.37400959257855815
39700	0.38715669515669515
39800	0.3708518518518519
39900	0.36732234432234445
40000	0.38150641025641024
40100	0.38622293447293454
40200	0.3743294668294669
40300	0.37193238705738707
40400	0.37341595441595443
40500	0.3754415954415955
40600	0.37821123321123323
40700	0.37701709401709405
40800	0.37165150590150586
40900	0.3783706247456248
41000	0.38460459910459915
41100	0.38205566783152994
41200	0.38544983719983716
41300	0.3868514957264958
41400	0.3755531135531135
41500	0.37815201465201465
41600	0.38069881969881975
41700	0.37652096052096046
41800	0.3845153133903135
41900	0.3799399674399674
42000	0.3846045631030639
42100	0.3708888888888888
42200	0.3745773256534125
42300	0.38445105820105824
42400	0.3643369963369964
42500	0.3772813390313391
42600	0.3750673585673586
42700	0.3747728937728937
42800	0.36683099308099304
42900	0.37881761294261307
43000	0.38381552706552713
43100	0.3697040598290599
43200	0.386266687016687
43300	0.37515323565323566
43400	0.38369327607258646
43500	0.377031339031339
43600	0.3821082621082621
43700	0.3717603785103786
43800	0.3815726495726496
43900	0.3702323972323972
44000	0.36551709401709404
44100	0.3739396621896622
44200	0.3829871794871796
44300	0.3835901505901506
44400	0.3668649267399268
44500	0.37865740740740733
44600	0.3810867928367928
44700	0.3708034188034189
44800	0.3775252340252341
44900	0.38681557794057797
45000	0.3753796296296296
45100	0.371317969067969
45200	0.3717118945868946
45300	0.3793904151404151
45400	0.38235979888566096
45500	0.36698529711029704
45600	0.38230306267806263
45700	0.38109406796906803
45800	0.3802127384110143
45900	0.3756496235246235
46000	0.37421153846153843
46100	0.3784629629629629
46200	0.37833384208384213
46300	0.38142175417175417
46400	0.3840641025641026
46500	0.3652601241351242
46600	0.37680346967846967
46700	0.3728571428571429
46800	0.3678348087098088
46900	0.37828123728123725
47000	0.3761036789297658
47100	0.362730463980464
47200	0.3803379474792518
47300	0.3663348087098086
47400	0.3690567765567766
47500	0.3807250712250712
47600	0.3735874542124541
47700	0.3686672771672772
47800	0.37050864875864875
47900	0.3785626780626782
48000	0.3781899674399674
48100	0.38225854700854706
48200	0.3783789173789174
48300	0.3794832621082621
48400	0.3803407610907611
48500	0.3780334249084249
48600	0.37506999481999487
48700	0.3694396306120443
48800	0.3806346153846154
48900	0.3736934269434269
49000	0.3769650997150998
49100	0.3668468660968661
49200	0.3686632071632071
49300	0.37317796092796096
49400	0.372167328042328
49500	0.3693392857142857
49600	0.3727165242165243
49700	0.37807585470085475
49800	0.3748311965811966
49900	0.3797307692307692
50000	0.36392155067155063
50100	0.3763900081400081
50200	0.38704415954415966
50300	0.3691283068783068
50400	0.3831118233618234
50500	0.38501648351648354
50600	0.36569658119658127
50700	0.3796410256410257
50800	0.3697450606961476
50900	0.3817314814814815
51000	0.3788539886039886
51100	0.37061680911680916
51200	0.3816445868945869
51300	0.370505698005698
51400	0.3772407407407408
51500	0.36360541310541306
51600	0.374820461945462
51700	0.3724087301587301
51800	0.3733593813593813
51900	0.3916400081400081
52000	0.37714448514448506
52100	0.382540293040293
52200	0.38488034188034204
52300	0.37781481481481477
52400	0.38019301994302
52500	0.3796915954415955
52600	0.3758502238502239
52700	0.3756211773539359
52800	0.37401709401709404
52900	0.3673917887667887
53000	0.3783475783475784
53100	0.36793839031339026
53200	0.3716200142450143
53300	0.3626239316239316
53400	0.36222059422059427
53500	0.3781148758648759
53600	0.3681880341880342
53700	0.3819647391658262
53800	0.3728618233618234
53900	0.373513838013838
54000	0.370947903947904
54100	0.3771826923076923
54200	0.36345950345950345
54300	0.36646866096866093
54400	0.3707571225071225
54500	0.37252492877492877
54600	0.3737401828694932
54700	0.3800043752543752
54800	0.36656562881562876
54900	0.3829017094017094
55000	0.37256145706145705
55100	0.37391244403744406
55200	0.3824288766788767
55300	0.3754109686609687
55400	0.3840634411884412
55500	0.37605906768837805
55600	0.3709671347171347
55700	0.36963878713878706
55800	0.38603988603988604
55900	0.38341595441595444
56000	0.37477367619609
56100	0.37041056166056163
56200	0.37946830484330485
56300	0.3772998575498576
56400	0.38543406593406593
56500	0.374244301994302
56600	0.3583315018315018
56700	0.3789237891737892
56800	0.38238074888074897
56900	0.38447771672771675
57000	0.3785388176638177
57100	0.372023199023199
57200	0.3675670533170533
57300	0.36914498947107643
57400	0.3706720594220595
57500	0.37330759055759055
57600	0.3881915954415955
57700	0.3764590455840456
57800	0.3693660968660969
57900	0.36959650997150995
58000	0.3757884615384615
58100	0.38028133903133904
58200	0.3726044973544974
58300	0.393062678062678
58400	0.3833244301994303
58500	0.3886794871794872
58600	0.3798504273504274
58700	0.3668725948381121
58800	0.3818611111111112
58900	0.37560286935286935
59000	0.3678529202279203
59100	0.3813486467236467
59200	0.3806709401709402
59300	0.37850040700040705
59400	0.3753404558404558
59500	0.3730915750915751
59600	0.383003256003256
59700	0.38000498575498576
59800	0.37684615384615394
59900	0.37330418192918197
60000	0.38560536398467443
60100	0.3839844831094832
60200	0.370542328042328
60300	0.38193447293447297
60400	0.37834900284900286
60500	0.3721945461945462
60600	0.3755748371998372
60700	0.3719002849002849
60800	0.37229761904761904
60900	0.3599976597476597
61000	0.37395619658119666
61100	0.3744708994708995
61200	0.3691471306471307
61300	0.38133831908831906
61400	0.3808753561253562
61500	0.36563995726495724
61600	0.38802991452991453
61700	0.37401007326007324
61800	0.3761424501424501
61900	0.38090496540496543
62000	0.37472974730583425
62100	0.3748732702482703
62200	0.3835598290598291
62300	0.37857158119658124
62400	0.3775665463208566
62500	0.3553333333333332
62600	0.3739198209198209
62700	0.3759444444444444
62800	0.38771662596662604
62900	0.3727165242165242
63000	0.36908119658119654
63100	0.38145701058201065
63200	0.3748080484330485
63300	0.3748992673992674
63400	0.3688269230769231
63500	0.3705544363044363
63600	0.3752973137973138
63700	0.37482651607651607
63800	0.3926111111111112
63900	0.3798183760683761
64000	0.37526780626780626
64100	0.36248896011396003
64200	0.3712241414396586
64300	0.3856695156695157
64400	0.37565669515669514
64500	0.37966422466422467
64600	0.37156267806267795
64700	0.38663166463166465
64800	0.3800818070818071
64900	0.3807720797720798
65000	0.37501434676434686
65100	0.36096479446479435
65200	0.3775405982905982
65300	0.3685783475783476
65400	0.375094017094017
65500	0.36609544159544166
65600	0.37663960113960115
65700	0.3726833536833537
65800	0.3758956397869442
65900	0.37464031339031334
66000	0.37361823361823365
66100	0.37519266381766386
66200	0.37690669515669517
66300	0.3820616605616605
66400	0.37229594017094014
66500	0.37748789173789177
66600	0.37320807895807884
66700	0.3634387464387464
66800	0.36945268620268623
66900	0.3741474358974359
67000	0.3709227646555232
67100	0.37200427350427356
67200	0.3917600223850224
67300	0.3733449328449328
67400	0.3767023300773301
67500	0.38438034188034187
67600	0.38226597476597474
67700	0.383406409203823
67800	0.38301709401709394
67900	0.381772385022385
68000	0.3754643874643875
68100	0.37911757224257225
68200	0.3763247863247863
68300	0.37564957264957266
68400	0.39112220187220187
68500	0.38220512820512814
68600	0.3669578754578755
68700	0.36909966422466434
68800	0.3773511396011396
68900	0.37823930220481944
69000	0.3745616605616605
69100	0.3786284086284086
69200	0.3701050569800569
69300	0.37757509157509156
69400	0.37161329873829874
69500	0.3654537037037037
69600	0.3746320716320717
69700	0.38026353276353275
69800	0.3674277574277575
69900	0.37651322751322747
70000	0.3686292226292226
70100	0.3705626780626781
70200	0.3798221408221408
70300	0.3923186497410635
70400	0.37598290598290596
70500	0.38232407407407404
70600	0.39222903947903953
70700	0.3705954415954416
70800	0.3774858058608058
70900	0.3730741758241759
71000	0.37019515669515674
71100	0.3805099715099715
71200	0.3771353276353277
71300	0.37054375254375255
71400	0.387482905982906
71500	0.38278062678062674
71600	0.38005840455840467
71700	0.37279914529914526
71800	0.3849829059829061
71900	0.3794558404558405
72000	0.37429100529100523
72100	0.37106410256410266
72200	0.3747402319902321
72300	0.3764020655270655
72400	0.36428917378917375
72500	0.3761978021978022
72600	0.37770482295482294
72700	0.38033048433048433
72800	0.37719159544159536
72900	0.3821747049247049
73000	0.3789315730565731
73100	0.3751866096866097
73200	0.3814216524216524
73300	0.36957870370370377
73400	0.37727813390313397
73500	0.3729115791615792
73600	0.3729565527065527
73700	0.3737621082621083
73800	0.3910036630036632
73900	0.385900284900285
74000	0.38227060439560445
74100	0.39341778591778603
74200	0.373718660968661
74300	0.3795281339031339
74400	0.3738660968660969
74500	0.3728803418803419
74600	0.3824061864061864
74700	0.3750469067969068
74800	0.3785405982905983
74900	0.3769180911680912
75000	0.3734325081049219
75100	0.3753198005698006
75200	0.3760159747659748
75300	0.38064672364672364
75400	0.3739002708657881
75500	0.3818774928774929
75600	0.38124206349206347
75700	0.3809123931623932
75800	0.3814764957264957
75900	0.3830576923076924
76000	0.37465954415954417
76100	0.3586467236467237
76200	0.37508190883190884
76300	0.3746931725681726
76400	0.37020604395604395
76500	0.3763105413105413
76600	0.3762496947496948
76700	0.3844009971509971
76800	0.3727978225478226
76900	0.3702115384615385
77000	0.3802821530321531
77100	0.3742222222222223
77200	0.3773504273504274
77300	0.37343437118437117
77400	0.3796011396011396
77500	0.3746759259259259
77600	0.37232264957264954
77700	0.3641894586894586
77800	0.3782692307692308
77900	0.3805124135124135
78000	0.37251042938542933
78100	0.3810264041514041
78200	0.3824444444444445
78300	0.3688717948717949
78400	0.3779818884818885
78500	0.37775712250712246
78600	0.3776160968660969
78700	0.37540206552706556
78800	0.3839583842083843
78900	0.3807438441188441
79000	0.3822893772893773
79100	0.3652629222629222
79200	0.37941961741961744
79300	0.3729226699226699
79400	0.38179131054131055
79500	0.3754448005698006
79600	0.3783472730972732
79700	0.37294647944647946
79800	0.37946052096052096
79900	0.3825683760683761
80000	0.3717193732193732
80100	0.38287464387464387
80200	0.37076475376475376
80300	0.3798062678062678
80400	0.375235754985755
80500	0.37870073189900777
80600	0.37620227920227933
80700	0.38193702721288936
80800	0.37423219373219374
80900	0.3826632071632072
81000	0.37995014245014247
81100	0.36564987789987785
81200	0.3765582010582011
81300	0.38263308913308913
81400	0.37583292633292625
81500	0.3620739723239723
81600	0.36280153642653634
81700	0.36958587708587715
81800	0.37669373219373226
81900	0.3802399267399267
82000	0.3901617826617826
82100	0.37676923076923075
82200	0.3821089234839235
82300	0.36962810337810337
82400	0.3668247863247863
82500	0.3668852258852259
82600	0.38035612535612545
82700	0.3766858974358974
82800	0.3788393874643875
82900	0.3649939967439967
83000	0.3718728123728124
83100	0.3685991532621968
83200	0.3788879731379732
83300	0.38344017094017097
83400	0.37306186406186403
83500	0.3737114367114367
83600	0.3852592592592592
83700	0.3819622507122507
83800	0.37852279202279204
83900	0.3764031339031339
84000	0.37018223443223447
84100	0.38472975172975177
84200	0.3738076923076923
84300	0.3866507936507937
84400	0.38387820512820514
84500	0.3576931216931217
84600	0.38569675311916696
84700	0.3765599308099309
84800	0.3668324175824176
84900	0.37609712047212046
85000	0.3696531339031339
85100	0.3665541310541311
85200	0.37558190883190884
85300	0.3803703703703704
85400	0.376082621082621
85500	0.37430769230769223
85600	0.3714031339031338
85700	0.3762663817663819
85800	0.3707549857549858
85900	0.3673475783475784
86000	0.36514346764346767
86100	0.37804558404558397
86200	0.38272756410256414
86300	0.3782239010989011
86400	0.3868150183150184
86500	0.3880527065527065
86600	0.3779273504273505
86700	0.3759725783475784
86800	0.3831880341880342
86900	0.3789231786731787
87000	0.38480876068376074
87100	0.385706450956451
87200	0.37587606837606835
87300	0.36651566951566955
87400	0.3761322751322752
87500	0.37302533577533575
87600	0.38068116605616614
87700	0.38267989417989423
87800	0.3856381766381766
87900	0.37634757834757837
88000	0.37155062067562067
88100	0.37207713984887897
88200	0.37815516890516887
88300	0.380663665038665
88400	0.38159544159544156
88500	0.37699430199430195
88600	0.37378774928774927
88700	0.3675102258852259
88800	0.37051037851037844
88900	0.3820584045584046
89000	0.3757710622710623
89100	0.3764230769230769
89200	0.3799085266585267
89300	0.37014178876678877
89400	0.3751137566137567
89500	0.3886317663817664
89600	0.3786032763532764
89700	0.3773301282051281
89800	0.3711615791615791
89900	0.3759986772486773
90000	0.381531339031339
90100	0.38379059829059825
90200	0.3756279507529508
90300	0.36625752950752954
90400	0.36579487179487186
90500	0.3697633292633292
90600	0.3805889295889296
90700	0.386856684981685
90800	0.37593742368742367
90900	0.3755865893365894
91000	0.3970566703827573
91100	0.3728850329108949
91200	0.37673188848188854
91300	0.36776017501017494
91400	0.38387891737891744
91500	0.3754461741961742
91600	0.3750122100122101
91700	0.3822203398453398
91800	0.38341310541310547
91900	0.376730056980057
92000	0.37693783068783077
92100	0.3772791005291006
92200	0.3752864265364265
92300	0.38552172364672377
92400	0.38295767195767205
92500	0.3832032967032967
92600	0.37002177452177454
92700	0.36511823361823365
92800	0.3743105413105413
92900	0.37885409035409046
93000	0.36504344729344723
93100	0.36898499185999184
93200	0.3769892144892145
93300	0.3777632275132275
93400	0.3775940170940172
93500	0.382298076923077
93600	0.3841794871794872
93700	0.37117806267806264
93800	0.38468767806267806
93900	0.36160286935286934
94000	0.37726353276353275
94100	0.3735682743182744
94200	0.3759931827431828
94300	0.36802492877492876
94400	0.3740868945868946
94500	0.3846880341880342
94600	0.37283608058608064
94700	0.3783561253561253
94800	0.38476027676027674
94900	0.3739386955636956
95000	0.3668675213675214
95100	0.3762777777777777
95200	0.37498677248677253
95300	0.3704119861619862
95400	0.3796217948717948
95500	0.38405942205942206
95600	0.37023809523809526
95700	0.38723789173789175
95800	0.3776225071225071
95900	0.3801695156695156
96000	0.3781716524216525
96100	0.3834212454212455
96200	0.372005698005698
96300	0.3751930708180709
96400	0.3783262108262108
96500	0.369448310948311
96600	0.3849415954415955
96700	0.3674177210082382
96800	0.38481868131868124
96900	0.3652024827024827
97000	0.37795227920227914
97100	0.3734843304843305
97200	0.3808828347578348
97300	0.3723137973137973
97400	0.38514814814814813
97500	0.37704141229141225
97600	0.37908414733414736
97700	0.3728917378917379
97800	0.3723357753357754
97900	0.3686923076923077
98000	0.37712620696672416
98100	0.38059900284900283
98200	0.3723752543752544
98300	0.3647182066018272
98400	0.3763147963564006
98500	0.37739886039886045
98600	0.3700925925925926
98700	0.37212718762718766
98800	0.37392806267806267
98900	0.3852578347578348
99000	0.37621275946275945
99100	0.3686267806267806
99200	0.37474654049654044
99300	0.3834914529914531
99400	0.3736602564102564
99500	0.3758913308913309
99600	0.3794914529914531
99700	0.37043111518111516
99800	0.38205296092796104
99900	0.3784700854700856
100000	0.37268070818070814
100100	0.37520757020757023
100200	0.3803381436571093
100300	0.3819615384615385
100400	0.36499216524216527
100500	0.37125997150997153
100600	0.3845284654681206
100700	0.38343518518518527
100800	0.3889881969881971
100900	0.39379314204314214
101000	0.37324318274318274
101100	0.38773931623931623
101200	0.37632331094831095
101300	0.37557122507122503
101400	0.37710398860398864
101500	0.37852706552706544
101600	0.38054690679690684
101700	0.3694045584045584
101800	0.35831155881155874
101900	0.363040293040293
102000	0.38895238095238094
102100	0.3760854192104192
102200	0.3791542531542531
102300	0.3784106125356126
102400	0.37031730769230775
102500	0.3786467236467238
102600	0.3895898453398453
102700	0.37674216524216525
102800	0.36679446479446465
102900	0.37617165242165246
103000	0.3809497863247863
103100	0.3682065527065527
103200	0.3779093406593407
103300	0.384583028083028
103400	0.36492592592592593
103500	0.3805948310948311
103600	0.37980016280016293
103700	0.38253317053317054
103800	0.37490242165242166
103900	0.37000997150997156
104000	0.3780655270655271
104100	0.3682139804639804
104200	0.38164896214896216
104300	0.3756932743182744
104400	0.3818578551078552
104500	0.3807759462759463
104600	0.36442450142450145
104700	0.3650811965811966
104800	0.38162357549857556
104900	0.3788525641025641
105000	0.37265918803418807
105100	0.39309757834757836
105200	0.3665377492877493
105300	0.3790622710622711
105400	0.36976276963776966
105500	0.3805796703296703
105600	0.3795556064306065
105700	0.3773319088319088
105800	0.37335795685795686
105900	0.3722260887260887
106000	0.3805763125763125
106100	0.3842691290191291
106200	0.37031944444444453
106300	0.38380306267806275
106400	0.3778401505901506
106500	0.3691581196581198
106600	0.3754628612128613
106700	0.3682150997150998
106800	0.38347079772079773
106900	0.37405453805453803
107000	0.3791007326007326
107100	0.36067663817663825
107200	0.3691153846153846
107300	0.37632295482295486
107400	0.3760961538461539
107500	0.3814440883190884
107600	0.3711397028897029
107700	0.3787558699282837
107800	0.3774745624745625
107900	0.36885897435897436
108000	0.36586609686609683
108100	0.3743247863247862
108200	0.37290361984758535
108300	0.3803148656898657
108400	0.36800641025641023
108500	0.37323606023606026
108600	0.3723034188034188
108700	0.3987962962962963
108800	0.37334544159544164
108900	0.3754585877085878
109000	0.3838205128205128
109100	0.38571260683760694
109200	0.37163995726495724
109300	0.3754774114774114
109400	0.3765763125763125
109500	0.3755719373219373
109600	0.37900997150997157
109700	0.3774893162393162
109800	0.3708177146927147
109900	0.36782234432234434
110000	0.37257520385106585
110100	0.3819814814814815
110200	0.3781353276353277
110300	0.37415120065120067
110400	0.3766787012476668
110500	0.3637645502645502
110600	0.3851774118282739
110700	0.37356542531542525
110800	0.38534798534798537
110900	0.37551780626780623
111000	0.3756429588929589
111100	0.37616809116809125
111200	0.3746499287749288
111300	0.37432224257224267
111400	0.3763304843304843
111500	0.38382193732193737
111600	0.37965099715099726
111700	0.3734437830687832
111800	0.3697168803418803
111900	0.3719640822140822
112000	0.3786994301994302
112100	0.38879202279202285
112200	0.37955060664112394
112300	0.38247833775419987
112400	0.37671774521774515
112500	0.38057549857549866
112600	0.38179095441595445
112700	0.36685358160358156
112800	0.37771398046398047
112900	0.3900441595441596
113000	0.37197822547822545
113100	0.37991712454212456
113200	0.37780484330484343
113300	0.38902146927146924
113400	0.3761428571428571
113500	0.38168126780626777
113600	0.3766520427210083
113700	0.37531089743589746
113800	0.35913390313390303
113900	0.3727722323972324
114000	0.38714529914529916
114100	0.37091982091982095
114200	0.37489886039886045
114300	0.3810478225478226
114400	0.3775876068376069
114500	0.37524928774928773
114600	0.3797108262108262
114700	0.38385790598290603
114800	0.38264570614570614
114900	0.36733964183964185
115000	0.373462962962963
115100	0.37328164428164434
115200	0.3763771981530602
115300	0.3797228607918264
115400	0.3784643874643875
115500	0.38035968660968666
115600	0.36199857549857556
115700	0.3808422873422874
115800	0.3751882376882377
115900	0.37792984505915544
116000	0.37330911680911677
116100	0.36943019943019945
116200	0.37495685795685796
116300	0.3716499796499797
116400	0.37679131054131054
116500	0.37302899877899875
116600	0.37683750508750513
116700	0.3661413817663818
116800	0.39015852665852674
116900	0.3715185185185186
117000	0.36773592690834067
117100	0.37626353276353275
117200	0.37637179487179484
117300	0.3715316951566951
117400	0.37163186813186816
117500	0.37483043345543343
117600	0.3778072853072853
117700	0.3855281847781848
117800	0.3811157407407408
117900	0.38151811151811155
118000	0.3794402726902727
118100	0.3724109177859178
118200	0.3883368945868946
118300	0.3750797720797721
118400	0.3641184371184371
118500	0.3749401709401709
118600	0.37387820512820513
118700	0.378566341066341
118800	0.3778743386243387
118900	0.37200661375661376
119000	0.38296408221408224
119100	0.37745899470899474
119200	0.3754145763656633
119300	0.382445868945869
119400	0.3681271367521368
119500	0.37936375661375665
119600	0.3641801994301994
119700	0.37474043549043545
119800	0.3791153846153847
119900	0.37007371794871796
120000	0.3821243386243386
120100	0.382428774928775
120200	0.3870969014882059
120300	0.3811552197802198
120400	0.3615897435897436
120500	0.37282855107855106
120600	0.37683679283679283
120700	0.3820953907203908
120800	0.37072273097273095
120900	0.3839760887260887
121000	0.3806416361416362
121100	0.3686200142450143
121200	0.37130769230769234
121300	0.3786574074074075
121400	0.37333547008547
121500	0.37791987179487185
121600	0.3846680420473524
121700	0.36317128401611154
121800	0.37265557590557585
121900	0.3711296296296297
122000	0.37389814814814815
122100	0.3913792226292227
122200	0.37871652421652413
122300	0.3896310541310542
122400	0.3785868945868946
122500	0.3702750305250305
122600	0.3843172568172568
122700	0.37244729344729344
122800	0.38213675213675213
122900	0.3772136752136752
123000	0.37945726495726506
123100	0.38305738705738707
123200	0.3801926638176639
123300	0.3737673992673992
123400	0.371227207977208
123500	0.38033760683760687
123600	0.3732514245014245
123700	0.3718599918599918
123800	0.3724544159544159
123900	0.3863144078144079
124000	0.3665823158323158
124100	0.36695975783475787
124200	0.37305860805860813
124300	0.36588843101343105
124400	0.3863411680911681
124500	0.3756217211906867
124600	0.37905799755799763
124700	0.3863901098901099
124800	0.3845983923483924
124900	0.3674508547008547
125000	0.3800001017501018
125100	0.37042877492877485
125200	0.38455484330484335
125300	0.38059081196581196
125400	0.3833076923076923
125500	0.383486568986569
125600	0.37103169515669515
125700	0.37886965811965817
125800	0.3754066951566951
125900	0.3804790394790395
126000	0.3838351891667109
126100	0.37599191086691086
126200	0.3678603988603989
126300	0.36826088726088735
126400	0.3778772893772894
126500	0.3682083333333333
126600	0.38573076923076927
126700	0.37795655270655276
126800	0.37397257834757835
126900	0.38181339031339023
127000	0.3771469271469272
127100	0.3740014245014245
127200	0.365342052264466
127300	0.3726082621082621
127400	0.383014245014245
127500	0.3797393162393162
127600	0.3800937118437119
127700	0.36900254375254377
127800	0.37530682743182736
127900	0.37488746438746434
128000	0.3833240740740741
128100	0.3714715099715099
128200	0.3751374643874643
128300	0.3698960113960114
128400	0.3834428164428164
128500	0.3808143060643061
128600	0.38037006512006505
128700	0.379728021978022
128800	0.3820388685388686
128900	0.370830179080179
129000	0.3737663817663818
129100	0.37082371794871793
129200	0.37922227309727313
129300	0.3772977207977207
129400	0.37990313390313396
129500	0.37675407000407
129600	0.3777948717948718
129700	0.37080128205128204
129800	0.36765954415954416
129900	0.37790740740740747
130000	0.3775445665445666
130100	0.3761424501424502
130200	0.37185887260887257
130300	0.38448692511192506
130400	0.38366310541310544
130500	0.38339606227106227
130600	0.3805905575905576
130700	0.36865013402944435
130800	0.3813658933658934
130900	0.36987968050468056
131000	0.3860986975986977
131100	0.3709024216524216
131200	0.37973076923076915
131300	0.3698582621082621
131400	0.3865310846560847
131500	0.3839434269434269
131600	0.37567846967846963
131700	0.3706857956857957
131800	0.36990321986442676
131900	0.36509500805152983
132000	0.3735084961334962
132100	0.36816239316239313
132200	0.3662891737891737
132300	0.37274765974765967
132400	0.36559401709401707
132500	0.37734615384615383
132600	0.37594261294261294
132700	0.3751396011396012
132800	0.3859277574277575
132900	0.37860914628156006
133000	0.37291325803825803
133100	0.37491880341880346
133200	0.36757122507122514
133300	0.37848453398453397
133400	0.36750498575498575
133500	0.38800142450142455
133600	0.370967846967847
133700	0.374210520960521
133800	0.3743910765160766
133900	0.3784718152218153
134000	0.3700898453398453
134100	0.377497150997151
134200	0.3751509971509971
134300	0.37282682132682143
134400	0.37736050061050064
134500	0.3696666666666667
134600	0.37219200244200246
134700	0.380994301994302
134800	0.3857636345136345
134900	0.3732342287342287
135000	0.38451851851851854
135100	0.38527258852258855
135200	0.37556654456654465
135300	0.38007193732193734
135400	0.368144943019943
135500	0.3795986467236467
135600	0.3711876271876272
135700	0.3750508750508751
135800	0.3743368945868945
135900	0.3755705128205129
136000	0.3726517094017094
136100	0.38358475783475793
136200	0.3673333333333333
136300	0.37937179487179484
136400	0.37711467236467244
136500	0.37893126780626785
136600	0.38580336792836795
136700	0.37495721408221405
136800	0.37191452991452983
136900	0.37771153846153843
137000	0.36429451566951565
137100	0.3800719478478099
137200	0.37669201296787513
137300	0.3699394586894587
137400	0.3664419515669516
137500	0.3779102564102564
137600	0.38623188848188855
137700	0.38114804639804645
137800	0.3691599002849003
137900	0.3712179487179487
138000	0.37191137566137566
138100	0.38411975986976
138200	0.382960113960114
138300	0.3738482905982907
138400	0.37889743589743585
138500	0.374701566951567
138600	0.36951363451363445
138700	0.3636277981277981
138800	0.3931883394383394
138900	0.37962393162393165
139000	0.37893915343915335
139100	0.38429354904354895
139200	0.3751531339031339
139300	0.3704907407407408
139400	0.3867621436534481
139500	0.36456695156695157
139600	0.368547212047212
139700	0.37534472934472934
139800	0.3784728327228327
139900	0.36819876882376884
140000	0.36968905168905175
140100	0.372002849002849
140200	0.38075707163207173
140300	0.37512423687423696
140400	0.3860325091575091
140500	0.37591025641025644
140600	0.38985653235653234
140700	0.38386258648758653
140800	0.3662570733863838
140900	0.3755856665684251
141000	0.3731370573870573
141100	0.3707998575498575
141200	0.37927350427350437
141300	0.39111538461538464
141400	0.38513125763125755
141500	0.3804149877899878
141600	0.3803967236467237
141700	0.37392801180301183
141800	0.3655944240944241
141900	0.36892373829873837
142000	0.37828952991452985
142100	0.3781160968660969
142200	0.35490811965811964
142300	0.37432326007326017
142400	0.37148188848188846
142500	0.3767440476190476
142600	0.36759544159544155
142700	0.3756125356125356
142800	0.3909900284900286
142900	0.38520248270248275
143000	0.3827400284900285
143100	0.37787138787138785
143200	0.3759889092389093
143300	0.3615819088319088
143400	0.3739899267399267
143500	0.3783613898179116
143600	0.3784754782254783
143700	0.3793443732193732
143800	0.36485805860805864
143900	0.3739045584045584
144000	0.3848710826210827
144100	0.3839757834757835
144200	0.3782564102564102
144300	0.3806267806267806
144400	0.3735597799390903
144500	0.3731428571428571
144600	0.3746253561253561
144700	0.3772964489214489
144800	0.37446794871794864
144900	0.37551383801383803
145000	0.38248896011396016
145100	0.3681149776149777
145200	0.3703746438746439
145300	0.37484045584045583
145400	0.37363675213675224
145500	0.3799532967032967
145600	0.38658155270655276
145700	0.37683511396011404
145800	0.37369841269841275
145900	0.37517902930402924
146000	0.37578388278388275
146100	0.37704671382257593
146200	0.3774018111518112
146300	0.3780584045584046
146400	0.3783198005698006
146500	0.3813131868131868
146600	0.3866328347578348
146700	0.3778635885048929
146800	0.3708286528286528
146900	0.368306913698218
147000	0.36655881155881154
147100	0.37780027507613706
147200	0.3825244200244201
147300	0.3808787138787139
147400	0.3688625356125357
147500	0.3799171754171755
147600	0.3791876780626781
147700	0.3859786324786325
147800	0.3798514448514449
147900	0.3681471306471306
148000	0.3859444444444444
148100	0.37159830112416325
148200	0.37268640618640614
148300	0.37343040293040286
148400	0.38209462759462764
148500	0.38140455840455845
148600	0.37667297517297516
148700	0.3844230769230769
148800	0.380328601953602
148900	0.3695049857549858
149000	0.37374745624745626
149100	0.3748465608465609
149200	0.3791171143671145
149300	0.37653286528286534
149400	0.373405575905576
149500	0.37863675213675213
149600	0.36803276353276354
149700	0.3856146723646724
149800	0.37573539886039886
149900	0.37488176638176635
150000	0.37205128205128213
150100	0.37989713064713065
150200	0.3752008547008546
150300	0.3704017094017094
150400	0.3685242165242165
150500	0.3801858974358974
150600	0.3716516585266586
150700	0.38345716320716333
150800	0.3778831908831909
150900	0.3700441595441596
151000	0.38176109076109077
151100	0.37937037037037036
151200	0.3603511396011396
151300	0.37672863247863264
151400	0.3800067155067155
151500	0.3838707773707775
151600	0.36809650997151
151700	0.3781937321937322
151800	0.3821004273504273
151900	0.37436039886039885
152000	0.37239245014245015
152100	0.3757613960113961
152200	0.37960449735449736
152300	0.37153276353276354
152400	0.38157590557590554
152500	0.37693549043549046
152600	0.3804325396825396
152700	0.38115415140415143
152800	0.38160826210826204
152900	0.3756061253561253
153000	0.3692924297924298
153100	0.3775391737891739
153200	0.38607020757020766
153300	0.37916188441188436
153400	0.3798853276353276
153500	0.3722218152218153
153600	0.37740562678062683
153700	0.36835113960113963
153800	0.3600882173382173
153900	0.36424341004101124
154000	0.37805911680911686
154100	0.3690603378103379
154200	0.37913822308931
154300	0.3752457264957265
154400	0.384031339031339
154500	0.37414672364672363
154600	0.3712567155067156
154700	0.37378266178266173
154800	0.38515242165242164
154900	0.3857384004884005
155000	0.37182794057794055
155100	0.37415959503459495
155200	0.37797150997151
155300	0.37230901505901504
155400	0.37720268620268615
155500	0.37120166870166876
155600	0.37502029914529916
155700	0.3778645706145706
155800	0.3746078551078551
155900	0.36887388074888067
156000	0.3751780118030118
156100	0.37265700040700045
156200	0.3722517297517297
156300	0.3736898656898657
156400	0.3671495726495727
156500	0.3818098290598292
156600	0.37598521465762846
156700	0.3730839947089947
156800	0.38670441595441585
156900	0.37604660154660147
157000	0.37210816035816036
157100	0.37716524216524216
157200	0.3700625763125763
157300	0.3752172364672365
157400	0.3853269230769231
157500	0.3691524216524217
157600	0.3709138176638177
157700	0.3746168091168092
157800	0.3807108262108263
157900	0.38510078347578347
158000	0.3872564102564103
158100	0.3781936304436305
158200	0.3758208180708181
158300	0.3717115384615385
158400	0.379627085877086
158500	0.3900160256410257
158600	0.38320655270655274
158700	0.3724098494098494
158800	0.38187713675213686
158900	0.37558653846153855
159000	0.37191447903947916
159100	0.3778279914529915
159200	0.3631467236467236
159300	0.3795815018315019
159400	0.3749283170533171
159500	0.3773557692307693
159600	0.38150279812779814
159700	0.3757888176638177
159800	0.36658679283679285
159900	0.3724846866096866
160000	0.3812464387464388
160100	0.37082768620268614
160200	0.3783378103378103
160300	0.37192338217338217
160400	0.37767104192104195
160500	0.3681790801790802
160600	0.3755078856328856
160700	0.37355555555555553
160800	0.37607799145299153
160900	0.38469312169312175
161000	0.36910775335775337
161100	0.3695258445258445
161200	0.3781666666666667
161300	0.3730220797720798
161400	0.3712452686202686
161500	0.371337912087912
161600	0.38669368131868137
161700	0.3793561253561254
161800	0.3715154660154661
161900	0.37547222222222226
162000	0.37642480667480666
162100	0.3742275641025641
162200	0.3767107244607245
162300	0.3757312885071506
162400	0.37173789173789173
162500	0.3766284086284086
162600	0.3892233414733415
162700	0.3795188746438747
162800	0.36436823361823373
162900	0.3672378917378917
163000	0.39165964590964597
163100	0.38244703907203903
163200	0.3801371082621082
163300	0.3832830687830688
163400	0.37094215506715505
163500	0.38358760683760684
163600	0.38407641432641443
163700	0.37401032763532766
163800	0.3757317358567359
163900	0.3768038258038258
164000	0.3597492877492877
164100	0.3790626780626781
164200	0.37277564102564104
164300	0.3730224867724868
164400	0.37200854700854696
164500	0.38010398860398864
164600	0.37075997150997153
164700	0.3870006105006104
164800	0.3866015466015468
164900	0.37308363858363863
165000	0.3709732397232397
165100	0.38169698819698816
165200	0.3775843508343509
165300	0.38059218559218555
165400	0.37535175010175015
165500	0.39144871794871794
165600	0.36653525641025636
165700	0.3807378917378917
165800	0.3653917378917379
165900	0.38429467882054097
166000	0.382051689051689
166100	0.3811760276760277
166200	0.3969354904354904
166300	0.38391249491249496
166400	0.3732058404558405
166500	0.3741455026455026
166600	0.3790839947089948
166700	0.3737293447293448
166800	0.3724575702075702
166900	0.37790862840862827
167000	0.36182763532763523
167100	0.38015471102971093
167200	0.38164942002442004
167300	0.3757735042735043
167400	0.38615064102564106
167500	0.3811239316239316
167600	0.3788603988603988
167700	0.3719914529914531
167800	0.3907332621082621
167900	0.37494159544159544
168000	0.38152971102971106
168100	0.3627288868538868
168200	0.3751403133903134
168300	0.36744871794871803
168400	0.3733928571428572
168500	0.37588308913308915
168600	0.36911141636141637
168700	0.39057666870166874
168800	0.3796527777777778
168900	0.37542450142450146
169000	0.37692328042328044
169100	0.37951714489214494
169200	0.36991264753764763
169300	0.3721410256410257
169400	0.3812428266178266
169500	0.36182193732193724
169600	0.3865728021978022
169700	0.3641374643874644
169800	0.3770149572649573
169900	0.37134544159544164
170000	0.3769401709401709
170100	0.36757824582824594
170200	0.3826491656491656
170300	0.37468518518518523
170400	0.3697656695156695
170500	0.3791407712657713
170600	0.3811186914936915
170700	0.37734971509971504
170800	0.3744448005698005
170900	0.37149665277251487
171000	0.36873789173789173
171100	0.3718137973137974
171200	0.37800096662596655
171300	0.3797568172568172
171400	0.3831153337403338
171500	0.3649216524216524
171600	0.3652132682132682
171700	0.37332631257631266
171800	0.37577207977207977
171900	0.3740242165242166
172000	0.38496509971509973
172100	0.36840730565730573
172200	0.38908368945868954
172300	0.37795889295889296
172400	0.3847362637362637
172500	0.3804885531135532
172600	0.37746672771672773
172700	0.37380484330484326
172800	0.3713044871794873
172900	0.3802599715099716
173000	0.3730637973137974
173100	0.3786314611314612
173200	0.36777248677248686
173300	0.3752421652421653
173400	0.38066702279202286
173500	0.39388639601139613
173600	0.3753549043549044
173700	0.3873694037444038
173800	0.36909864672364673
173900	0.3749337606837607
174000	0.3556739926739927
174100	0.3711023606023606
174200	0.3754978632478633
174300	0.379241452991453
174400	0.37617531542531546
174500	0.3744836884061022
174600	0.3880954415954417
174700	0.3729558509817131
174800	0.3836696174196174
174900	0.3769455636955637
175000	0.38795263532763535
175100	0.3652089947089947
175200	0.37968447293447294
175300	0.3813532763532763
175400	0.3780749898249899
175500	0.3737606837606837
175600	0.37598534798534794
175700	0.3801716524216524
175800	0.3660006385696041
175900	0.37826455026455025
176000	0.3784188034188034
176100	0.3699111721611722
176200	0.37790455840455844
176300	0.3654357956857956
176400	0.37162637362637363
176500	0.3744039987789989
176600	0.3586716524216524
176700	0.37432051282051276
176800	0.3750045050734706
176900	0.38094159544159545
177000	0.38009116809116816
177100	0.3851837606837608
177200	0.3775042735042734
177300	0.3830883190883192
177400	0.3785088873450943
177500	0.37443467643467643
177600	0.37993233618233624
177700	0.38358831908831914
177800	0.36278337403337396
177900	0.380945868945869
178000	0.3681064306064306
178100	0.3830428367928368
178200	0.3743036416010554
178300	0.3753344525844525
178400	0.37763034188034195
178500	0.3768926536426537
178600	0.3703072853072854
178700	0.3673924501424501
178800	0.3929180911680912
178900	0.37626739926739927
179000	0.3860659340659341
179100	0.3872991961741961
179200	0.3764415954415955
179300	0.37997466422466425
179400	0.37268518518518523
179500	0.3866318172568172
179600	0.36837026862026867
179700	0.37318935693935695
179800	0.355703551078551
179900	0.37626546601546607
180000	0.37636935286935297
180100	0.3838158831908832
180200	0.3704188034188034
180300	0.3788857451616073
180400	0.3758632478632478
180500	0.3758019943019943
180600	0.37589636752136757
180700	0.38414779202279203
180800	0.3765466015466016
180900	0.3690242165242165
181000	0.36442684167684164
181100	0.3711100936100936
181200	0.3801069393569393
181300	0.37363995726495736
181400	0.3770911680911681
181500	0.37041737891737886
181600	0.3843009259259259
181700	0.372010989010989
181800	0.37151724221832916
181900	0.3758410663410663
182000	0.38267735042735046
182100	0.37994123931623924
182200	0.3755693935693937
182300	0.37044182701079253
182400	0.38118752543752554
182500	0.37913919413919417
182600	0.38216239316239314
182700	0.3742208994708994
182800	0.3872806267806268
182900	0.36489316239316244
183000	0.3764098494098494
183100	0.37217785917785917
183200	0.37644515669515666
183300	0.36651844483741036
183400	0.38254273504273495
183500	0.3757303622303622
183600	0.3779814814814816
183700	0.3777333129833131
183800	0.3889366096866097
183900	0.372341168091168
184000	0.36876709401709407
184100	0.38085327635327637
184200	0.3773999287749288
184300	0.3811324786324787
184400	0.37671723646723654
184500	0.3626659544159544
184600	0.3673835978835979
184700	0.3862204924704925
184800	0.37820329670329667
184900	0.3777457264957264
185000	0.3636146723646723
185100	0.3662029914529915
185200	0.3756463675213676
185300	0.3796240333740334
185400	0.37794159544159545
185500	0.3693461538461539
185600	0.37575295075295073
185700	0.3677310744810745
185800	0.3780511803011803
185900	0.3752111823361824
186000	0.3796260683760684
186100	0.36396642246642247
186200	0.3871538461538461
186300	0.37472013634513646
186400	0.3806182336182337
186500	0.3662106227106227
186600	0.37275676638176647
186700	0.3665832315832315
186800	0.37791595441595444
186900	0.3850940170940172
187000	0.3696781328505466
187100	0.3746438746438747
187200	0.37439886039886033
187300	0.384996794871795
187400	0.37876144246252935
187500	0.3783618233618234
187600	0.3635576923076923
187700	0.37202564102564095
187800	0.3737136752136753
187900	0.3752296499796499
188000	0.37757936507936507
188100	0.38133353683353677
188200	0.3848998778998779
188300	0.370838319088319
188400	0.3825242165242166
188500	0.3746381766381766
188600	0.3785209605209606
188700	0.3636473341473342
188800	0.36974175824175826
188900	0.37416351241351237
189000	0.36890135327635326
189100	0.37834259259259256
189200	0.3696545584045584
189300	0.3687358567358567
189400	0.3787685185185185
189500	0.3854914021164021
189600	0.3825388176638177
189700	0.39039850427350437
189800	0.3813422364672364
189900	0.3863091676841678
190000	0.3767494912494913
190100	0.37040598290598287
190200	0.37329487179487175
190300	0.3757208994708995
190400	0.3821591371591372
190500	0.37178240740740737
190600	0.37861965811965814
190700	0.379744301994302
190800	0.3755006105006105
190900	0.3779960826210826
191000	0.37369230769230766
191100	0.3734990842490843
191200	0.3674073056573056
191300	0.3814924704924706
191400	0.37463354700854695
191500	0.38628088115588116
191600	0.3797749287749288
191700	0.37680077330077333
191800	0.37328867831041745
191900	0.3743502238502239
192000	0.38056160968660974
192100	0.37916798941798946
192200	0.3757001424501425
192300	0.38137321937321944
192400	0.3711566951566952
192500	0.37912891737891746
192600	0.3848778998778999
192700	0.3750892857142857
192800	0.37894434269434274
192900	0.3797039598332702
193000	0.3792991452991453
193100	0.3760208271932409
193200	0.3818034188034189
193300	0.3662804232804233
193400	0.3767027897071001
193500	0.37910113960113967
193600	0.3806317663817664
193700	0.3829501424501426
193800	0.383144943019943
193900	0.3619173789173789
194000	0.37695736670736674
194100	0.38661090318699015
194200	0.37524613349613356
194300	0.37330504680504684
194400	0.38276139601139614
194500	0.38285002035002036
194600	0.38207834757834763
194700	0.37773371998371996
194800	0.3840687321937322
194900	0.3907065527065528
195000	0.3774827024827025
195100	0.39070787545787555
195200	0.3810295706847431
195300	0.3767339743589744
195400	0.3780484330484331
195500	0.37467094017094027
195600	0.37549999999999994
195700	0.3827822477650064
195800	0.37119698819698815
195900	0.3726631054131054
196000	0.3714516687016687
196100	0.37089138176638176
196200	0.38574267399267403
196300	0.3794678469678471
196400	0.38554522792022794
196500	0.38586365486365487
196600	0.3705070207570208
196700	0.38534615384615384
196800	0.3832639397639397
196900	0.3852791005291006
197000	0.3795384615384615
197100	0.38336029009304873
197200	0.3779266381766381
197300	0.3711296296296296
197400	0.3898368945868946
197500	0.3605625763125763
197600	0.371741452991453
197700	0.3672407407407407
197800	0.3871621896621897
197900	0.38469373219373226
198000	0.37072680097680105
198100	0.38608765771265774
198200	0.382776505901506
198300	0.37627492877492885
198400	0.37747903947903955
198500	0.37992165242165254
198600	0.38733547008547003
198700	0.3850327635327636
198800	0.3703034188034188
198900	0.3699814814814815
199000	0.3657314814814815
199100	0.3820670533170534
199200	0.37402343059239607
199300	0.3760014245014245
199400	0.3721532865282865
199500	0.37430179080179077
199600	0.37420370370370376
199700	0.379795991045991
199800	0.3749217541717542
199900	0.36828077940577936
200000	0.37398249898249897
200100	0.38424816849816856
200200	0.3751296296296297
200300	0.36291737891737885
200400	0.38969871794871797
200500	0.38424643874643877
200600	0.3875199430199431
200700	0.38077304639804643
200800	0.3781381766381766
200900	0.37598539886039883
201000	0.37930128205128205
201100	0.3785840455840457
201200	0.37002991452991457
201300	0.3702777777777778
201400	0.3859191595441596
201500	0.37190740740740746
201600	0.3814065863893451
201700	0.3694016076516077
201800	0.3792850020350021
201900	0.3708563288563288
202000	0.36711858974358974
202100	0.38283641390537937
202200	0.3735741354749976
202300	0.37436752136752144
202400	0.3696688034188034
202500	0.37286894586894587
202600	0.3836667684167685
202700	0.3824122914122915
202800	0.3783562271062271
202900	0.39435693935693944
203000	0.37538405575905587
203100	0.3766638176638176
203200	0.37948000610500615
203300	0.38611324786324785
203400	0.3786976340889385
203500	0.37071403133903136
203600	0.3764159544159545
203700	0.36561823361823365
203800	0.36513929588929595
203900	0.3825862840862841
204000	0.3743403540903541
204100	0.3734309116809117
204200	0.3785630850630851
204300	0.3774501424501424
204400	0.3805551839464883
204500	0.3791508954008954
204600	0.37328347578347576
204700	0.3683750508750509
204800	0.3733868538868539
204900	0.37362891737891746
205000	0.37281801994301994
205100	0.36623499185999187
205200	0.3713242775742775
205300	0.3787025844525844
205400	0.3716328347578347
205500	0.3865519943019943
205600	0.3750327635327635
205700	0.37237382987382983
205800	0.3859875864875865
205900	0.3836320716320715
206000	0.3750771265771266
206100	0.3774447496947498
206200	0.37564245014245023
206300	0.36829802604802603
206400	0.3771809116809116
206500	0.3845589834813973
206600	0.372683058958921
206700	0.3678618233618235
206800	0.37094144281644287
206900	0.38023575498575496
207000	0.3718154253154254
207100	0.3816752136752136
207200	0.38242562067562075
207300	0.38105209605209606
207400	0.38292913105413107
207500	0.3797607346357347
207600	0.37211111111111117
207700	0.36951745014245013
207800	0.3776638685388686
207900	0.3686410256410257
208000	0.3807195697023283
208100	0.36830484330484337
208200	0.3714084249084249
208300	0.37026963776963784
208400	0.37206481481481485
208500	0.37371545584045585
208600	0.3803514448514449
208700	0.37361004273504284
208800	0.37006033781033776
208900	0.38135062383338253
209000	0.37940649165649165
209100	0.37863431013431026
209200	0.3835384615384615
209300	0.3744615384615384
209400	0.37757448107448116
209500	0.3702534086284087
209600	0.3739380341880343
209700	0.3737492877492877
209800	0.372142094017094
209900	0.3721965811965811
210000	0.37130519943019935
210100	0.377994301994302
210200	0.3749964387464388
210300	0.3803583638583639
210400	0.37604853479853484
210500	0.38760398860398865
210600	0.380693833943834
210700	0.37508689458689465
210800	0.3634660154660155
210900	0.36817663817663815
211000	0.37356939356939356
211100	0.3883955535205536
211200	0.3701524216524216
211300	0.37004985754985753
211400	0.36677813390313385
211500	0.38280514855514863
211600	0.3830132783882785
211700	0.37283007733007734
211800	0.3763648758648758
211900	0.38185714285714295
212000	0.3717954507178646
212100	0.3632293447293447
212200	0.3847018722018722
212300	0.3834928774928775
212400	0.37743518518518526
212500	0.3769376780626782
212600	0.3666121286121286
212700	0.3752346357346357
212800	0.38125564713064714
212900	0.3755969678469679
213000	0.38115590922487474
213100	0.36912489824989825
213200	0.3723062678062678
213300	0.38481613756613764
213400	0.37416244579175606
213500	0.3826021571021571
213600	0.37767307692307706
213700	0.37022863247863247
213800	0.38005870980870987
213900	0.3681658526658526
214000	0.3788390313390314
214100	0.3791494708994709
214200	0.3694757834757836
214300	0.38977207977207984
214400	0.370283781033781
214500	0.3710105820105821
214600	0.38112250712250717
214700	0.3796153846153846
214800	0.3645362230362231
214900	0.3872728937728938
215000	0.3822172364672365
215100	0.3876602564102564
215200	0.3756314611314612
215300	0.3861334961334962
215400	0.37404914529914535
215500	0.3777599715099716
215600	0.38036609686609685
215700	0.3759896723646724
215800	0.3731125356125356
215900	0.3708671143671144
216000	0.3752357549857549
216100	0.37195054945054945
216200	0.37662739112739124
216300	0.37433632794408667
216400	0.372099308099308
216500	0.37796255596255596
216600	0.36960561660561664
216700	0.3750626780626781
216800	0.38363212250712253
216900	0.38836752136752134
217000	0.3724765974765975
217100	0.38916198616198616
217200	0.37288319088319083
217300	0.3735188237688238
217400	0.37931863044363046
217500	0.37303418803418803
217600	0.3828907203907205
217700	0.3764156491656491
217800	0.36586039886039884
217900	0.38262464387464384
218000	0.37868070818070815
218100	0.3809957264957265
218200	0.37034757834757825
218300	0.3736963776963777
218400	0.37421031746031747
218500	0.3796405677655678
218600	0.37025079294906876
218700	0.38264509564509563
218800	0.37695767195767194
218900	0.3717874545633166
219000	0.3803429487179487
219100	0.37900427350427357
219200	0.38579838217338214
219300	0.37904273504273506
219400	0.3853190883190883
219500	0.3664229751729752
219600	0.3735676638176638
219700	0.3724395604395604
219800	0.38022578347578356
219900	0.3816997880790985
220000	0.37289957264957263
220100	0.37219693732193737
220200	0.3751439255189255
220300	0.3771680911680912
220400	0.3792021774521775
220500	0.3784686609686609
220600	0.3746261701261701
220700	0.37453072853072844
220800	0.371988196988197
220900	0.3748058625601729
221000	0.38286360398860403
221100	0.3701927655677656
221200	0.3746434676434677
221300	0.39130382580382583
221400	0.36991666666666667
221500	0.3782934472934473
221600	0.3860523504273504
221700	0.37713675213675213
221800	0.3696269841269841
221900	0.37174918599918605
222000	0.3748019943019943
222100	0.3786827431827432
222200	0.38288074888074897
222300	0.3676693630443631
222400	0.3990545380545381
222500	0.37371113146113144
222600	0.3707977207977208
222700	0.3778148148148149
222800	0.3750836912130015
222900	0.38505168905168907
223000	0.3597412494912495
223100	0.3732977207977207
223200	0.3794099002849003
223300	0.38053703703703706
223400	0.3696951566951567
223500	0.3646446886446887
223600	0.3805544363044363
223700	0.37538095238095237
223800	0.39212667887667896
223900	0.35997293447293444
224000	0.37245009157509157
224100	0.37170370370370376
224200	0.3795919820919821
224300	0.3826749084249085
224400	0.38063710826210834
224500	0.3728571428571429
224600	0.37988461538461543
224700	0.3852493894993895
224800	0.38498717948717953
224900	0.3839722730972731
225000	0.3823158323158323
225100	0.3790274725274725
225200	0.37958938746438753
225300	0.3656135811825468
225400	0.37023931623931616
225500	0.386982905982906
225600	0.3830042735042736
225700	0.37931908831908834
225800	0.3760725986975987
225900	0.38028347578347577
226000	0.37797334147334155
226100	0.3745545380545381
226200	0.3828145095645096
226300	0.3751475376475376
226400	0.3742849002849003
226500	0.3941595441595442
226600	0.3758497150997152
226700	0.37547924297924296
226800	0.3840142450142451
226900	0.3847530016280017
227000	0.3767099104599105
227100	0.38595441595441604
227200	0.3834504669978809
227300	0.3813371998371999
227400	0.3817360093610094
227500	0.3707863247863248
227600	0.38841844729344727
227700	0.3800848595848596
227800	0.3787321937321938
227900	0.37538624338624343
228000	0.3802339234839236
228100	0.37465740740740744
228200	0.38497893772893776
228300	0.3610270655270655
228400	0.3725994098494099
228500	0.3748133903133902
228600	0.3740469576719577
228700	0.3750559625559625
228800	0.38153581603581604
228900	0.3739073410486454
229000	0.37250671550671544
229100	0.3745978835978837
229200	0.36603596866096855
229300	0.38097364672364675
229400	0.37749643874643873
229500	0.38169373219373226
229600	0.37839351851851866
229700	0.37224643874643865
229800	0.3778342490842491
229900	0.3793195970695971
230000	0.3762169312169312
230100	0.37429487179487186
230200	0.3828119658119658
230300	0.36993009768009766
230400	0.37149074074074073
230500	0.37140638990638986
230600	0.3791930199430199
230700	0.376052411828274
230800	0.3735982905982906
230900	0.37455667480667476
231000	0.380513888888889
231100	0.3647866809116809
231200	0.3682378917378918
231300	0.3815864875864876
231400	0.3740121082621083
231500	0.37990221815221825
231600	0.3723967236467237
231700	0.37174063899063897
231800	0.37762148962148956
231900	0.36897542735042727
232000	0.37008872608872606
232100	0.37916798941798946
232200	0.3841299857549857
232300	0.38750712250712244
232400	0.37348717948717947
232500	0.3838566341066341
232600	0.3695442612942613
232700	0.37126414326414325
232800	0.38581766381766386
232900	0.36612382987382985
233000	0.3689291819291819
233100	0.36747262922262924
233200	0.3654286223036222
233300	0.3589065425315425
233400	0.3807122507122507
233500	0.38178133903133904
233600	0.3774655067155067
233700	0.37189814814814814
233800	0.36177849002849005
233900	0.3754544159544159
234000	0.37667368742368745
234100	0.3632185592185592
234200	0.3786166056166057
234300	0.3758939763939764
234400	0.3657649572649572
234500	0.37508160358160364
234600	0.3674297924297924
234700	0.36236507936507933
234800	0.3754775641025641
234900	0.384991452991453
235000	0.37658190883190884
235100	0.39167623117623124
235200	0.3835471102971103
235300	0.3784455128205128
235400	0.3755451770451771
235500	0.3787534595034595
235600	0.3846396011396011
235700	0.37333689458689456
235800	0.38281356223597607
235900	0.36242948717948714
236000	0.37849399674399675
236100	0.36975747863247854
236200	0.3780466524216525
236300	0.3686695156695156
236400	0.38145762108262116
236500	0.38151984126984134
236600	0.38556481481481486
236700	0.3742132682132683
236800	0.37690252340252334
236900	0.36553408628408623
237000	0.38257417582417585
237100	0.37506410256410255
237200	0.3768014855514855
237300	0.3745770248270249
237400	0.38119800569800566
237500	0.3761734330484331
237600	0.38109045584045587
237700	0.3764965404965405
237800	0.38221082621082614
237900	0.37844078144078147
238000	0.37751709401709405
238100	0.37820797720797716
238200	0.3714900284900285
238300	0.37894576719576717
238400	0.38242897842897844
238500	0.37953744403744405
238600	0.37433506308506315
238700	0.37775925925925924
238800	0.3822396214896215
238900	0.37646901709401714
239000	0.37497970085470084
239100	0.39186497761497774
239200	0.3708776963776964
239300	0.3785470085470086
239400	0.3820113960113959
239500	0.36385185185185176
239600	0.37312962962962953
239700	0.3779577737077737
239800	0.36772100122100115
239900	0.3696213878713879
240000	0.37455301180301187
240100	0.3787913105413105
240200	0.3702222222222222
240300	0.38877777777777783
240400	0.373744301994302
240500	0.36844149369149365
240600	0.38413853276353277
240700	0.371559015059015
240800	0.3662172364672365
240900	0.3687891737891738
241000	0.3734671347171347
241100	0.38117714250322954
241200	0.3865357142857143
241300	0.3678785103785104
241400	0.3835626780626781
241500	0.3787150997150997
241600	0.3781374643874643
241700	0.3738909238909239
241800	0.3806951566951567
241900	0.3698913817663818
242000	0.3729346764346763
242100	0.3679690679690679
242200	0.38166422466422467
242300	0.38491758241758245
242400	0.3826250000000001
242500	0.3724066907327777
242600	0.3786908831908832
242700	0.38379885057471275
242800	0.38367948717948724
242900	0.37351699226699225
243000	0.37283333333333335
243100	0.37230301180301184
243200	0.3792795584045584
243300	0.3844102564102564
243400	0.3737674501424503
243500	0.37502991452991447
243600	0.36924048636548634
243700	0.39220350020350025
243800	0.38585612535612535
243900	0.37967419617419623
244000	0.3810163817663818
244100	0.3822521367521368
244200	0.3688429487179487
244300	0.3720099715099715
244400	0.37671367521367516
244500	0.37212810337810337
244600	0.3786126373626374
244700	0.38578203579834014
244800	0.37790206552706557
244900	0.380022792022792
245000	0.370695868945869
245100	0.37940750915750915
245200	0.36868506795137235
245300	0.38245980870980867
245400	0.3753053520553521
245500	0.38232961945461946
245600	0.38311965811965815
245700	0.3639260276760276
245800	0.37039662189662187
245900	0.3702596662596663
246000	0.37724979649979656
246100	0.36952843915343914
246200	0.3682930756843801
246300	0.36389707977207963
246400	0.38437393162393174
246500	0.37355642043142034
246600	0.37634900284900297
246700	0.379934472934473
246800	0.3772521367521368
246900	0.3742343304843305
247000	0.38650284900284904
247100	0.37497435897435905
247200	0.37391025641025644
247300	0.37139316239316245
247400	0.36981155881155886
247500	0.3803913308913309
247600	0.3805866910866912
247700	0.3720757529507529
247800	0.37402757427757427
247900	0.3781937321937322
248000	0.3759441391941392
248100	0.3800428367928368
248200	0.369831326400292
248300	0.37146866096866094
248400	0.37521072446072445
248500	0.38889428164428175
248600	0.3719672364672365
248700	0.3826709401709402
248800	0.3835142450142451
248900	0.37546372608872614
249000	0.37535175010175004
249100	0.3761609686609687
249200	0.3743625356125357
249300	0.3745958485958486
249400	0.37884615384615394
249500	0.37158943833943836
249600	0.37024715099715094
249700	0.3729036426536426
249800	0.3725889295889296
249900	0.37988247863247865
