#MCS	AdhesionEnergy
0	23062.0
10	25418.0
20	25753.0
30	25295.0
40	25399.0
50	25237.0
60	25182.0
70	24860.0
80	25295.0
90	25047.0
100	25246.0
110	25032.0
120	24793.0
130	25144.0
140	24835.0
150	24747.0
160	24776.0
170	24505.0
180	24704.0
190	24627.0
200	24552.0
210	24969.0
220	24927.0
230	24489.0
240	24293.0
250	24095.0
260	24221.0
270	24627.0
280	24439.0
290	24675.0
300	24444.0
310	24559.0
320	24153.0
330	24423.0
340	24396.0
350	24467.0
360	24359.0
370	24670.0
380	24309.0
390	24455.0
400	24464.0
410	24462.0
420	24866.0
430	24390.0
440	24413.0
450	24483.0
460	24484.0
470	24514.0
480	24471.0
490	24137.0
500	24480.0
510	24727.0
520	24187.0
530	24266.0
540	24154.0
550	24267.0
560	24422.0
570	24234.0
580	24169.0
590	24728.0
600	24610.0
610	24467.0
620	24680.0
630	24502.0
640	24259.0
650	24195.0
660	24718.0
670	24268.0
680	24522.0
690	24374.0
700	24543.0
710	24269.0
720	24462.0
730	24470.0
740	24159.0
750	24068.0
760	24350.0
770	24270.0
780	24286.0
790	24679.0
800	24396.0
810	24512.0
820	24536.0
830	24526.0
840	24572.0
850	24197.0
860	24382.0
870	24401.0
880	24351.0
890	24391.0
900	24164.0
910	24355.0
920	24376.0
930	24269.0
940	24077.0
950	24249.0
960	24363.0
970	24361.0
980	24116.0
990	24434.0
1000	23941.0
1010	24028.0
1020	24058.0
1030	24233.0
1040	24135.0
1050	23924.0
1060	24111.0
1070	24072.0
1080	24070.0
1090	24311.0
1100	23936.0
1110	23757.0
1120	24507.0
1130	24181.0
1140	23760.0
1150	24303.0
1160	23986.0
1170	24081.0
1180	24130.0
1190	24075.0
1200	24055.0
1210	24211.0
1220	24327.0
1230	24086.0
1240	23939.0
1250	23977.0
1260	23881.0
1270	23866.0
1280	23826.0
1290	23800.0
1300	23907.0
1310	23831.0
1320	23833.0
1330	24500.0
1340	24069.0
1350	23986.0
1360	23793.0
1370	23946.0
1380	24076.0
1390	23976.0
1400	24045.0
1410	24058.0
1420	24088.0
1430	23979.0
1440	24351.0
1450	23920.0
1460	23880.0
1470	23898.0
1480	23528.0
1490	24076.0
1500	23666.0
1510	23833.0
1520	23996.0
1530	23821.0
1540	24014.0
1550	23862.0
1560	24452.0
1570	24213.0
1580	23755.0
1590	24164.0
1600	24085.0
1610	24039.0
1620	23983.0
1630	24169.0
1640	24151.0
1650	23738.0
1660	23675.0
1670	23991.0
1680	23863.0
1690	23655.0
1700	23897.0
1710	23934.0
1720	23946.0
1730	23733.0
1740	23747.0
1750	24117.0
1760	23962.0
1770	24206.0
1780	24005.0
1790	24089.0
1800	23979.0
1810	23815.0
1820	23870.0
1830	23978.0
1840	24238.0
1850	23932.0
1860	23684.0
1870	23604.0
1880	23937.0
1890	23893.0
1900	23799.0
1910	23554.0
1920	23715.0
1930	23875.0
1940	23999.0
1950	23826.0
1960	24068.0
1970	23600.0
1980	23777.0
1990	24184.0
2000	23720.0
2010	23947.0
2020	23770.0
2030	23878.0
2040	23996.0
2050	24010.0
2060	24009.0
2070	23807.0
2080	24072.0
2090	24187.0
2100	23974.0
2110	24174.0
2120	23740.0
2130	23734.0
2140	24205.0
2150	23788.0
2160	23858.0
2170	24016.0
2180	23621.0
2190	24098.0
2200	24132.0
2210	24121.0
2220	23820.0
2230	23930.0
2240	23453.0
2250	23830.0
2260	24010.0
2270	23593.0
2280	23884.0
2290	24142.0
2300	23921.0
2310	23758.0
2320	23869.0
2330	23917.0
2340	23908.0
2350	23539.0
2360	24033.0
2370	23978.0
2380	23891.0
2390	23976.0
2400	23602.0
2410	24172.0
2420	24292.0
2430	23903.0
2440	23891.0
2450	23895.0
2460	23794.0
2470	23931.0
2480	23890.0
2490	23671.0
2500	23781.0
2510	23916.0
2520	23909.0
2530	23998.0
2540	23746.0
2550	23894.0
2560	23862.0
2570	24037.0
2580	23791.0
2590	24004.0
2600	24166.0
2610	24230.0
2620	23972.0
2630	24177.0
2640	23803.0
2650	23830.0
2660	23808.0
2670	23891.0
2680	23783.0
2690	23642.0
2700	23637.0
2710	23714.0
2720	23450.0
2730	23686.0
2740	23654.0
2750	23774.0
2760	23721.0
2770	23993.0
2780	23728.0
2790	23974.0
2800	23738.0
2810	23921.0
2820	23430.0
2830	23702.0
2840	23746.0
2850	23526.0
2860	23424.0
2870	23642.0
2880	23418.0
2890	23639.0
2900	23464.0
2910	23811.0
2920	23732.0
2930	23602.0
2940	23852.0
2950	23702.0
2960	23516.0
2970	23501.0
2980	23580.0
2990	23691.0
3000	23865.0
3010	23607.0
3020	23724.0
3030	23637.0
3040	23467.0
3050	23754.0
3060	23567.0
3070	23709.0
3080	23553.0
3090	23888.0
3100	23559.0
3110	23673.0
3120	23752.0
3130	23702.0
3140	23585.0
3150	23535.0
3160	23529.0
3170	23739.0
3180	23712.0
3190	23512.0
3200	23518.0
3210	23460.0
3220	23441.0
3230	23419.0
3240	23706.0
3250	23612.0
3260	23521.0
3270	23496.0
3280	23728.0
3290	23690.0
3300	23468.0
3310	23715.0
3320	23489.0
3330	23410.0
3340	23617.0
3350	23530.0
3360	23435.0
3370	23348.0
3380	23646.0
3390	23212.0
3400	23627.0
3410	23787.0
3420	23523.0
3430	23774.0
3440	23571.0
3450	23363.0
3460	23348.0
3470	23829.0
3480	23743.0
3490	23401.0
3500	23565.0
3510	23426.0
3520	23729.0
3530	23462.0
3540	23255.0
3550	23418.0
3560	23404.0
3570	23421.0
3580	23411.0
3590	23401.0
3600	23116.0
3610	23670.0
3620	23511.0
3630	23539.0
3640	23644.0
3650	23645.0
3660	23413.0
3670	23537.0
3680	23498.0
3690	23129.0
3700	23578.0
3710	23650.0
3720	23674.0
3730	23589.0
3740	23609.0
3750	23640.0
3760	23480.0
3770	23392.0
3780	23586.0
3790	23251.0
3800	23575.0
3810	23474.0
3820	23380.0
3830	23619.0
3840	23684.0
3850	23460.0
3860	23422.0
3870	23468.0
3880	23507.0
3890	23499.0
3900	23532.0
3910	23573.0
3920	23431.0
3930	23677.0
3940	23464.0
3950	23631.0
3960	23508.0
3970	23649.0
3980	23852.0
3990	23329.0
4000	23451.0
4010	23609.0
4020	23185.0
4030	23462.0
4040	23813.0
4050	23269.0
4060	23733.0
4070	23313.0
4080	23502.0
4090	23188.0
4100	23327.0
4110	23247.0
4120	23083.0
4130	23399.0
4140	23256.0
4150	23385.0
4160	23293.0
4170	23736.0
4180	23377.0
4190	23343.0
4200	23689.0
4210	23215.0
4220	23469.0
4230	23769.0
4240	23379.0
4250	23511.0
4260	23129.0
4270	23608.0
4280	23502.0
4290	23795.0
4300	23238.0
4310	23345.0
4320	23107.0
4330	23539.0
4340	23615.0
4350	23280.0
4360	23259.0
4370	23426.0
4380	23394.0
4390	23283.0
4400	23354.0
4410	23378.0
4420	23373.0
4430	22937.0
4440	23338.0
4450	23187.0
4460	23423.0
4470	23377.0
4480	23125.0
4490	23005.0
4500	23119.0
4510	23656.0
4520	23664.0
4530	23502.0
4540	23299.0
4550	23865.0
4560	23426.0
4570	23419.0
4580	23464.0
4590	23349.0
4600	23537.0
4610	23448.0
4620	23210.0
4630	23309.0
4640	23003.0
4650	23220.0
4660	23428.0
4670	23373.0
4680	23341.0
4690	23555.0
4700	22951.0
4710	23502.0
4720	23505.0
4730	23774.0
4740	23629.0
4750	23370.0
4760	23566.0
4770	23420.0
4780	23850.0
4790	23667.0
4800	23100.0
4810	23655.0
4820	23442.0
4830	23389.0
4840	23166.0
4850	23243.0
4860	23222.0
4870	23534.0
4880	23263.0
4890	23426.0
4900	23373.0
4910	23334.0
4920	23175.0
4930	23215.0
4940	23123.0
4950	22836.0
4960	23275.0
4970	22954.0
4980	23107.0
4990	23135.0
5000	23262.0
5010	23368.0
5020	23213.0
5030	23210.0
5040	23545.0
5050	23335.0
5060	22991.0
5070	22907.0
5080	23149.0
5090	23225.0
5100	23178.0
5110	22995.0
5120	23476.0
5130	23239.0
5140	23368.0
5150	23538.0
5160	23014.0
5170	23313.0
5180	23038.0
5190	22991.0
5200	23085.0
5210	23350.0
5220	23352.0
5230	23208.0
5240	23488.0
5250	23176.0
5260	23071.0
5270	23226.0
5280	23014.0
5290	23196.0
5300	23062.0
5310	23211.0
5320	22886.0
5330	23204.0
5340	22874.0
5350	23019.0
5360	23250.0
5370	23170.0
5380	23246.0
5390	23282.0
5400	23409.0
5410	23155.0
5420	23326.0
5430	23260.0
5440	23214.0
5450	23378.0
5460	23234.0
5470	22981.0
5480	22960.0
5490	23154.0
5500	22669.0
5510	22982.0
5520	22995.0
5530	23123.0
5540	23492.0
5550	23440.0
5560	23224.0
5570	23172.0
5580	23258.0
5590	23226.0
5600	23118.0
5610	23168.0
5620	23420.0
5630	23226.0
5640	23134.0
5650	23244.0
5660	23300.0
5670	22910.0
5680	22988.0
5690	23038.0
5700	22806.0
5710	23140.0
5720	23080.0
5730	23192.0
5740	22848.0
5750	23114.0
5760	23434.0
5770	23496.0
5780	23230.0
5790	23376.0
5800	23300.0
5810	23502.0
5820	23526.0
5830	23194.0
5840	23208.0
5850	23186.0
5860	23110.0
5870	23302.0
5880	23470.0
5890	23524.0
5900	23278.0
5910	23160.0
5920	23446.0
5930	23292.0
5940	23294.0
5950	23152.0
5960	23280.0
5970	23068.0
5980	23230.0
5990	23143.0
6000	23059.0
6010	22952.0
6020	23033.0
6030	23356.0
6040	23740.0
6050	23300.0
6060	23406.0
6070	23251.0
6080	23410.0
6090	23472.0
6100	23265.0
6110	23308.0
6120	23205.0
6130	23178.0
6140	22802.0
6150	23124.0
6160	23259.0
6170	23260.0
6180	23212.0
6190	23441.0
6200	23412.0
6210	23253.0
6220	23165.0
6230	23457.0
6240	23144.0
6250	23513.0
6260	23266.0
6270	23212.0
6280	23400.0
6290	23158.0
6300	22820.0
6310	23325.0
6320	23086.0
6330	23215.0
6340	23397.0
6350	23341.0
6360	22979.0
6370	23287.0
6380	23210.0
6390	23220.0
6400	23382.0
6410	23215.0
6420	23616.0
6430	23232.0
6440	23380.0
6450	23096.0
6460	23361.0
6470	23216.0
6480	23178.0
6490	23202.0
6500	23348.0
6510	22965.0
6520	23276.0
6530	23278.0
6540	22972.0
6550	23469.0
6560	23092.0
6570	23084.0
6580	23022.0
6590	23244.0
6600	23386.0
6610	23164.0
6620	23035.0
6630	23193.0
6640	23041.0
6650	22974.0
6660	23306.0
6670	23032.0
6680	22869.0
6690	23261.0
6700	23041.0
6710	22970.0
6720	23240.0
6730	23016.0
6740	23058.0
6750	23052.0
6760	23398.0
6770	22994.0
6780	23052.0
6790	23211.0
6800	23268.0
6810	23435.0
6820	23158.0
6830	23288.0
6840	23126.0
6850	22768.0
6860	23034.0
6870	22757.0
6880	23025.0
6890	23392.0
6900	23273.0
6910	23221.0
6920	23444.0
6930	22980.0
6940	23067.0
6950	23214.0
6960	23057.0
6970	23030.0
6980	23128.0
6990	23208.0
7000	22924.0
7010	23162.0
7020	23062.0
7030	23140.0
7040	23015.0
7050	23433.0
7060	23026.0
7070	22902.0
7080	22912.0
7090	23302.0
7100	23166.0
7110	22872.0
7120	23082.0
7130	22869.0
7140	23214.0
7150	23274.0
7160	23166.0
7170	23004.0
7180	23322.0
7190	23278.0
7200	23146.0
7210	22922.0
7220	23284.0
7230	23424.0
7240	23322.0
7250	23242.0
7260	23050.0
7270	22886.0
7280	23352.0
7290	23114.0
7300	23268.0
7310	23364.0
7320	23250.0
7330	23144.0
7340	23208.0
7350	23031.0
7360	22792.0
7370	23218.0
7380	23140.0
7390	22928.0
7400	23204.0
7410	23108.0
7420	23108.0
7430	23178.0
7440	22814.0
7450	22910.0
7460	23184.0
7470	23346.0
7480	23382.0
7490	23408.0
7500	23186.0
7510	23190.0
7520	23066.0
7530	23012.0
7540	23090.0
7550	23358.0
7560	23302.0
7570	23454.0
7580	23112.0
7590	23182.0
7600	23030.0
7610	23214.0
7620	23148.0
7630	23434.0
7640	23400.0
7650	23424.0
7660	23012.0
7670	23014.0
7680	23074.0
7690	23454.0
7700	23250.0
7710	23032.0
7720	23342.0
7730	23288.0
7740	22986.0
7750	22970.0
7760	23220.0
7770	22666.0
7780	23140.0
7790	23266.0
7800	23194.0
7810	23138.0
7820	22984.0
7830	23136.0
7840	23118.0
7850	22850.0
7860	23112.0
7870	23016.0
7880	23256.0
7890	23164.0
7900	23098.0
7910	22820.0
7920	22876.0
7930	23022.0
7940	23036.0
7950	23068.0
7960	23398.0
7970	23302.0
7980	23238.0
7990	23254.0
8000	23296.0
8010	22848.0
8020	23262.0
8030	23126.0
8040	23482.0
8050	22928.0
8060	22992.0
8070	22916.0
8080	23064.0
8090	23250.0
8100	23102.0
8110	23214.0
8120	23008.0
8130	22998.0
8140	23018.0
8150	23034.0
8160	22756.0
8170	22986.0
8180	23238.0
8190	23196.0
8200	23155.0
8210	22724.0
8220	23216.0
8230	22684.0
8240	23456.0
8250	23562.0
8260	22942.0
8270	23234.0
8280	22892.0
8290	22878.0
8300	23112.0
8310	23350.0
8320	23240.0
8330	23460.0
8340	22838.0
8350	23278.0
8360	23270.0
8370	22882.0
8380	23132.0
8390	23058.0
8400	23292.0
8410	23258.0
8420	23356.0
8430	23060.0
8440	23128.0
8450	23138.0
8460	23048.0
8470	23022.0
8480	22850.0
8490	23022.0
8500	22936.0
8510	22924.0
8520	23038.0
8530	23456.0
8540	23470.0
8550	23292.0
8560	23070.0
8570	23188.0
8580	23158.0
8590	23474.0
8600	23320.0
8610	23206.0
8620	23110.0
8630	22778.0
8640	22802.0
8650	22864.0
8660	22880.0
8670	23282.0
8680	23216.0
8690	23052.0
8700	22936.0
8710	23180.0
8720	22960.0
8730	23200.0
8740	23118.0
8750	23064.0
8760	22996.0
8770	23034.0
8780	23036.0
8790	23276.0
8800	23200.0
8810	23104.0
8820	23186.0
8830	23344.0
8840	23530.0
8850	23434.0
8860	23556.0
8870	22984.0
8880	23122.0
8890	22994.0
8900	23312.0
8910	23250.0
8920	23106.0
8930	22918.0
8940	23176.0
8950	23054.0
8960	23190.0
8970	23006.0
8980	23058.0
8990	22882.0
9000	23212.0
9010	23054.0
9020	23390.0
9030	23034.0
9040	23076.0
9050	23468.0
9060	23328.0
9070	23218.0
9080	23212.0
9090	23156.0
9100	23200.0
9110	23366.0
9120	23086.0
9130	23242.0
9140	23158.0
9150	23240.0
9160	23270.0
9170	23240.0
9180	23080.0
9190	23344.0
9200	23092.0
9210	23354.0
9220	23214.0
9230	23220.0
9240	22948.0
9250	23236.0
9260	23370.0
9270	23426.0
9280	23390.0
9290	23014.0
9300	22978.0
9310	22868.0
9320	23026.0
9330	23122.0
9340	23244.0
9350	23014.0
9360	23228.0
9370	23256.0
9380	23330.0
9390	23218.0
9400	23076.0
9410	23208.0
9420	23146.0
9430	22954.0
9440	22964.0
9450	23018.0
9460	22894.0
9470	23114.0
9480	23120.0
9490	23066.0
9500	23154.0
9510	23156.0
9520	23380.0
9530	23222.0
9540	23202.0
9550	23022.0
9560	23300.0
9570	23144.0
9580	23034.0
9590	22994.0
9600	23132.0
9610	22930.0
9620	23234.0
9630	23026.0
9640	23234.0
9650	22930.0
9660	22998.0
9670	23142.0
9680	23140.0
9690	23170.0
9700	23382.0
9710	22980.0
9720	23008.0
9730	22992.0
9740	23114.0
9750	23064.0
9760	23040.0
9770	23100.0
9780	23116.0
9790	23146.0
9800	23158.0
9810	23008.0
9820	23590.0
9830	23178.0
9840	23788.0
9850	23420.0
9860	22948.0
9870	23126.0
9880	22862.0
9890	22824.0
9900	23216.0
9910	23310.0
9920	23296.0
9930	23122.0
9940	23210.0
9950	23298.0
9960	23224.0
9970	22940.0
9980	23050.0
9990	23314.0

