#MCS	VolumeEnergy
0	926.0
10	1508.0
20	1832.0
30	2122.0
40	1882.0
50	2056.0
60	2088.0
70	2444.0
80	2542.0
90	2726.0
100	2526.0
110	2426.0
120	2272.0
130	2324.0
140	2856.0
150	2654.0
160	2702.0
170	2850.0
180	3052.0
190	2510.0
200	2770.0
210	2736.0
220	2558.0
230	2772.0
240	2708.0
250	2874.0
260	3066.0
270	2556.0
280	2562.0
290	2804.0
300	2536.0
310	2938.0
320	2972.0
330	2814.0
340	2890.0
350	2524.0
360	2484.0
370	2370.0
380	2488.0
390	2690.0
400	2836.0
410	2854.0
420	2776.0
430	2992.0
440	2838.0
450	2714.0
460	2668.0
470	2688.0
480	2692.0
490	2722.0
500	3036.0
510	2668.0
520	2798.0
530	2538.0
540	2518.0
550	2458.0
560	2334.0
570	2820.0
580	2836.0
590	2372.0
600	2356.0
610	2162.0
620	2456.0
630	2488.0
640	2692.0
650	2652.0
660	2400.0
670	2970.0
680	2704.0
690	2578.0
700	2578.0
710	2520.0
720	2710.0
730	2518.0
740	2714.0
750	2832.0
760	2366.0
770	2108.0
780	2588.0
790	2442.0
800	2616.0
810	2456.0
820	2394.0
830	2210.0
840	2400.0
850	2322.0
860	2652.0
870	2866.0
880	2908.0
890	2632.0
900	2820.0
910	2580.0
920	2570.0
930	2614.0
940	2722.0
950	2354.0
960	2526.0
970	2486.0
980	2394.0
990	2200.0
1000	2716.0
1010	2534.0
1020	2630.0
1030	2546.0
1040	2792.0
1050	2708.0
1060	2826.0
1070	2876.0
1080	2876.0
1090	2722.0
1100	2544.0
1110	2584.0
1120	2766.0
1130	2780.0
1140	3004.0
1150	2640.0
1160	2794.0
1170	2884.0
1180	2920.0
1190	2872.0
1200	2820.0
1210	2740.0
1220	2624.0
1230	3056.0
1240	3082.0
1250	2928.0
1260	2946.0
1270	2852.0
1280	2756.0
1290	2636.0
1300	2662.0
1310	2798.0
1320	2664.0
1330	2802.0
1340	2648.0
1350	2702.0
1360	2854.0
1370	2628.0
1380	2788.0
1390	2704.0
1400	2402.0
1410	2718.0
1420	2334.0
1430	2654.0
1440	2974.0
1450	2706.0
1460	2644.0
1470	2690.0
1480	2748.0
1490	2838.0
1500	2524.0
1510	2572.0
1520	2678.0
1530	2764.0
1540	2514.0
1550	2774.0
1560	2614.0
1570	2570.0
1580	2388.0
1590	2518.0
1600	2532.0
1610	2832.0
1620	2664.0
1630	2766.0
1640	2698.0
1650	2754.0
1660	2694.0
1670	3010.0
1680	2934.0
1690	2822.0
1700	2792.0
1710	2620.0
1720	2564.0
1730	2326.0
1740	2284.0
1750	2394.0
1760	2344.0
1770	2392.0
1780	2516.0
1790	2334.0
1800	2498.0
1810	2928.0
1820	2840.0
1830	2674.0
1840	2716.0
1850	2564.0
1860	2500.0
1870	2772.0
1880	2374.0
1890	2576.0
1900	2612.0
1910	2430.0
1920	2572.0
1930	2906.0
1940	2734.0
1950	2800.0
1960	2668.0
1970	2574.0
1980	2616.0
1990	2888.0
2000	2752.0
2010	2766.0
2020	2542.0
2030	2386.0
2040	2642.0
2050	2396.0
2060	2494.0
2070	2458.0
2080	2558.0
2090	2718.0
2100	2654.0
2110	2544.0
2120	2608.0
2130	2974.0
2140	2530.0
2150	3008.0
2160	2794.0
2170	3062.0
2180	2804.0
2190	2526.0
2200	2638.0
2210	2650.0
2220	2794.0
2230	3054.0
2240	2904.0
2250	2852.0
2260	2922.0
2270	2910.0
2280	3190.0
2290	2422.0
2300	2312.0
2310	2590.0
2320	2408.0
2330	2814.0
2340	2704.0
2350	2562.0
2360	2364.0
2370	2522.0
2380	2574.0
2390	2472.0
2400	2846.0
2410	2740.0
2420	2324.0
2430	2392.0
2440	2342.0
2450	2594.0
2460	2278.0
2470	2248.0
2480	2586.0
2490	2306.0
2500	2378.0
2510	2438.0
2520	2484.0
2530	2582.0
2540	2326.0
2550	2274.0
2560	2432.0
2570	2486.0
2580	2546.0
2590	2464.0
2600	2242.0
2610	2232.0
2620	2404.0
2630	2268.0
2640	2192.0
2650	2358.0
2660	2574.0
2670	2544.0
2680	2710.0
2690	2410.0
2700	2686.0
2710	3116.0
2720	2690.0
2730	2716.0
2740	2428.0
2750	2374.0
2760	2670.0
2770	2518.0
2780	2534.0
2790	2266.0
2800	2476.0
2810	2460.0
2820	2488.0
2830	2706.0
2840	2528.0
2850	2818.0
2860	2442.0
2870	2458.0
2880	2416.0
2890	2434.0
2900	2562.0
2910	2602.0
2920	2566.0
2930	2308.0
2940	2540.0
2950	2422.0
2960	2352.0
2970	2374.0
2980	2726.0
2990	2556.0
3000	2480.0
3010	2620.0
3020	2644.0
3030	2548.0
3040	2790.0
3050	2628.0
3060	2556.0
3070	2520.0
3080	2430.0
3090	2464.0
3100	2560.0
3110	2268.0
3120	2236.0
3130	2592.0
3140	2798.0
3150	2614.0
3160	2932.0
3170	2530.0
3180	2578.0
3190	2724.0
3200	2574.0
3210	2714.0
3220	3162.0
3230	2980.0
3240	2574.0
3250	2380.0
3260	2454.0
3270	2506.0
3280	2304.0
3290	2736.0
3300	2568.0
3310	2504.0
3320	2778.0
3330	2680.0
3340	2390.0
3350	2672.0
3360	3064.0
3370	2818.0
3380	2564.0
3390	2922.0
3400	3042.0
3410	3070.0
3420	2432.0
3430	2850.0
3440	2582.0
3450	2460.0
3460	2612.0
3470	2524.0
3480	2614.0
3490	2576.0
3500	2672.0
3510	2386.0
3520	2612.0
3530	2476.0
3540	2770.0
3550	2748.0
3560	2570.0
3570	2410.0
3580	2644.0
3590	2848.0
3600	2702.0
3610	2698.0
3620	2858.0
3630	2584.0
3640	2434.0
3650	2038.0
3660	2496.0
3670	2486.0
3680	2530.0
3690	2530.0
3700	2400.0
3710	2364.0
3720	2404.0
3730	2430.0
3740	2214.0
3750	2512.0
3760	2298.0
3770	2438.0
3780	2192.0
3790	2182.0
3800	2164.0
3810	2312.0
3820	2274.0
3830	2784.0
3840	2296.0
3850	2384.0
3860	2230.0
3870	2542.0
3880	2656.0
3890	2758.0
3900	2908.0
3910	2720.0
3920	2500.0
3930	2422.0
3940	2202.0
3950	2098.0
3960	2522.0
3970	2286.0
3980	2462.0
3990	2862.0
4000	2798.0
4010	2354.0
4020	2602.0
4030	2570.0
4040	2536.0
4050	2608.0
4060	2382.0
4070	2754.0
4080	2536.0
4090	2768.0
4100	2960.0
4110	2624.0
4120	3030.0
4130	2890.0
4140	2854.0
4150	2552.0
4160	2568.0
4170	2758.0
4180	2778.0
4190	2518.0
4200	2598.0
4210	2294.0
4220	2384.0
4230	2418.0
4240	2196.0
4250	2330.0
4260	2364.0
4270	2694.0
4280	2564.0
4290	2480.0
4300	2638.0
4310	2608.0
4320	2802.0
4330	2404.0
4340	2712.0
4350	2360.0
4360	2588.0
4370	2478.0
4380	2744.0
4390	2754.0
4400	2298.0
4410	2594.0
4420	2728.0
4430	2644.0
4440	2676.0
4450	2746.0
4460	2570.0
4470	2440.0
4480	2736.0
4490	2682.0
4500	2924.0
4510	2520.0
4520	2476.0
4530	2834.0
4540	2642.0
4550	2626.0
4560	2618.0
4570	2976.0
4580	2726.0
4590	2408.0
4600	2998.0
4610	2616.0
4620	2994.0
4630	2796.0
4640	2588.0
4650	2980.0
4660	2678.0
4670	2794.0
4680	2622.0
4690	2464.0
4700	2670.0
4710	2492.0
4720	2500.0
4730	2290.0
4740	2342.0
4750	2538.0
4760	2610.0
4770	2248.0
4780	2390.0
4790	2482.0
4800	2736.0
4810	2700.0
4820	2758.0
4830	2526.0
4840	2776.0
4850	2366.0
4860	2604.0
4870	2488.0
4880	2840.0
4890	2960.0
4900	2898.0
4910	2822.0
4920	2530.0
4930	2754.0
4940	2660.0
4950	2726.0
4960	2688.0
4970	2578.0
4980	2304.0
4990	2580.0
5000	2532.0
5010	2944.0
5020	2426.0
5030	2400.0
5040	2610.0
5050	2536.0
5060	2464.0
5070	2854.0
5080	2640.0
5090	2684.0
5100	2592.0
5110	3000.0
5120	2468.0
5130	2512.0
5140	2604.0
5150	2402.0
5160	2620.0
5170	2690.0
5180	2712.0
5190	2726.0
5200	2526.0
5210	2322.0
5220	2444.0
5230	2970.0
5240	2722.0
5250	2424.0
5260	2540.0
5270	2430.0
5280	2388.0
5290	2756.0
5300	2656.0
5310	2922.0
5320	2782.0
5330	2848.0
5340	2974.0
5350	2926.0
5360	3242.0
5370	2744.0
5380	2492.0
5390	2748.0
5400	2732.0
5410	2908.0
5420	2448.0
5430	2688.0
5440	3116.0
5450	2588.0
5460	2444.0
5470	2692.0
5480	2852.0
5490	3076.0
5500	2986.0
5510	2674.0
5520	2548.0
5530	2910.0
5540	2538.0
5550	2350.0
5560	2582.0
5570	2630.0
5580	2338.0
5590	2568.0
5600	2434.0
5610	2920.0
5620	2582.0
5630	2448.0
5640	2366.0
5650	2230.0
5660	2528.0
5670	2748.0
5680	2836.0
5690	3032.0
5700	2696.0
5710	2670.0
5720	2598.0
5730	2496.0
5740	2406.0
5750	2490.0
5760	2440.0
5770	2288.0
5780	2156.0
5790	2206.0
5800	1878.0
5810	2286.0
5820	2452.0
5830	2466.0
5840	2168.0
5850	2236.0
5860	2342.0
5870	2510.0
5880	2390.0
5890	2400.0
5900	2450.0
5910	2546.0
5920	2388.0
5930	2210.0
5940	2196.0
5950	1870.0
5960	2208.0
5970	2332.0
5980	2158.0
5990	2286.0
6000	2256.0
6010	2560.0
6020	2522.0
6030	2464.0
6040	2028.0
6050	2388.0
6060	2460.0
6070	2160.0
6080	2288.0
6090	2108.0
6100	2578.0
6110	2312.0
6120	2266.0
6130	2550.0
6140	2770.0
6150	2700.0
6160	2436.0
6170	2520.0
6180	2744.0
6190	2352.0
6200	2534.0
6210	2356.0
6220	2422.0
6230	2462.0
6240	2300.0
6250	2354.0
6260	2620.0
6270	2662.0
6280	2634.0
6290	2480.0
6300	3030.0
6310	2828.0
6320	3102.0
6330	2596.0
6340	2754.0
6350	2906.0
6360	2608.0
6370	2460.0
6380	2450.0
6390	2506.0
6400	2530.0
6410	2282.0
6420	2418.0
6430	2518.0
6440	2376.0
6450	2476.0
6460	2426.0
6470	2284.0
6480	2556.0
6490	2628.0
6500	2646.0
6510	2360.0
6520	2580.0
6530	2546.0
6540	2442.0
6550	2554.0
6560	2630.0
6570	2422.0
6580	2814.0
6590	2612.0
6600	2554.0
6610	2614.0
6620	2508.0
6630	2682.0
6640	2768.0
6650	2566.0
6660	2668.0
6670	2532.0
6680	2656.0
6690	2548.0
6700	2668.0
6710	2882.0
6720	2430.0
6730	2626.0
6740	2420.0
6750	2586.0
6760	2780.0
6770	2704.0
6780	2628.0
6790	2854.0
6800	2558.0
6810	2348.0
6820	2424.0
6830	2536.0
6840	3068.0
6850	2888.0
6860	3034.0
6870	2830.0
6880	2910.0
6890	2476.0
6900	2650.0
6910	2396.0
6920	2208.0
6930	2602.0
6940	2636.0
6950	2624.0
6960	2788.0
6970	2548.0
6980	2438.0
6990	2572.0
7000	2892.0
7010	2516.0
7020	2700.0
7030	2538.0
7040	2884.0
7050	2628.0
7060	2646.0
7070	2832.0
7080	2690.0
7090	2502.0
7100	2754.0
7110	2490.0
7120	2742.0
7130	2694.0
7140	2474.0
7150	2528.0
7160	2376.0
7170	2430.0
7180	2376.0
7190	2638.0
7200	2726.0
7210	2580.0
7220	2486.0
7230	2612.0
7240	2596.0
7250	2444.0
7260	2912.0
7270	2776.0
7280	2480.0
7290	2734.0
7300	2714.0
7310	3108.0
7320	2674.0
7330	2658.0
7340	2528.0
7350	2542.0
7360	2788.0
7370	2592.0
7380	2756.0
7390	3160.0
7400	2428.0
7410	2584.0
7420	2356.0
7430	2572.0
7440	2484.0
7450	2212.0
7460	2154.0
7470	2432.0
7480	2280.0
7490	2248.0
7500	2314.0
7510	2384.0
7520	2810.0
7530	2470.0
7540	2256.0
7550	2294.0
7560	2384.0
7570	2286.0
7580	2594.0
7590	2468.0
7600	2822.0
7610	2488.0
7620	2568.0
7630	2462.0
7640	2414.0
7650	2528.0
7660	2504.0
7670	2330.0
7680	2548.0
7690	2164.0
7700	2556.0
7710	2538.0
7720	2768.0
7730	2736.0
7740	2772.0
7750	2460.0
7760	2346.0
7770	2318.0
7780	2792.0
7790	2540.0
7800	2432.0
7810	2590.0
7820	2772.0
7830	2626.0
7840	2588.0
7850	2466.0
7860	2432.0
7870	2742.0
7880	2598.0
7890	2642.0
7900	2680.0
7910	2680.0
7920	3058.0
7930	2856.0
7940	2826.0
7950	2562.0
7960	2922.0
7970	2756.0
7980	2510.0
7990	2926.0
8000	2558.0
8010	2944.0
8020	2270.0
8030	2354.0
8040	2522.0
8050	2968.0
8060	2452.0
8070	2798.0
8080	2742.0
8090	2586.0
8100	2878.0
8110	2580.0
8120	2632.0
8130	2794.0
8140	2712.0
8150	2402.0
8160	2950.0
8170	2742.0
8180	2384.0
8190	2708.0
8200	2902.0
8210	2776.0
8220	2742.0
8230	2638.0
8240	2674.0
8250	2520.0
8260	2700.0
8270	2640.0
8280	2562.0
8290	2668.0
8300	3068.0
8310	2600.0
8320	2574.0
8330	2510.0
8340	2468.0
8350	2428.0
8360	2500.0
8370	2442.0
8380	2582.0
8390	2408.0
8400	2672.0
8410	2816.0
8420	2460.0
8430	2712.0
8440	2630.0
8450	2430.0
8460	2600.0
8470	2700.0
8480	2600.0
8490	2510.0
8500	2498.0
8510	2386.0
8520	2642.0
8530	2432.0
8540	2482.0
8550	2124.0
8560	2512.0
8570	2422.0
8580	2552.0
8590	2362.0
8600	2248.0
8610	2420.0
8620	2716.0
8630	2650.0
8640	2716.0
8650	2720.0
8660	2660.0
8670	2804.0
8680	2682.0
8690	2448.0
8700	2370.0
8710	2602.0
8720	2540.0
8730	2352.0
8740	2714.0
8750	2728.0
8760	3046.0
8770	2510.0
8780	2576.0
8790	2396.0
8800	2384.0
8810	1992.0
8820	2164.0
8830	2356.0
8840	2510.0
8850	2434.0
8860	2404.0
8870	2562.0
8880	2486.0
8890	2740.0
8900	2786.0
8910	2780.0
8920	2674.0
8930	2776.0
8940	2576.0
8950	2774.0
8960	2470.0
8970	2430.0
8980	2278.0
8990	2734.0
9000	2506.0
9010	2552.0
9020	2434.0
9030	2714.0
9040	2560.0
9050	2188.0
9060	2810.0
9070	2378.0
9080	2780.0
9090	2864.0
9100	2728.0
9110	2438.0
9120	2554.0
9130	2558.0
9140	2232.0
9150	2636.0
9160	2652.0
9170	2810.0
9180	2390.0
9190	2456.0
9200	2440.0
9210	2666.0
9220	2672.0
9230	2614.0
9240	2528.0
9250	2246.0
9260	2388.0
9270	2516.0
9280	2462.0
9290	2440.0
9300	2704.0
9310	2688.0
9320	2874.0
9330	2710.0
9340	2502.0
9350	2522.0
9360	2448.0
9370	2358.0
9380	2320.0
9390	2374.0
9400	2450.0
9410	2322.0
9420	2518.0
9430	3062.0
9440	2938.0
9450	2738.0
9460	2906.0
9470	2342.0
9480	2278.0
9490	2218.0
9500	2470.0
9510	2676.0
9520	2468.0
9530	2038.0
9540	2232.0
9550	2388.0
9560	2352.0
9570	2376.0
9580	2472.0
9590	2578.0
9600	2710.0
9610	2772.0
9620	2932.0
9630	3048.0
9640	2650.0
9650	2780.0
9660	2762.0
9670	2738.0
9680	2990.0
9690	2680.0
9700	2778.0
9710	2468.0
9720	2724.0
9730	2378.0
9740	2084.0
9750	2502.0
9760	2756.0
9770	2250.0
9780	2498.0
9790	2378.0
9800	2422.0
9810	2460.0
9820	2254.0
9830	2458.0
9840	2210.0
9850	2658.0
9860	2544.0
9870	2380.0
9880	2558.0
9890	2812.0
9900	2548.0
9910	2792.0
9920	2686.0
9930	2838.0
9940	2954.0
9950	2414.0
9960	2302.0
9970	2212.0
9980	2826.0
9990	2244.0
