#MCS	VS_mean
0	0.3942566551819275
100	0.37369505494505495
200	0.3781444851444851
300	0.3780027472527473
400	0.3765880138380139
500	0.3798353683353683
600	0.36899863689949897
700	0.3818750000000001
800	0.3738404558404559
900	0.38139072039072053
1000	0.37903952991452994
1100	0.36864285714285716
1200	0.38990700040700044
1300	0.37725264550264553
1400	0.38585754985754994
1500	0.3725238095238094
1600	0.3727018722018723
1700	0.3781211843711844
1800	0.3803936711436713
1900	0.37899816849816853
2000	0.3688233618233618
2100	0.38216941391941395
2200	0.384880341880342
2300	0.3738605006105006
2400	0.37855840455840456
2500	0.37985968660968655
2600	0.3800900488400489
2700	0.3780281339031339
2800	0.37370655270655273
2900	0.3820345950345951
3000	0.37740170940170936
3100	0.3895301180301181
3200	0.37749816849816853
3300	0.36648249898249896
3400	0.38748616198616204
3500	0.36890064102564096
3600	0.3762979523669179
3700	0.375548433048433
3800	0.37959839234839243
3900	0.3794985754985755
4000	0.37168340455840454
4100	0.37009544159544167
4200	0.3736595441595441
4300	0.3761566951566952
4400	0.3798864468864469
4500	0.37780469067969064
4600	0.3832787952787953
4700	0.3816291341508734
4800	0.36965730565730565
4900	0.37749145299145304
5000	0.3773219373219374
5100	0.3753375050875051
5200	0.36976129426129434
5300	0.3837838827838828
5400	0.36528347578347575
5500	0.38549918599918603
5600	0.37725702075702083
5700	0.3745106837606838
5800	0.3712686202686203
5900	0.37899572649572655
6000	0.3675441595441595
6100	0.3737986365486366
6200	0.3804230769230769
6300	0.3800891611581267
6400	0.3810299145299145
6500	0.37576923076923074
6600	0.37660332722832723
6700	0.3749733414733415
6800	0.3795947293447294
6900	0.376539886039886
7000	0.37207834757834757
7100	0.37255097680097676
7200	0.3767514245014245
7300	0.38302136752136756
7400	0.3697078754578754
7500	0.3805402930402932
7600	0.3786431623931625
7700	0.3715035103785104
7800	0.3703347578347577
7900	0.3834202279202279
8000	0.37041376678876675
8100	0.38497425722425727
8200	0.3731050414963459
8300	0.3813588726088726
8400	0.3823504273504274
8500	0.3759275539275539
8600	0.3744831094831095
8700	0.38293518518518516
8800	0.37450162800162795
8900	0.3735826210826211
9000	0.3800552503052503
9100	0.37802213064713064
9200	0.37110683760683755
9300	0.3739586894586895
9400	0.37723575498575507
9500	0.3767194749694749
9600	0.38331298331298325
9700	0.3747578347578348
9800	0.38631064306064306
9900	0.37763212250712247
10000	0.3595761090761091
10100	0.3862492877492877
10200	0.3700036121286121
10300	0.3698344525844526
10400	0.38311151811151817
10500	0.3836083638583639
10600	0.36830982905982906
10700	0.3635345441595442
10800	0.37752920227920217
10900	0.3746958689458689
11000	0.3751509971509973
11100	0.3741663614163614
11200	0.3592481176231176
11300	0.3735106328856329
11400	0.384113603988604
11500	0.3795633394383395
11600	0.37539316239316234
11700	0.3701668701668701
11800	0.38737586487586484
11900	0.37104375254375255
12000	0.37688603988603997
12100	0.38100641025641024
12200	0.37606654456654465
12300	0.37499318274318283
12400	0.3850299145299146
12500	0.3717607855107855
12600	0.3816737891737892
12700	0.3730572853072853
12800	0.371127849002849
12900	0.3708376068376068
13000	0.37151673789173784
13100	0.378997150997151
13200	0.3692772690272691
13300	0.38501566951566957
13400	0.3777678062678062
13500	0.3852294570053191
13600	0.37855583426235606
13700	0.38860256410256405
13800	0.37957911070411077
13900	0.3816039886039887
14000	0.3898835978835979
14100	0.3763030118030118
14200	0.38223931623931634
14300	0.37549611946163675
14400	0.3711296296296296
14500	0.36617765567765564
14600	0.3710335775335776
14700	0.3680077838827839
14800	0.37666732804232805
14900	0.3714073582866687
15000	0.3784729853479854
15100	0.3879921652421653
15200	0.37438176638176646
15300	0.378954415954416
15400	0.37123641636141624
15500	0.37833511396011404
15600	0.3943760683760684
15700	0.37886365486365486
15800	0.3730259971509971
15900	0.3749245014245014
16000	0.388029304029304
16100	0.3765601851851852
16200	0.38175487698763555
16300	0.37685368335368336
16400	0.3700147537647538
16500	0.3729797517297517
16600	0.35659503459503455
16700	0.36853383190883193
16800	0.36763146113146106
16900	0.3853746947496948
17000	0.3801638176638177
17100	0.3795295584045583
17200	0.3819589947089947
17300	0.37005501522742895
17400	0.37046853465818985
17500	0.3740656288156289
17600	0.377917378917379
17700	0.3767564102564102
17800	0.3633276353276353
17900	0.39184472934472936
18000	0.3797503561253561
18100	0.3660740740740741
18200	0.3730445665445666
18300	0.3696733821733822
18400	0.38394586894586896
18500	0.36836549300136257
18600	0.38066391941391947
18700	0.36662678062678056
18800	0.3761902726902727
18900	0.381789886039886
19000	0.3733418803418803
19100	0.3767804232804234
19200	0.37547537647537654
19300	0.3697763532763533
19400	0.3702863247863247
19500	0.3711723646723647
19600	0.3690727513227513
19700	0.3861334452584453
19800	0.3888472836231457
19900	0.3683753561253561
20000	0.37820797720797716
20100	0.37058831908831913
20200	0.38128057590557585
20300	0.3740800773300773
20400	0.3733332315832315
20500	0.391492266992267
20600	0.3729831094831095
20700	0.36711050061050055
20800	0.38787286324786324
20900	0.3854216524216525
21000	0.38110292022792025
21100	0.37530484330484326
21200	0.36971835571835576
21300	0.3736107041107041
21400	0.372649776149776
21500	0.37582834757834754
21600	0.37602665852665856
21700	0.3772646011396012
21800	0.38189153439153445
21900	0.38809447496947497
22000	0.37679451566951566
22100	0.3772692307692308
22200	0.3813076923076923
22300	0.38733119658119664
22400	0.3747706552706553
22500	0.37413603988603994
22600	0.39039845339845336
22700	0.38119702328323013
22800	0.37646011396011403
22900	0.3747934472934473
23000	0.3665242165242165
23100	0.3822468457468458
23200	0.38475050875050876
23300	0.36845227920227924
23400	0.3707435897435897
23500	0.37939000814000823
23600	0.37536538461538466
23700	0.37275712250712256
23800	0.3793130850630851
23900	0.3683599918599919
24000	0.3840440577940579
24100	0.3809522792022792
24200	0.3779330484330484
24300	0.37481557794057785
24400	0.3827742165242165
24500	0.3805498066748067
24600	0.38126673789173793
24700	0.37715242165242163
24800	0.38801409238909246
24900	0.3890562678062678
25000	0.3818807594066216
25100	0.37519800569800565
25200	0.38035002035002036
25300	0.3716915954415954
25400	0.3718603988603989
25500	0.3823048941798942
25600	0.3904707977207978
25700	0.36295469839866396
25800	0.3771566951566952
25900	0.3771980056980057
26000	0.3806011396011397
26100	0.3791823361823362
26200	0.37912260887260885
26300	0.3691713471713472
26400	0.3762611925111925
26500	0.3743660968660969
26600	0.3783005698005698
26700	0.37729634717134714
26800	0.3571120268620268
26900	0.3790669515669516
27000	0.37640862840862854
27100	0.37478751420992806
27200	0.38376465201465204
27300	0.37988141025641037
27400	0.37265780037331764
27500	0.3783454415954416
27600	0.38103663003662996
27700	0.3830840455840456
27800	0.37971123321123323
27900	0.37196423483923485
28000	0.36382585470085477
28100	0.37412240537240543
28200	0.37181924094424096
28300	0.3745035612535613
28400	0.38252202889702897
28500	0.37541025641025644
28600	0.3877421652421653
28700	0.38015995115995116
28800	0.3901639194139195
28900	0.3814423076923077
29000	0.37276923076923074
29100	0.38066666666666665
29200	0.3731423483923485
29300	0.3702838827838828
29400	0.3766168091168091
29500	0.381980056980057
29600	0.37521794871794867
29700	0.3725630850630851
29800	0.3739814814814815
29900	0.383913507989595
30000	0.3774575702075702
30100	0.37086935286935285
30200	0.3812378917378918
30300	0.3849684574684575
30400	0.37352035002035006
30500	0.3762998575498575
30600	0.3772543243793245
30700	0.37794123931623935
30800	0.37481298331298335
30900	0.3873892450142451
31000	0.38146043850785233
31100	0.3699487179487179
31200	0.3716895604395605
31300	0.3734758343508343
31400	0.381728021978022
31500	0.38143996743996744
31600	0.3754147334147334
31700	0.3848048433048433
31800	0.3719145299145299
31900	0.37439926739926743
32000	0.3763237179487179
32100	0.36042450142450133
32200	0.38511258648758656
32300	0.37609116809116816
32400	0.37681257631257636
32500	0.38420268620268627
32600	0.36634864672364675
32700	0.37872049247049244
32800	0.3805405982905983
32900	0.390454822954823
33000	0.3827519332519333
33100	0.37362433862433864
33200	0.37599247049247053
33300	0.3692813390313391
33400	0.37381410256410263
33500	0.37738237688237686
33600	0.3851602564102564
33700	0.3694586894586894
33800	0.39796581196581204
33900	0.3798345543345544
34000	0.38372435897435897
34100	0.3718838013838013
34200	0.3855405982905983
34300	0.37137718762718763
34400	0.3780095645095646
34500	0.3717594908284564
34600	0.3788717948717949
34700	0.37676973951973963
34800	0.37834111721611724
34900	0.37643340455840457
35000	0.3675146520146521
35100	0.38369943019943026
35200	0.3833048433048433
35300	0.3880380545380545
35400	0.3743425189114844
35500	0.38264265364265376
35600	0.37627737077737083
35700	0.3679708994708995
35800	0.3746406467096122
35900	0.37590638990638986
36000	0.3752168803418804
36100	0.3711538461538461
36200	0.37633903133903135
36300	0.38986574074074076
36400	0.3792132682132682
36500	0.37652991452991463
36600	0.3772542735042736
36700	0.37940842490842486
36800	0.3708148148148149
36900	0.36747898860398853
37000	0.3691215913715914
37100	0.37542573295159504
37200	0.37212825600325605
37300	0.3699595034595034
37400	0.3739146316646316
37500	0.37324470899470896
37600	0.3769558404558405
37700	0.37077594627594623
37800	0.3663643162393162
37900	0.38459330484330484
38000	0.3808839031339031
38100	0.3848105413105413
38200	0.36277706552706557
38300	0.37856684981684985
38400	0.3777696377696377
38500	0.38363532763532765
38600	0.37245085470085476
38700	0.3799724765974767
38800	0.37469408831908824
38900	0.378794820919821
39000	0.37806257631257634
39100	0.37495899470899474
39200	0.36517103749712443
39300	0.3866965811965812
39400	0.38372690272690274
39500	0.37094195156695153
39600	0.3771126373626374
39700	0.37664952177452193
39800	0.37178739316239323
39900	0.36792463124359676
40000	0.3807522385022385
40100	0.37025752950752955
40200	0.3786242877492878
40300	0.38629736467236475
40400	0.3808686406186406
40500	0.3770049857549858
40600	0.36401709401709403
40700	0.37168126780626787
40800	0.3768969780219781
40900	0.3722022792022792
41000	0.3702578347578348
41100	0.382269943019943
41200	0.3835885225885226
41300	0.37646194546194545
41400	0.3922102157102157
41500	0.37165201465201464
41600	0.37944434269434274
41700	0.3673140008140009
41800	0.3717450142450143
41900	0.36949959299959295
42000	0.3878561253561254
42100	0.3821237789987789
42200	0.37639494301994303
42300	0.37955891330891334
42400	0.37954985754985765
42500	0.3728440170940171
42600	0.3827549857549858
42700	0.3757289377289377
42800	0.3833152218152218
42900	0.37551210826210824
43000	0.36170766753375444
43100	0.38188710826210825
43200	0.3806641229141229
43300	0.37654670329670326
43400	0.3741341066341067
43500	0.3736304436304437
43600	0.3814875864875865
43700	0.3667336182336183
43800	0.36232549857549856
43900	0.37753418803418803
44000	0.38404782254782255
44100	0.3763532763532765
44200	0.37597568172568174
44300	0.36025783475783474
44400	0.3713743894993896
44500	0.3687577330077329
44600	0.3802699430199431
44700	0.38795726495726496
44800	0.3751068376068376
44900	0.3758336385836385
45000	0.38682376882376884
45100	0.37496326821326825
45200	0.37990313390313396
45300	0.3744209401709402
45400	0.3687014652014652
45500	0.357261396011396
45600	0.3685562678062677
45700	0.3799907407407407
45800	0.37183826821326826
45900	0.3813141025641026
46000	0.37749002849002844
46100	0.3836039886039886
46200	0.3770189255189255
46300	0.3751563899063899
46400	0.3653835978835978
46500	0.37878225478225486
46600	0.3803105413105413
46700	0.37443803418803423
46800	0.36446764346764343
46900	0.37321545584045585
47000	0.3734964387464388
47100	0.36746509971509966
47200	0.3835530626780628
47300	0.3944398148148148
47400	0.3781063288563289
47500	0.38865501628001636
47600	0.3753397435897436
47700	0.3745263532763533
47800	0.37593121693121695
47900	0.3706859991859991
48000	0.3778636548636549
48100	0.36997903947903954
48200	0.3798689458689459
48300	0.37464031339031345
48400	0.3834915547415548
48500	0.3733244301994302
48600	0.3737250712250712
48700	0.3758145095645097
48800	0.3727794566544567
48900	0.38137784900284893
49000	0.3744162596662597
49100	0.3675584045584046
49200	0.38244006919006923
49300	0.37982692307692306
49400	0.3660799755799756
49500	0.3813825295075296
49600	0.36889707977207975
49700	0.3892232905982907
49800	0.38064723239723236
49900	0.3760734126984127
50000	0.3738333333333334
50100	0.3808112026862027
50200	0.3726381766381766
50300	0.3926180301180301
50400	0.36734727309727305
50500	0.376818376068376
50600	0.3705150501672241
50700	0.378678367928368
50800	0.36671652421652423
50900	0.36541737891737897
51000	0.368381038647343
51100	0.3759925722425722
51200	0.37982977207977214
51300	0.37131766381766373
51400	0.3753336894586895
51500	0.3789608262108262
51600	0.3658988603988604
51700	0.37449745624745623
51800	0.3746737891737892
51900	0.38322453089694475
52000	0.37747456247456246
52100	0.3735551590810212
52200	0.38106262718762723
52300	0.36691463166463173
52400	0.37809443462029674
52500	0.37565761090761096
52600	0.37156969881969876
52700	0.3762417582417582
52800	0.3750583028083028
52900	0.3860552503052504
53000	0.37675783475783475
53100	0.3750885225885226
53200	0.375874933641238
53300	0.37696764346764344
53400	0.371700752950753
53500	0.36926917989417984
53600	0.39161426536426536
53700	0.38910968660968653
53800	0.3682873422873423
53900	0.3772108262108263
54000	0.3777614468864469
54100	0.3795053927553928
54200	0.3760556573056574
54300	0.3859518722018722
54400	0.3775228937728937
54500	0.3772714692714693
54600	0.38079609279609283
54700	0.38035002035002036
54800	0.37159432234432244
54900	0.37389774114774116
55000	0.36239173789173795
55100	0.36941310541310546
55200	0.3707122507122507
55300	0.3790939153439153
55400	0.3763365893365894
55500	0.38385602360602367
55600	0.3799786324786325
55700	0.3780961538461539
55800	0.3777129629629629
55900	0.3631957671957672
56000	0.37421153846153843
56100	0.3751403133903134
56200	0.37733190883190887
56300	0.36569495319495315
56400	0.3729501424501425
56500	0.38344215506715507
56600	0.3680178062678063
56700	0.37930769230769235
56800	0.3741398555148555
56900	0.374675518925519
57000	0.36780606430606433
57100	0.38584330484330487
57200	0.36875518925518935
57300	0.3723141025641025
57400	0.38238176638176646
57500	0.3894758343508345
57600	0.37750997150997156
57700	0.38216625966625967
57800	0.37971072446072446
57900	0.37780240130240134
58000	0.3830797720797722
58100	0.37865954415954417
58200	0.36889743589743584
58300	0.3786524216524217
58400	0.3810637464387464
58500	0.38632740024981405
58600	0.3714580789580789
58700	0.3739123931623932
58800	0.37846260683760696
58900	0.386455636955637
59000	0.37420960520960517
59100	0.37035042735042734
59200	0.3744131054131054
59300	0.3847304131054131
59400	0.37168376068376063
59500	0.38150101750101756
59600	0.3727820512820512
59700	0.3722179487179487
59800	0.3787147944647945
59900	0.3816434676434676
60000	0.3768034188034189
60100	0.3676780626780626
60200	0.3801917989417989
60300	0.3642592592592594
60400	0.37508333333333327
60500	0.3710664428164427
60600	0.38004777167277165
60700	0.3739330484330484
60800	0.3642767094017094
60900	0.3873015364265365
61000	0.38837464387464393
61100	0.38597262922262926
61200	0.37513858363858354
61300	0.37132763532763535
61400	0.37836044973544986
61500	0.3716767399267399
61600	0.3763532763532763
61700	0.3653881766381767
61800	0.3839658119658121
61900	0.3716695156695156
62000	0.3763536833536834
62100	0.38678205128205134
62200	0.3742688237688238
62300	0.3671378205128205
62400	0.3694262311762312
62500	0.3678040293040293
62600	0.37399338624338624
62700	0.37578841066341057
62800	0.3612001424501424
62900	0.37984879934879934
63000	0.3807048185309055
63100	0.37239458689458693
63200	0.37954909442409435
63300	0.37408974358974356
63400	0.38113034188034195
63500	0.3855298127798128
63600	0.3696035816035816
63700	0.36442302604802596
63800	0.37952279202279204
63900	0.3842403846153847
64000	0.37321265771265766
64100	0.3829544159544159
64200	0.3751935286935286
64300	0.36384549247049247
64400	0.37576495726495723
64500	0.37715847578347583
64600	0.3797136752136752
64700	0.37068152218152217
64800	0.3894488196988198
64900	0.36717628205128205
65000	0.3662474562474563
65100	0.38603988603988604
65200	0.38159747659747667
65300	0.37910541310541307
65400	0.3832452177452177
65500	0.38411568986568984
65600	0.3741763329263329
65700	0.3721221001221001
65800	0.3687723341473341
65900	0.3798344017094018
66000	0.38295522995523
66100	0.38115206552706554
66200	0.3715633858894728
66300	0.38098433048433045
66400	0.38029305081891285
66500	0.37889743589743585
66600	0.37657275132275136
66700	0.3726733821733822
66800	0.3761639194139194
66900	0.37219200244200246
67000	0.37465954415954417
67100	0.3752146927146927
67200	0.36272161172161177
67300	0.3682013634513635
67400	0.3694624542124542
67500	0.3713516483516483
67600	0.3797906491656492
67700	0.38148967236467235
67800	0.376307794057794
67900	0.36370614570614573
68000	0.37293162393162393
68100	0.3840056980056981
68200	0.38072385022385025
68300	0.3785573361823361
68400	0.38351851851851854
68500	0.39194586894586897
68600	0.38268533781033776
68700	0.36161111111111105
68800	0.373073667073667
68900	0.3763404558404559
69000	0.38285917785917783
69100	0.37181908831908833
69200	0.3773262108262108
69300	0.3806021062271063
69400	0.3730108872608873
69500	0.3716965811965812
69600	0.3588717948717949
69700	0.36684330484330485
69800	0.38065028490028496
69900	0.3759301994301995
70000	0.37211538461538457
70100	0.380923076923077
70200	0.38380769230769235
70300	0.3746370573870574
70400	0.3841100427350427
70500	0.37444683557183556
70600	0.38534330484330487
70700	0.37734320309320313
70800	0.3822464387464387
70900	0.3737606837606837
71000	0.3741897639397639
71100	0.3844239610963749
71200	0.36665527065527065
71300	0.3780716320716321
71400	0.3712022792022792
71500	0.3783361823361824
71600	0.3771223036223036
71700	0.37450712250712254
71800	0.37950641025641035
71900	0.3762460317460318
72000	0.3842280728530728
72100	0.3739220085470085
72200	0.3799992877492877
72300	0.38239824989825
72400	0.3937071123321124
72500	0.3840890313390314
72600	0.3755310337810338
72700	0.37087571225071236
72800	0.3821646316646317
72900	0.3801115181115181
73000	0.38260866910866914
73100	0.3639476495726496
73200	0.3760733618233619
73300	0.36568482905982913
73400	0.3813034188034189
73500	0.3728963166463166
73600	0.3743024013024013
73700	0.37194083231583225
73800	0.36998717948717946
73900	0.3840709198209199
74000	0.3774623524623526
74100	0.38726424501424506
74200	0.3807026862026862
74300	0.3764141229141229
74400	0.3836043956043957
74500	0.3742231379731379
74600	0.3668190883190884
74700	0.37913237688237694
74800	0.3866652421652421
74900	0.36837098087098086
75000	0.37473789173789174
75100	0.38063899063899065
75200	0.3743778998778999
75300	0.37669169719169726
75400	0.3685378510378511
75500	0.374045177045177
75600	0.3742407407407407
75700	0.3740640008140008
75800	0.39421367521367523
75900	0.37248789173789176
76000	0.3794957264957265
76100	0.36689143264143265
76200	0.3741691086691087
76300	0.38405982905982916
76400	0.37627314814814816
76500	0.38571438746438746
76600	0.37922039072039077
76700	0.37270762108262107
76800	0.37539316239316234
76900	0.38215811965811963
77000	0.3727621082621083
77100	0.38542531542531544
77200	0.37526353276353275
77300	0.3848119658119659
77400	0.3855877152235848
77500	0.3761294770044771
77600	0.3734839234839235
77700	0.3813869240593379
77800	0.3693217846967847
77900	0.3851447903947904
78000	0.3758989112739112
78100	0.3688235653235653
78200	0.38262393162393166
78300	0.3753280423280424
78400	0.3717600592255764
78500	0.3715797720797721
78600	0.37453708791208795
78700	0.3698207163207163
78800	0.38201709401709405
78900	0.371175875050875
79000	0.3811225071225071
79100	0.3698999796499796
79200	0.3667686202686203
79300	0.37468376068376075
79400	0.3750890313390314
79500	0.373619301994302
79600	0.3658874643874644
79700	0.37676353276353275
79800	0.37606293419224446
79900	0.3672439967439967
80000	0.38021611721611714
80100	0.3866460622710623
80200	0.3961349206349206
80300	0.37885765160765167
80400	0.38769515669515675
80500	0.3708913308913308
80600	0.37658251933251935
80700	0.37970441595441595
80800	0.3836391941391942
80900	0.38369708994708995
81000	0.3731524725274725
81100	0.38619301994301997
81200	0.3766181318681319
81300	0.3794715099715099
81400	0.37320441595441595
81500	0.38140455840455845
81600	0.3799918108711213
81700	0.37816412291412294
81800	0.3793878205128206
81900	0.3714294871794872
82000	0.3778097273097273
82100	0.3748782051282052
82200	0.3718675213675214
82300	0.37544444444444447
82400	0.37344515669515677
82500	0.3743641636141636
82600	0.3781716524216524
82700	0.3799511599511599
82800	0.38507458282458285
82900	0.37505698005698007
83000	0.384230056980057
83100	0.35979873829873826
83200	0.3778390313390313
83300	0.37028490028490035
83400	0.38403174603174606
83500	0.38169449531949523
83600	0.37551460113960117
83700	0.3849284188034188
83800	0.3817257834757835
83900	0.37757336182336193
84000	0.3773904151404151
84100	0.3801455026455027
84200	0.3849230769230769
84300	0.37697568172568174
84400	0.3772196784696785
84500	0.37683475783475784
84600	0.37343589743589745
84700	0.37374867724867733
84800	0.3765150081400082
84900	0.37326388888888895
85000	0.3737293447293447
85100	0.369596916971917
85200	0.3725798738298739
85300	0.3734499389499389
85400	0.3742147944647945
85500	0.3791239316239317
85600	0.37992272079772077
85700	0.3746310541310541
85800	0.3833451363451364
85900	0.3866794871794873
86000	0.3748009259259259
86100	0.36974827024827034
86200	0.3796509971509971
86300	0.3722574277574279
86400	0.3740185185185184
86500	0.3763052503052504
86600	0.37778245828245827
86700	0.38648758648758647
86800	0.3713075905575906
86900	0.3867165242165243
87000	0.37970227920227917
87100	0.37954914529914524
87200	0.3737912368602024
87300	0.3771367012617013
87400	0.3677639353400223
87500	0.37555555555555553
87600	0.37575320512820515
87700	0.3798205128205129
87800	0.3739581807081807
87900	0.3778988603988605
88000	0.3851467236467236
88100	0.3776866096866097
88200	0.3764430199430199
88300	0.3838169515669515
88400	0.3831282051282051
88500	0.38204843304843306
88600	0.3926356328856329
88700	0.365746336996337
88800	0.3840077330077331
88900	0.3819601139601139
89000	0.3718890923890924
89100	0.37231318681318676
89200	0.366993894993895
89300	0.37036070411070415
89400	0.3826816748066749
89500	0.37745065120065113
89600	0.37419485144485143
89700	0.36523209198209206
89800	0.3851659544159544
89900	0.37163960113960115
90000	0.3713988603988604
90100	0.37972654660154664
90200	0.367485754985755
90300	0.3825375563134184
90400	0.3963098290598291
90500	0.3762220695970696
90600	0.37396871184371183
90700	0.3764125966625967
90800	0.3751762311762313
90900	0.3866004273504273
91000	0.3783382173382174
91100	0.3817713675213676
91200	0.3860090402753446
91300	0.3794388481888482
91400	0.37984874847374844
91500	0.38199043549043554
91600	0.38575427350427366
91700	0.37334717134717127
91800	0.38101709401709405
91900	0.3792478632478633
92000	0.36477879527879525
92100	0.3824281644281645
92200	0.3780107855107856
92300	0.3684202279202278
92400	0.37027737077737066
92500	0.3812819495319496
92600	0.3749246031746033
92700	0.3897975172975172
92800	0.3792535612535612
92900	0.3851347873072011
93000	0.375697710973573
93100	0.364448717948718
93200	0.37509188034188035
93300	0.37642724867724864
93400	0.37778133903133904
93500	0.3821296296296296
93600	0.3831122762794428
93700	0.3740053418803419
93800	0.3702596662596663
93900	0.38289886039886045
94000	0.3821601546601547
94100	0.36332834757834753
94200	0.36718101343101334
94300	0.3910139906389906
94400	0.36597619047619045
94500	0.3776732804232804
94600	0.3812092048450745
94700	0.37407834757834757
94800	0.3698846153846154
94900	0.372090761090761
95000	0.37809829059829064
95100	0.3774483618233619
95200	0.37776923076923075
95300	0.37142775742775735
95400	0.3819074074074074
95500	0.3790744810744811
95600	0.38400407000407005
95700	0.375803825803826
95800	0.3814942002442002
95900	0.37785113960113964
96000	0.37217592592592585
96100	0.36913665038665033
96200	0.3812913105413106
96300	0.36850162800162806
96400	0.37191737891737897
96500	0.36705209605209604
96600	0.37911111111111107
96700	0.3647820512820513
96800	0.3686709401709402
96900	0.37341697191697193
97000	0.37755484330484335
97100	0.3823377085877086
97200	0.3660729039479039
97300	0.3717222222222223
97400	0.37805306267806266
97500	0.38146301383801384
97600	0.36855698005698
97700	0.37205980251632426
97800	0.3749361518111518
97900	0.3778464082214082
98000	0.3888419820919822
98100	0.3758340455840456
98200	0.3734440883190884
98300	0.3713347578347579
98400	0.37571011396011395
98500	0.379531746031746
98600	0.38774643874643877
98700	0.3889236874236874
98800	0.3986383801383802
98900	0.3814098494098495
99000	0.37518981481481484
99100	0.3780961538461539
99200	0.3860263532763533
99300	0.37157081807081804
99400	0.39073789173789175
99500	0.3810732600732601
99600	0.37586609686609684
99700	0.3811253561253561
99800	0.38223219373219386
99900	0.37824460724460723
100000	0.3780861823361824
100100	0.38352665852665857
100200	0.3781941391941393
100300	0.37321011396011394
100400	0.37331593406593405
100500	0.3777047720797721
100600	0.3764329975579976
100700	0.3817304131054131
100800	0.3811945970695971
100900	0.3807494912494912
101000	0.3807982295482296
101100	0.3691426536426537
101200	0.3715671550671551
101300	0.3798137973137973
101400	0.37987820512820514
101500	0.3732089947089947
101600	0.3728511396011397
101700	0.38319586894586893
101800	0.38485744810744815
101900	0.3655181623931624
102000	0.3701588319088319
102100	0.37398677248677253
102200	0.3760779914529914
102300	0.36485144485144483
102400	0.37228347578347576
102500	0.3826103988603989
102600	0.37301745014245025
102700	0.37847507122507124
102800	0.3666367521367521
102900	0.37168559218559216
103000	0.3768007241800346
103100	0.3804817358567359
103200	0.3868142043142043
103300	0.37351282051282053
103400	0.38501343101343105
103500	0.37889245014245015
103600	0.37052950752950753
103700	0.3817193223443224
103800	0.38250961538461536
103900	0.37794647944647947
104000	0.3690612535612535
104100	0.38025356125356125
104200	0.36937148962148963
104300	0.39344940563906083
104400	0.3732171347171348
104500	0.37510653235653235
104600	0.3817116402116402
104700	0.37561965811965814
104800	0.3742833424557563
104900	0.3739085266585267
105000	0.3779017094017094
105100	0.3735558608058608
105200	0.3797079772079773
105300	0.37529385429385437
105400	0.376968660968661
105500	0.3796851851851852
105600	0.37694230769230763
105700	0.3789900284900286
105800	0.3798535816035816
105900	0.3856406695156695
106000	0.39259829059829066
106100	0.3705484330484331
106200	0.374005698005698
106300	0.38258022995523
106400	0.3756705331705332
106500	0.3672849002849004
106600	0.36397008547008547
106700	0.37637932437932436
106800	0.3739665242165243
106900	0.37153276353276354
107000	0.3709205840455841
107100	0.37411711436711437
107200	0.3751585266585267
107300	0.375482498982499
107400	0.3681134513634514
107500	0.3698852767602768
107600	0.39116737891737896
107700	0.38707158119658125
107800	0.3755598290598291
107900	0.3747222222222222
108000	0.37861965811965803
108100	0.3754308099308099
108200	0.38006125356125364
108300	0.3747653133903134
108400	0.3751581196581197
108500	0.36718467643467645
108600	0.3769216524216524
108700	0.3750413105413105
108800	0.3855241428431084
108900	0.37417236467236475
109000	0.3769259259259259
109100	0.37238319088319094
109200	0.3805897435897436
109300	0.3824668803418804
109400	0.378031339031339
109500	0.38470329670329667
109600	0.384965811965812
109700	0.38804853479853485
109800	0.3670243691493692
109900	0.3727621082621083
110000	0.38163466625966624
110100	0.3844643874643875
110200	0.37249989824989826
110300	0.3742116402116401
110400	0.36922003459503455
110500	0.3805018315018315
110600	0.3902277167277167
110700	0.36834574684574684
110800	0.37442551892551895
110900	0.379859991859992
111000	0.3686695156695157
111100	0.3721997880790984
111200	0.3755796703296703
111300	0.3671185897435897
111400	0.3668234635734636
111500	0.3832147170462389
111600	0.37718131868131866
111700	0.38296164021164025
111800	0.37335337810337804
111900	0.37117989417989417
112000	0.3831702279202279
112100	0.37017882580382594
112200	0.3718386752136752
112300	0.3742948717948718
112400	0.37557407407407406
112500	0.3835902523402524
112600	0.38280199430199435
112700	0.380675925925926
112800	0.3798603988603989
112900	0.3874173789173789
113000	0.3745217236467236
113100	0.37705525030525033
113200	0.37235958485958487
113300	0.37470818070818074
113400	0.3786741961741962
113500	0.37916137566137564
113600	0.37433414733414727
113700	0.3828302913561535
113800	0.3765815527065527
113900	0.3683276353276353
114000	0.3653861416361417
114100	0.3831525234025233
114200	0.36148717948717957
114300	0.36888553113553113
114400	0.38593528693528695
114500	0.36804479811376367
114600	0.37731623931623925
114700	0.38276210826210827
114800	0.3834899267399268
114900	0.3924672364672365
115000	0.3763337912087912
115100	0.3778893309755379
115200	0.3825327635327636
115300	0.38324837199837203
115400	0.37164224664224677
115500	0.38154558404558403
115600	0.3798789173789174
115700	0.37473087098087104
115800	0.3716225071225071
115900	0.3706816084479127
116000	0.37079563492063505
116100	0.36989133089133097
116200	0.3673448310948311
116300	0.38682646520146524
116400	0.368352490421456
116500	0.3639230769230769
116600	0.3796535409035409
116700	0.382824888074888
116800	0.3703123728123728
116900	0.3744676434676435
117000	0.37304410866910864
117100	0.3773888888888889
117200	0.3758658933658934
117300	0.3715847578347578
117400	0.3776980056980057
117500	0.37695548433048437
117600	0.37710503417399965
117700	0.3708924501424501
117800	0.38169943019943015
117900	0.37579487179487187
118000	0.37396754171754165
118100	0.36781130443630455
118200	0.3794135124135125
118300	0.3792371794871795
118400	0.38036334961334967
118500	0.3798525641025641
118600	0.3790530118030118
118700	0.37329024216524215
118800	0.37348270248270243
118900	0.37027920227920225
119000	0.38352523402523403
119100	0.3822647537647538
119200	0.3736976004519108
119300	0.38119373219373215
119400	0.3735
119500	0.37463990638990646
119600	0.38248229548229545
119700	0.37591114058355435
119800	0.371616096866097
119900	0.36978859425598565
120000	0.37295618109748546
120100	0.38727350427350427
120200	0.38978317053317063
120300	0.36746652421652415
120400	0.38004700854700857
120500	0.37058312983312985
120600	0.3729583333333333
120700	0.3734551282051283
120800	0.3684170227920228
120900	0.38245624745624757
121000	0.3738822308931006
121100	0.37676292226292235
121200	0.37153286528286533
121300	0.38126638176638183
121400	0.36957336182336187
121500	0.386795227920228
121600	0.3733835978835979
121700	0.37966514041514043
121800	0.38207305657305657
121900	0.3756316418256073
122000	0.3786311558811558
122100	0.385
122200	0.3743621286121286
122300	0.3597016178266179
122400	0.3718945360195361
122500	0.37218101343101345
122600	0.38427889702889706
122700	0.37881690069190077
122800	0.37772654660154664
122900	0.37169932844932835
123000	0.3759483618233618
123100	0.36612678062678067
123200	0.3718148148148149
123300	0.3889645400895401
123400	0.38349328449328446
123500	0.3752700447700447
123600	0.3753149165649165
123700	0.38343452380952386
123800	0.36954024216524217
123900	0.3835478225478226
124000	0.3785072242572243
124100	0.37784859584859587
124200	0.371588726088726
124300	0.3751877289377289
124400	0.38169515669515663
124500	0.3742083333333334
124600	0.37748860398860395
124700	0.38356410256410256
124800	0.37797150997150997
124900	0.3820754985754987
125000	0.3839378306878307
125100	0.3633646723646723
125200	0.3684871794871795
125300	0.37921571021571027
125400	0.38791137566137573
125500	0.3789424094424094
125600	0.37042450142450134
125700	0.3725484330484331
125800	0.3797439967439969
125900	0.3778141025641025
126000	0.37582692307692317
126100	0.3689024830533451
126200	0.362811864061864
126300	0.3888618233618234
126400	0.370329415954416
126500	0.37741595441595444
126600	0.37471509971509975
126700	0.3813333333333333
126800	0.38317012617012614
126900	0.37901531339031336
127000	0.3720242165242165
127100	0.3782742165242165
127200	0.3705451770451771
127300	0.3754358974358975
127400	0.3626630036630037
127500	0.3886068376068376
127600	0.37794403744403743
127700	0.3711411273911273
127800	0.3754066442816443
127900	0.3772351444851445
128000	0.3642328042328042
128100	0.37812494912494915
128200	0.37342236467236467
128300	0.3718090150590151
128400	0.37622649572649575
128500	0.3700320468581338
128600	0.38020689334819774
128700	0.37606766381766377
128800	0.37509864672364673
128900	0.3696360398860399
129000	0.3752037037037037
129100	0.37678123728123725
129200	0.3761602564102564
129300	0.3767792022792023
129400	0.3817710622710623
129500	0.3776856430606431
129600	0.3777203398453399
129700	0.37926251526251525
129800	0.37028912291412286
129900	0.3688002136752137
130000	0.3740342389092389
130100	0.38496132794408655
130200	0.3772849002849003
130300	0.3636246438746439
130400	0.37727777777777777
130500	0.364163258038258
130600	0.3757514245014245
130700	0.37444480056980056
130800	0.3692549857549857
130900	0.37784544159544153
131000	0.38284890109890113
131100	0.379031339031339
131200	0.3701451973951974
131300	0.37323076923076925
131400	0.3714494810744811
131500	0.3793697598697599
131600	0.3753790191290191
131700	0.368568376068376
131800	0.36891524216524213
131900	0.36398468660968664
132000	0.36669230769230776
132100	0.37252747252747254
132200	0.38442236467236474
132300	0.37765188132429517
132400	0.38131980056980064
132500	0.3827019230769231
132600	0.37073565323565316
132700	0.3748205128205129
132800	0.38114774114774125
132900	0.37693589743589734
133000	0.3823575498575499
133100	0.37463995726495736
133200	0.3856794871794872
133300	0.3764300976800977
133400	0.38941376678876677
133500	0.375980056980057
133600	0.382954415954416
133700	0.36995441595441597
133800	0.3766723646723647
133900	0.37759549247049257
134000	0.37037464387464386
134100	0.3889440883190883
134200	0.3833974358974359
134300	0.37047145909645907
134400	0.38292200854700864
134500	0.3805612535612536
134600	0.39127991452991456
134700	0.374894586894587
134800	0.36596703296703287
134900	0.376452787952788
135000	0.376462962962963
135100	0.3739014041514042
135200	0.3727464387464388
135300	0.37241412291412285
135400	0.37449928774928776
135500	0.37543843592550485
135600	0.36090598290598286
135700	0.3762474562474563
135800	0.36083974358974363
135900	0.37602950752950753
136000	0.3945690883190884
136100	0.3711377696377697
136200	0.37100997150997156
136300	0.3664472934472935
136400	0.38064672364672364
136500	0.37342887667887664
136600	0.3814222629222629
136700	0.3754631155881155
136800	0.37054563492063497
136900	0.391130698005698
137000	0.3646819291819292
137100	0.37526780626780626
137200	0.37275030525030517
137300	0.380457264957265
137400	0.38555840455840457
137500	0.37658831908831913
137600	0.3791533374033374
137700	0.37876170126170133
137800	0.3689718152218152
137900	0.35925213675213674
138000	0.37239743589743596
138100	0.3708951973951974
138200	0.36729980842911875
138300	0.3702122507122507
138400	0.3722886650386651
138500	0.36798361823361836
138600	0.37639601139601137
138700	0.3724312169312169
138800	0.37867614269788186
138900	0.37053133903133906
139000	0.37145400895400893
139100	0.36876485551485555
139200	0.3788361823361824
139300	0.3708383190883192
139400	0.3804925213675214
139500	0.37378311965811967
139600	0.3817212047212047
139700	0.3876427553927555
139800	0.3821766381766383
139900	0.3705619658119659
140000	0.3823183760683762
140100	0.38099847374847384
140200	0.38255525030525034
140300	0.3750441595441596
140400	0.3711780626780627
140500	0.38086993179234563
140600	0.37241452991452995
140700	0.3871121286121287
140800	0.37140893365893374
140900	0.3789569597069597
141000	0.3676823361823361
141100	0.372000407000407
141200	0.3802801755410451
141300	0.3820191570881227
141400	0.3719569597069597
141500	0.3670441595441595
141600	0.3717112332112332
141700	0.37610113960113967
141800	0.3749478021978022
141900	0.37987215099715105
142000	0.37271693121693117
142100	0.36735693935693936
142200	0.3668903133903134
142300	0.37582193732193747
142400	0.3901225071225071
142500	0.3748514957264957
142600	0.3625268620268621
142700	0.3804002849002849
142800	0.37719597069597066
142900	0.38053866503866507
143000	0.38451058201058197
143100	0.3674264346764347
143200	0.3685121082621083
143300	0.3824957264957265
143400	0.3756944444444445
143500	0.37101241351241354
143600	0.38703144078144075
143700	0.3811189458689459
143800	0.37565659340659346
143900	0.37285042735042734
144000	0.3856139092389093
144100	0.38455158730158734
144200	0.3719522283272283
144300	0.36672898860398856
144400	0.37456410256410255
144500	0.37662632275132274
144600	0.38772222222222213
144700	0.36469546194546193
144800	0.3789546194546195
144900	0.369341168091168
145000	0.3746894586894587
145100	0.38303846153846155
145200	0.36714570614570613
145300	0.3816662596662596
145400	0.37921642246642245
145500	0.3814188034188034
145600	0.3769266381766382
145700	0.3740328652828654
145800	0.3646324295117399
145900	0.38154884004884015
146000	0.3872115384615385
146100	0.37448005698005693
146200	0.37008679283679285
146300	0.37218867275763823
146400	0.3845376475376475
146500	0.38107661782661784
146600	0.3763834961334962
146700	0.3767606837606837
146800	0.384766737891738
146900	0.37922690272690274
147000	0.3748086080586081
147100	0.3689773097273097
147200	0.3759031339031339
147300	0.3806367521367522
147400	0.38557560032560045
147500	0.3756642246642247
147600	0.3844098494098495
147700	0.3766054131054131
147800	0.3750897944647945
147900	0.3778482905982906
148000	0.37925091575091574
148100	0.37263278388278387
148200	0.3796775644534266
148300	0.3679839743589744
148400	0.3748760683760684
148500	0.3760270655270656
148600	0.3795815527065528
148700	0.3640401912901913
148800	0.38001566951566945
148900	0.36894943019943016
149000	0.3714433716444586
149100	0.3831371547132417
149200	0.3746951566951567
149300	0.37961319698819695
149400	0.3767343304843305
149500	0.37768340455840455
149600	0.3808949938949938
149700	0.3776695156695157
149800	0.3738685388685389
149900	0.393320461945462
150000	0.3766652421652422
150100	0.3747922262922264
150200	0.3832493894993896
150300	0.3752000687690343
150400	0.36954304029304025
150500	0.37177340252340263
150600	0.3768383190883191
150700	0.37844301994301993
150800	0.377011396011396
150900	0.3786937321937322
151000	0.37209686609686615
151100	0.37876302401302403
151200	0.37191452991453
151300	0.3800241147741148
151400	0.37539891127391134
151500	0.37353133903133906
151600	0.3830655270655271
151700	0.372011396011396
151800	0.3613815628815629
151900	0.38221047008547016
152000	0.3794006410256411
152100	0.37078133903133903
152200	0.376940170940171
152300	0.3761624440374441
152400	0.37210754985754985
152500	0.36445436507936513
152600	0.3755103785103786
152700	0.3712492877492877
152800	0.38055687830687834
152900	0.38342806267806273
153000	0.36657529507529507
153100	0.36701953601953596
153200	0.37938888888888894
153300	0.3670975783475784
153400	0.3896252543752544
153500	0.3763636653895275
153600	0.3885042735042735
153700	0.3741356837606838
153800	0.37769953194953193
153900	0.3818998778998779
154000	0.3792678062678063
154100	0.3695458738121782
154200	0.3848105413105414
154300	0.3709259259259259
154400	0.3605669006919007
154500	0.38207509157509156
154600	0.3862696377696378
154700	0.3730997150997151
154800	0.37194978632478626
154900	0.37570848595848594
155000	0.3839912494912495
155100	0.3788084045584045
155200	0.3860729548229548
155300	0.367568376068376
155400	0.3759847374847375
155500	0.37557514245014245
155600	0.3755173992673993
155700	0.37704131054131046
155800	0.3729598192356813
155900	0.3743394383394383
156000	0.3767222222222222
156100	0.3803364875864876
156200	0.3784006919006919
156300	0.3800676638176638
156400	0.3796292226292227
156500	0.3642264957264957
156600	0.3752873422873423
156700	0.3716613247863247
156800	0.37790740740740747
156900	0.37254319291819293
157000	0.3660112942612942
157100	0.38608190883190885
157200	0.3688179181929182
157300	0.3745598290598291
157400	0.3785933048433049
157500	0.37597150997151
157600	0.3843005698005698
157700	0.36751907814407814
157800	0.37730489417989416
157900	0.38150010175010174
158000	0.3869493793243793
158100	0.3723101343101343
158200	0.3871880341880342
158300	0.381459706959707
158400	0.3725209605209605
158500	0.38244444444444453
158600	0.3785433964183964
158700	0.373670634920635
158800	0.3725510785510785
158900	0.37838771876271876
159000	0.3743344017094017
159100	0.3776210826210826
159200	0.37099145299145303
159300	0.37181801994302
159400	0.3699031339031339
159500	0.38193019943019946
159600	0.368136803011803
159700	0.38101953601953603
159800	0.38028108465608457
159900	0.3823276353276353
160000	0.3771992266992268
160100	0.3801475376475377
160200	0.3865473646723646
160300	0.38624501424501423
160400	0.38217948717948724
160500	0.3778564306064306
160600	0.3697435897435898
160700	0.3767279711029711
160800	0.38023371998371996
160900	0.3821411273911274
161000	0.37129446479446476
161100	0.366763431013431
161200	0.3831606634106635
161300	0.38208333333333333
161400	0.3744879426129426
161500	0.37010536223036217
161600	0.3719188034188035
161700	0.38406125356125365
161800	0.36934829059829066
161900	0.3750797720797721
162000	0.3684776658526659
162100	0.37964855514855517
162200	0.3849122914122914
162300	0.3886538461538462
162400	0.3815808913308914
162500	0.37019622507122507
162600	0.37210683760683766
162700	0.37541809116809116
162800	0.3950246235246235
162900	0.3756566460359564
163000	0.37835999185999186
163100	0.37282889172019607
163200	0.38276180301180296
163300	0.3857022792022793
163400	0.37542592592592594
163500	0.39250010175010186
163600	0.3854619454619455
163700	0.3723167480667481
163800	0.36911752136752135
163900	0.3717553418803419
164000	0.37944848287089666
164100	0.3754707468457469
164200	0.3787079772079772
164300	0.3874139194139194
164400	0.3846798433048432
164500	0.37077879527879526
164600	0.3688942816442817
164700	0.36753103378103374
164800	0.3710231990231992
164900	0.3774985754985755
165000	0.376304538054538
165100	0.37363949938949936
165200	0.3746851851851853
165300	0.3734049145299144
165400	0.3753746438746438
165500	0.38100605413105415
165600	0.37958964183964183
165700	0.3803665038665039
165800	0.36714662189662184
165900	0.36627492877492884
166000	0.3818190883190884
166100	0.36836396011396016
166200	0.3819102564102564
166300	0.36849430199430194
166400	0.3718860398860399
166500	0.3746164021164021
166600	0.375131155881156
166700	0.3801254578754578
166800	0.36808119658119665
166900	0.3810575905575906
167000	0.3806520146520146
167100	0.37464102564102564
167200	0.38377742165242174
167300	0.36455881155881154
167400	0.37130565730565723
167500	0.38351958689458693
167600	0.3670184167684168
167700	0.37167704517704514
167800	0.37134900284900285
167900	0.3728917378917379
168000	0.3843927571470675
168100	0.38650681725681724
168200	0.37668874643874645
168300	0.3780299145299147
168400	0.37989936914936917
168500	0.37735042735042745
168600	0.37354950142450144
168700	0.3770754985754985
168800	0.3703024013024013
168900	0.37632498982498974
169000	0.37024074074074076
169100	0.3885204622963244
169200	0.3938596866096867
169300	0.3710141432641433
169400	0.3841638685388685
169500	0.3808675213675214
169600	0.3829871794871795
169700	0.3663956043956044
169800	0.38100641025641035
169900	0.3778048433048433
170000	0.369523199023199
170100	0.3601253561253562
170200	0.3748657407407407
170300	0.3714355413105413
170400	0.3750883190883191
170500	0.3696089743589744
170600	0.37740079365079365
170700	0.3876830484330485
170800	0.36762006512006506
170900	0.37516488603988607
171000	0.3907368742368743
171100	0.37572702377443756
171200	0.3743034188034189
171300	0.3812126577126578
171400	0.3822150997150997
171500	0.3736495726495727
171600	0.38388024013024
171700	0.3724732397232398
171800	0.36781010776662953
171900	0.3815797212047212
172000	0.3721025641025641
172100	0.38387255799755804
172200	0.36232219169719176
172300	0.3736096357346358
172400	0.3673030626780626
172500	0.3676474358974358
172600	0.3837393162393163
172700	0.36973168498168507
172800	0.37789886039886045
172900	0.3693106430606431
173000	0.37871499796499797
173100	0.37233679283679283
173200	0.3692905982905983
173300	0.37409829059829064
173400	0.3860665445665446
173500	0.3791100936100936
173600	0.3783501221001221
173700	0.36178774928774937
173800	0.378519129019129
173900	0.37759152421652425
174000	0.37688675213675216
174100	0.3648276353276353
174200	0.3754477004477005
174300	0.37756552706552704
174400	0.3816880341880342
174500	0.3775063085063085
174600	0.3790940170940171
174700	0.3688418803418803
174800	0.37032905982905984
174900	0.38151678876678874
175000	0.37604649979649973
175100	0.3889361009361009
175200	0.3774756817256817
175300	0.3854374236874238
175400	0.3751184371184371
175500	0.37705739758325957
175600	0.3742052299552299
175700	0.3735250305250305
175800	0.38165455840455853
175900	0.37042806267806266
176000	0.37031552706552706
176100	0.3643885941644562
176200	0.3651375661375661
176300	0.37824287749287744
176400	0.3614985754985755
176500	0.37663146113146106
176600	0.3862692307692308
176700	0.3803586182336183
176800	0.38702421652421654
176900	0.37966422466422467
177000	0.3737863247863248
177100	0.36557834757834756
177200	0.3789731309558896
177300	0.37465384615384617
177400	0.3820570818070818
177500	0.37410897435897433
177600	0.37412739112739113
177700	0.3834166666666667
177800	0.3731118233618234
177900	0.3709718660968661
178000	0.3750722425722426
178100	0.37813853276353276
178200	0.38969444444444445
178300	0.37653805453805456
178400	0.3668717948717949
178500	0.37747812372812384
178600	0.3758134411884411
178700	0.37148005698005687
178800	0.38941631054131054
178900	0.3832440476190476
179000	0.3803323158323158
179100	0.36894017094017095
179200	0.37498433048433044
179300	0.37548832680729244
179400	0.37393019943019945
179500	0.3728443223443223
179600	0.3777200854700854
179700	0.373985347985348
179800	0.3775391229141229
179900	0.3627710622710623
180000	0.37465125152625156
180100	0.37058923483923484
180200	0.37989743589743596
180300	0.3767706552706553
180400	0.37335541310541315
180500	0.3585765160765161
180600	0.37560327635327634
180700	0.3794458689458689
180800	0.3802795075295075
180900	0.37663573463573463
181000	0.37992134015409873
181100	0.37892165242165243
181200	0.3707345024069162
181300	0.37228774928774927
181400	0.3719316239316239
181500	0.3753164428164429
181600	0.3826709401709402
181700	0.38512128612128615
181800	0.3784358974358974
181900	0.36866951566951556
182000	0.37892663817663824
182100	0.36800895400895406
182200	0.37774169188299617
182300	0.3814116809116809
182400	0.3775433455433455
182500	0.37471438746438746
182600	0.3753789173789174
182700	0.38039565527065533
182800	0.3751043956043956
182900	0.3702337199837199
183000	0.3678240740740741
183100	0.37388064713064717
183200	0.3814459706959708
183300	0.38197079772079773
183400	0.381167785917786
183500	0.37239590964590974
183600	0.37924821937321945
183700	0.38398860398860396
183800	0.37465384615384617
183900	0.3759841778591779
184000	0.3730106837606838
184100	0.36703866503866506
184200	0.38265206552706554
184300	0.37458760683760683
184400	0.38694693732193736
184500	0.3831909849409849
184600	0.36356420431420433
184700	0.3871955636955638
184800	0.3731096866096867
184900	0.38289896214896213
185000	0.3856172161172161
185100	0.3791823361823362
185200	0.37670726495726503
185300	0.3821769434269434
185400	0.37791849816849826
185500	0.382175925925926
185600	0.37796296296296295
185700	0.3758939763939765
185800	0.3835840455840456
185900	0.367476800976801
186000	0.37926638176638183
186100	0.3685507733007733
186200	0.3737228327228328
186300	0.37180453805453806
186400	0.38624369149369153
186500	0.3764801587301587
186600	0.38011975986976
186700	0.3688390313390313
186800	0.3712393162393163
186900	0.37536543549043544
187000	0.3797136752136752
187100	0.3799882987382988
187200	0.38121225071225073
187300	0.3688083028083029
187400	0.3633603988603989
187500	0.3738609076109075
187600	0.3774114774114774
187700	0.37142485754985755
187800	0.3778643162393162
187900	0.38601861325137177
188000	0.37388779770676317
188100	0.36831298331298334
188200	0.38463848188848193
188300	0.38489529914529913
188400	0.36932193732193735
188500	0.370218660968661
188600	0.37080409947651327
188700	0.3657830687830688
188800	0.37282656695156685
188900	0.3680725478225477
189000	0.37269729344729347
189100	0.37835754985754994
189200	0.3631239316239316
189300	0.3842713166463167
189400	0.37074501424501427
189500	0.3784430199430199
189600	0.3769131054131054
189700	0.37374606713737146
189800	0.36650600325600313
189900	0.3855743793243794
190000	0.38708262108262115
190100	0.37345171957671963
190200	0.3688262108262108
190300	0.37647557997558
190400	0.3686381766381766
190500	0.3777338217338217
190600	0.38164499389499384
190700	0.3736125356125356
190800	0.3821794871794872
190900	0.38250000000000006
191000	0.3715137871387871
191100	0.37100814000814
191200	0.3694896723646724
191300	0.3798671652421653
191400	0.3773297720797721
191500	0.3943048433048434
191600	0.374736975986976
191700	0.3670495522995524
191800	0.3838073870573871
191900	0.374054131054131
192000	0.3744266381766382
192100	0.38223789173789174
192200	0.38236518111518114
192300	0.38400193325193327
192400	0.374514245014245
192500	0.3753799857549858
192600	0.37046998371998374
192700	0.37635032560032566
192800	0.38089494301994314
192900	0.3855527065527065
193000	0.3648725071225071
193100	0.38489021164021175
193200	0.37678734228734223
193300	0.3725551485551486
193400	0.3575046805046805
193500	0.37697677443329625
193600	0.390605870980871
193700	0.3749276556776556
193800	0.3757108262108262
193900	0.37678133903133915
194000	0.3770267602767602
194100	0.38538746438746446
194200	0.3793005698005699
194300	0.3728981481481481
194400	0.3723849715099716
194500	0.37071573828470383
194600	0.3785691900691901
194700	0.3862250712250713
194800	0.3836406695156695
194900	0.37575847332743884
195000	0.3732585470085469
195100	0.37638319088319094
195200	0.384056573056573
195300	0.375977207977208
195400	0.3804601139601139
195500	0.3865838420838422
195600	0.3753968253968254
195700	0.36055698005698
195800	0.38050661375661377
195900	0.3899243996743998
196000	0.38028215303215307
196100	0.3741855413105414
196200	0.37568028714580437
196300	0.3684668294668295
196400	0.37420238095238106
196500	0.36607778795278795
196600	0.3766673789173789
196700	0.372767094017094
196800	0.3764897807506503
196900	0.369190170940171
197000	0.37003659845901227
197100	0.38675264550264554
197200	0.3749398148148149
197300	0.3868311965811965
197400	0.38145655270655265
197500	0.3824797008547009
197600	0.3723417785917785
197700	0.38327492877492875
197800	0.3809907407407407
197900	0.3739201261701262
198000	0.3724087810337811
198100	0.3630940170940171
198200	0.375037851037851
198300	0.3879787342287343
198400	0.3820306267806269
198500	0.38126994301994316
198600	0.37550071225071224
198700	0.3818802910052911
198800	0.37270370370370365
198900	0.3716125356125356
199000	0.3711552197802198
199100	0.376329415954416
199200	0.3775096153846154
199300	0.3682037037037037
199400	0.3814444444444445
199500	0.3798123728123728
199600	0.37148290598290606
199700	0.37582336182336185
199800	0.3829301994301994
199900	0.3884775641025641
200000	0.3759985754985755
200100	0.3859465811965812
200200	0.3636039886039885
200300	0.372070054945055
200400	0.36690918803418804
200500	0.3794650997150997
200600	0.37742266992267
200700	0.37755606430606437
200800	0.3758536324786325
200900	0.3713656898656899
201000	0.3747806267806267
201100	0.37521911884411885
201200	0.3841908831908832
201300	0.3874271995565099
201400	0.3731642246642246
201500	0.3674900284900285
201600	0.37065692298844466
201700	0.36725356125356134
201800	0.3828834978878083
201900	0.38754741554741556
202000	0.3785950345950347
202100	0.3833554131054132
202200	0.37195543345543347
202300	0.3630941188441188
202400	0.3819234348027451
202500	0.3749306064306065
202600	0.37138319088319083
202700	0.3704451566951567
202800	0.3905185185185185
202900	0.37190954415954414
203000	0.38293945868945867
203100	0.38445095645095645
203200	0.37882264957264966
203300	0.37596164021164025
203400	0.37900819088319093
203500	0.3798385225885227
203600	0.3690565414789552
203700	0.3788190883190884
203800	0.3742570207570207
203900	0.38012199837199845
204000	0.3782207977207978
204100	0.3707352462352463
204200	0.37875966625966623
204300	0.3696367521367522
204400	0.37384707569902476
204500	0.36969271469271464
204600	0.38614947089947094
204700	0.3772413512413513
204800	0.3692293447293447
204900	0.38489173789173786
205000	0.378167378917379
205100	0.37597542735042727
205200	0.3775412087912088
205300	0.38002279202279216
205400	0.3789725274725274
205500	0.3718813593813594
205600	0.38334940984940996
205700	0.3750583028083027
205800	0.37191631054131047
205900	0.38272410459910466
206000	0.36622751322751323
206100	0.37912820512820516
206200	0.3743646723646723
206300	0.378508547008547
206400	0.37584483109483113
206500	0.373701566951567
206600	0.3637759462759463
206700	0.3777339743589744
206800	0.3909020655270655
206900	0.379295584045584
207000	0.3770865893365894
207100	0.3654079161579161
207200	0.37927350427350437
207300	0.36159686609686603
207400	0.379025234025234
207500	0.37488603988603997
207600	0.3832294464794465
207700	0.3606364468864469
207800	0.3800441595441596
207900	0.3834376271876273
208000	0.3858371419449006
208100	0.3814349150211219
208200	0.38773056573056575
208300	0.375710113960114
208400	0.39011752136752154
208500	0.38184686609686613
208600	0.3638005698005698
208700	0.3738333333333333
208800	0.38597293447293457
208900	0.3640715811965812
209000	0.3819433251933252
209100	0.3691679894179894
209200	0.382965404965405
209300	0.3807634818884819
209400	0.3660739723239724
209500	0.3681410256410257
209600	0.37364041514041524
209700	0.36659829059829063
209800	0.3671723646723646
209900	0.3773058608058608
210000	0.3636131461131461
210100	0.37670512820512825
210200	0.3842024827024827
210300	0.37940491452991454
210400	0.37850997150997145
210500	0.3817720797720797
210600	0.3710849104599105
210700	0.3721749084249084
210800	0.38389346764346766
210900	0.3762177960927961
211000	0.38820446682946697
211100	0.37141493691493693
211200	0.3747286324786324
211300	0.3764301485551486
211400	0.37773204110704106
211500	0.3584857549857549
211600	0.3883636548636548
211700	0.37383760683760686
211800	0.37749109686609683
211900	0.37200814000814003
212000	0.37031766381766384
212100	0.38591086691086696
212200	0.3787578347578348
212300	0.376493894993895
212400	0.37960551485551497
212500	0.3765890313390314
212600	0.36882306709892926
212700	0.38904578754578767
212800	0.3763525641025641
212900	0.38084513634513634
213000	0.38375249287749297
213100	0.37563563288563284
213200	0.35808404558404555
213300	0.3784049654049654
213400	0.38584208384208385
213500	0.37309116809116805
213600	0.3785898453398454
213700	0.37935744810744826
213800	0.3645184167684167
213900	0.36896204721204723
214000	0.37707020757020765
214100	0.3807022792022792
214200	0.37732661782661786
214300	0.3677225783475784
214400	0.37779965404965404
214500	0.37117378917378924
214600	0.3720082417582417
214700	0.37983058608058606
214800	0.3852350427350427
214900	0.3512549857549858
215000	0.37189173789173785
215100	0.3630672568172569
215200	0.38644067969067974
215300	0.3654766676490814
215400	0.3657916666666667
215500	0.38380621868552905
215600	0.37131623931623936
215700	0.3844315221815222
215800	0.3821521164021165
215900	0.37822039072039076
216000	0.38240516890516896
216100	0.3914672364672366
216200	0.38443386243386246
216300	0.37486823361823357
216400	0.3813887871387871
216500	0.3895762108262108
216600	0.37443162393162394
216700	0.3792884615384615
216800	0.385207264957265
216900	0.38609935897435904
217000	0.3712108262108262
217100	0.37726027676027674
217200	0.37392083842083845
217300	0.37039194139194137
217400	0.3574490231990232
217500	0.37519129019129027
217600	0.365535816035816
217700	0.35992409442409434
217800	0.37298346560846574
217900	0.3707581134646352
218000	0.38035042735042734
218100	0.3765363247863248
218200	0.37349104599104593
218300	0.3705516890516891
218400	0.3654047619047619
218500	0.3730440577940578
218600	0.37701404151404155
218700	0.3864861111111111
218800	0.375945868945869
218900	0.3823945868945869
219000	0.3779088319088319
219100	0.37217531542531546
219200	0.36358119658119653
219300	0.37335890067786626
219400	0.3843881766381767
219500	0.3723735754985756
219600	0.3775940170940171
219700	0.38461584249084263
219800	0.3881783679283679
219900	0.3777443528693529
220000	0.37205318372559754
220100	0.3796467236467237
220200	0.38039458689458694
220300	0.37778062678062685
220400	0.3744772588522588
220500	0.37928978428978427
220600	0.37771479446479445
220700	0.38344271469271474
220800	0.3872824582824584
220900	0.3807692307692307
221000	0.37644693732193735
221100	0.37707539682539687
221200	0.3653304843304843
221300	0.3665811965811966
221400	0.37777096052096054
221500	0.3775448717948718
221600	0.381425518925519
221700	0.36518365893365895
221800	0.3832586487586488
221900	0.37753276353276355
222000	0.3733715001473622
222100	0.38743915343915347
222200	0.3696098901098901
222300	0.3689971509971509
222400	0.3870056471306472
222500	0.3781620370370371
222600	0.3715876068376069
222700	0.3779729344729345
222800	0.3789494301994303
222900	0.36651673789173783
223000	0.3810858262108262
223100	0.3714549755799756
223200	0.37306552706552704
223300	0.36980067155067153
223400	0.36418660968660965
223500	0.37471265771265777
223600	0.37240166905253114
223700	0.3747090964590965
223800	0.37955413105413105
223900	0.3858928062678063
224000	0.378431623931624
224100	0.3737692307692308
224200	0.38177309727309733
224300	0.3810554538054538
224400	0.3710923382173382
224500	0.3891118233618234
224600	0.37665364265364265
224700	0.3804523809523809
224800	0.37296794871794875
224900	0.38713314000814003
225000	0.3780367826617827
225100	0.37287596662596656
225200	0.36700244200244203
225300	0.38080626780626775
225400	0.3806075498575498
225500	0.381769586894587
225600	0.3852147435897436
225700	0.3826154863654864
225800	0.363718660968661
225900	0.37305799755799746
226000	0.38171448921448925
226100	0.3744984737484737
226200	0.3716260528923573
226300	0.38285470085470086
226400	0.3600500610500611
226500	0.38214957264957267
226600	0.3824074074074074
226700	0.37506827431827433
226800	0.3815589133089134
226900	0.3878960113960114
227000	0.37598611111111113
227100	0.37247150997151
227200	0.37637321937321944
227300	0.37939011370383185
227400	0.36923219373219374
227500	0.3794769491780362
227600	0.3698158831908832
227700	0.3782540700040701
227800	0.3808518518518519
227900	0.3750023911273912
228000	0.37563782051282046
228100	0.3866078323017979
228200	0.36698819698819707
228300	0.3731957671957672
228400	0.38357229344729343
228500	0.38186202686202686
228600	0.3734020655270655
228700	0.3659586894586894
228800	0.3797717236467236
228900	0.3786880341880342
229000	0.37828057590557596
229100	0.3754622507122507
229200	0.3870142958892959
229300	0.3720541310541311
229400	0.3788956043956045
229500	0.37499979649979653
229600	0.38471794871794873
229700	0.3681533882783883
229800	0.3822632275132275
229900	0.38453286528286534
230000	0.3761561864061865
230100	0.3739152421652422
230200	0.37778825803825816
230300	0.38114529914529915
230400	0.37599857549857557
230500	0.3810752950752951
230600	0.3732632275132276
230700	0.37511396011396014
230800	0.36855280830280823
230900	0.3750868945868945
231000	0.3800982905982907
231100	0.3820783475783475
231200	0.37467501017501015
231300	0.36328347578347575
231400	0.37425213675213687
231500	0.3780869963369963
231600	0.3829032356532357
231700	0.37604518757104965
231800	0.3699148860398861
231900	0.38082560032560037
232000	0.3817207977207978
232100	0.37081196581196585
232200	0.37409249084249074
232300	0.37874247049247056
232400	0.3710477207977208
232500	0.3796110093610094
232600	0.3675227411477412
232700	0.37662856125356126
232800	0.3861136548636549
232900	0.37863827838827846
233000	0.38357692307692315
233100	0.37030413105413107
233200	0.3863660968660968
233300	0.3605790598290598
233400	0.36979985754985756
233500	0.38006944444444446
233600	0.3723417277167277
233700	0.373
233800	0.3747057667747323
233900	0.3904120879120879
234000	0.3876595441595442
234100	0.38022064684995727
234200	0.3770011701261701
234300	0.381440170940171
234400	0.3849061864061864
234500	0.387542328042328
234600	0.3791414326414327
234700	0.3841004273504274
234800	0.375613603988604
234900	0.3704602157102157
235000	0.380346866096866
235100	0.38976923076923076
235200	0.3678173690932312
235300	0.3760840455840456
235400	0.3710452787952788
235500	0.3779317256817257
235600	0.3666367521367522
235700	0.36820207570207575
235800	0.3694740537240536
235900	0.38610536398467443
236000	0.3774821937321938
236100	0.37629842862451557
236200	0.3728532763532765
236300	0.38086711436711435
236400	0.37686823361823363
236500	0.37212932437932433
236600	0.37424577737077735
236700	0.3841827431827432
236800	0.37612006512006513
236900	0.39250320512820525
237000	0.377588013838014
237100	0.3719940669164807
237200	0.380996336996337
237300	0.3848123728123728
237400	0.3754729344729345
237500	0.38277386039886035
237600	0.3663688441188441
237700	0.3720031033781034
237800	0.3759540598290598
237900	0.38149333536833535
238000	0.37252319902319897
238100	0.3664863654863655
238200	0.3865625254375255
238300	0.3734878917378917
238400	0.3794301728866947
238500	0.3826485042735043
238600	0.36929734918865365
238700	0.37912357549857545
238800	0.3624603174603174
238900	0.3815548433048434
239000	0.3772268474279344
239100	0.3781648351648351
239200	0.37748188848188846
239300	0.3685911680911681
239400	0.36837845950345965
239500	0.38234793447293447
239600	0.36971225071225067
239700	0.3841364240803897
239800	0.3792077737077737
239900	0.38493833943833944
240000	0.36713960113960115
240100	0.38445492470492476
240200	0.35625610500610494
240300	0.3697051282051282
240400	0.3830260480260481
240500	0.3720445665445666
240600	0.38091595441595444
240700	0.37676251526251525
240800	0.3739699837199838
240900	0.3933761701261701
241000	0.3775694444444445
241100	0.3867108262108263
241200	0.3755478225478226
241300	0.3860527065527065
241400	0.382702380952381
241500	0.37984533984533986
241600	0.37758511396011396
241700	0.37672268009768006
241800	0.36879192104192116
241900	0.3852180504680505
242000	0.36542297517297523
242100	0.3877820512820513
242200	0.38328164428164435
242300	0.3707075702075702
242400	0.3695596255596255
242500	0.37858119658119654
242600	0.3750829772079772
242700	0.3784022181522183
242800	0.3699594017094017
242900	0.3808947395197395
243000	0.372718660968661
243100	0.38306908831908837
243200	0.38199735449735456
243300	0.37598931623931625
243400	0.3772991452991453
243500	0.3782977207977208
243600	0.3772250712250712
243700	0.3783974358974359
243800	0.3717743182743182
243900	0.38058557183557185
244000	0.3784175824175824
244100	0.3829843304843305
244200	0.37068111518111513
244300	0.369112433862434
244400	0.3702326007326008
244500	0.373247150997151
244600	0.3698531746031747
244700	0.3751328856328856
244800	0.37156410256410255
244900	0.37553174603174594
245000	0.3721670736670738
245100	0.3766813695563696
245200	0.38644256206756217
245300	0.38100366300366306
245400	0.3761293243793244
245500	0.37294301994301987
245600	0.37054161579161576
245700	0.37698433048433044
245800	0.37049389499389496
245900	0.37955270655270656
246000	0.3783828856328857
246100	0.3771566951566951
246200	0.37163895906137284
246300	0.37359055759055765
246400	0.37536853886853894
246500	0.3726581196581197
246600	0.37352716727716734
246700	0.38855555555555565
246800	0.37534757834757837
246900	0.3837382478632478
247000	0.38021209808709805
247100	0.37537505087505096
247200	0.3831592897842898
247300	0.36903032153032156
247400	0.38473789173789175
247500	0.3639699837199837
247600	0.3778786226544847
247700	0.38246427869703736
247800	0.37517022792022786
247900	0.37403098290598286
248000	0.38099323361823356
248100	0.37291915954415955
248200	0.3739306064306065
248300	0.3719875864875865
248400	0.3852986891779996
248500	0.38395695970695976
248600	0.36605626780626777
248700	0.37332326007326
248800	0.37520807895807906
248900	0.3823904151404151
249000	0.3656379240172344
249100	0.3760152625152625
249200	0.3757941595441596
249300	0.38607193732193734
249400	0.37385897435897436
249500	0.3756306980056979
249600	0.3802849511599512
249700	0.39002706552706556
249800	0.37816096866096865
249900	0.3731381257631257
