#MCS	VolumeEnergy
0	708.0
10	1732.0
20	1802.0
30	2088.0
40	2066.0
50	2162.0
60	2332.0
70	1978.0
80	2414.0
90	2370.0
100	2602.0
110	2524.0
120	2632.0
130	3050.0
140	2866.0
150	2522.0
160	3160.0
170	2646.0
180	2758.0
190	2826.0
200	2756.0
210	2834.0
220	2414.0
230	2536.0
240	2542.0
250	2680.0
260	2272.0
270	2726.0
280	2588.0
290	2382.0
300	2686.0
310	2550.0
320	3090.0
330	2664.0
340	2958.0
350	2660.0
360	2956.0
370	2892.0
380	2550.0
390	2602.0
400	2818.0
410	2534.0
420	2328.0
430	2528.0
440	2830.0
450	2822.0
460	2544.0
470	2688.0
480	2482.0
490	2622.0
500	2642.0
510	2744.0
520	2454.0
530	2668.0
540	2396.0
550	2748.0
560	2474.0
570	2484.0
580	2456.0
590	2408.0
600	2438.0
610	2612.0
620	2968.0
630	2652.0
640	2814.0
650	2570.0
660	2362.0
670	2830.0
680	2540.0
690	2906.0
700	2558.0
710	2476.0
720	2794.0
730	2392.0
740	2990.0
750	2868.0
760	2834.0
770	3006.0
780	3246.0
790	3188.0
800	2904.0
810	2890.0
820	2776.0
830	3074.0
840	2886.0
850	2666.0
860	2960.0
870	2472.0
880	2622.0
890	2634.0
900	2638.0
910	2352.0
920	2442.0
930	2452.0
940	2520.0
950	2418.0
960	2534.0
970	2738.0
980	2466.0
990	2778.0
1000	2580.0
1010	2588.0
1020	2316.0
1030	2540.0
1040	2252.0
1050	2738.0
1060	2534.0
1070	2416.0
1080	2760.0
1090	2342.0
1100	2234.0
1110	2424.0
1120	3018.0
1130	2528.0
1140	2704.0
1150	2854.0
1160	2788.0
1170	2776.0
1180	2600.0
1190	2254.0
1200	2466.0
1210	2598.0
1220	2606.0
1230	2674.0
1240	2510.0
1250	2420.0
1260	2728.0
1270	2410.0
1280	2518.0
1290	2730.0
1300	2974.0
1310	2592.0
1320	2658.0
1330	2870.0
1340	2904.0
1350	2220.0
1360	2380.0
1370	2388.0
1380	2356.0
1390	2300.0
1400	2466.0
1410	2606.0
1420	2818.0
1430	2482.0
1440	2388.0
1450	2584.0
1460	2460.0
1470	2484.0
1480	2760.0
1490	2414.0
1500	2314.0
1510	2318.0
1520	2846.0
1530	2700.0
1540	2382.0
1550	2634.0
1560	2600.0
1570	2614.0
1580	2862.0
1590	2740.0
1600	2476.0
1610	2542.0
1620	2436.0
1630	2350.0
1640	2170.0
1650	2362.0
1660	2306.0
1670	2394.0
1680	2450.0
1690	2308.0
1700	2050.0
1710	2456.0
1720	2454.0
1730	2344.0
1740	2350.0
1750	2492.0
1760	2626.0
1770	2642.0
1780	2672.0
1790	2524.0
1800	2484.0
1810	2760.0
1820	2432.0
1830	2752.0
1840	2182.0
1850	2314.0
1860	2276.0
1870	2298.0
1880	2456.0
1890	2644.0
1900	2686.0
1910	2364.0
1920	2156.0
1930	2470.0
1940	2518.0
1950	2808.0
1960	2550.0
1970	2402.0
1980	2038.0
1990	2506.0
2000	2416.0
2010	2372.0
2020	2198.0
2030	2068.0
2040	2300.0
2050	2294.0
2060	2350.0
2070	2374.0
2080	2292.0
2090	2186.0
2100	2334.0
2110	2134.0
2120	2186.0
2130	2002.0
2140	2378.0
2150	2248.0
2160	2666.0
2170	2438.0
2180	2372.0
2190	2570.0
2200	2326.0
2210	2294.0
2220	2206.0
2230	2600.0
2240	2676.0
2250	2580.0
2260	2900.0
2270	2652.0
2280	2452.0
2290	2404.0
2300	2638.0
2310	2260.0
2320	2356.0
2330	2336.0
2340	2758.0
2350	2768.0
2360	2728.0
2370	2462.0
2380	2408.0
2390	2518.0
2400	2740.0
2410	2936.0
2420	2900.0
2430	2582.0
2440	2384.0
2450	2434.0
2460	2342.0
2470	2388.0
2480	2694.0
2490	2364.0
2500	2450.0
2510	2598.0
2520	2680.0
2530	2770.0
2540	2808.0
2550	2422.0
2560	2548.0
2570	2436.0
2580	2578.0
2590	2738.0
2600	2652.0
2610	2520.0
2620	2772.0
2630	2626.0
2640	2850.0
2650	2734.0
2660	2668.0
2670	2582.0
2680	2620.0
2690	2382.0
2700	2304.0
2710	2448.0
2720	2464.0
2730	2324.0
2740	2398.0
2750	2340.0
2760	2438.0
2770	2122.0
2780	2516.0
2790	2376.0
2800	2324.0
2810	2220.0
2820	2408.0
2830	2746.0
2840	2064.0
2850	2538.0
2860	2772.0
2870	2780.0
2880	2784.0
2890	2302.0
2900	2474.0
2910	2498.0
2920	2552.0
2930	2122.0
2940	2340.0
2950	2524.0
2960	2696.0
2970	2966.0
2980	2190.0
2990	2306.0
3000	2336.0
3010	2436.0
3020	2266.0
3030	2324.0
3040	2528.0
3050	2318.0
3060	2370.0
3070	2568.0
3080	2606.0
3090	2368.0
3100	2300.0
3110	2726.0
3120	2380.0
3130	2334.0
3140	2554.0
3150	2562.0
3160	2372.0
3170	2394.0
3180	2350.0
3190	2526.0
3200	2382.0
3210	2464.0
3220	2642.0
3230	2618.0
3240	2594.0
3250	2538.0
3260	2512.0
3270	2388.0
3280	2282.0
3290	2440.0
3300	2642.0
3310	2540.0
3320	2196.0
3330	2470.0
3340	2180.0
3350	2274.0
3360	2216.0
3370	2404.0
3380	2218.0
3390	2186.0
3400	2440.0
3410	2594.0
3420	2502.0
3430	2352.0
3440	2498.0
3450	2448.0
3460	2942.0
3470	2480.0
3480	1888.0
3490	2014.0
3500	2546.0
3510	2664.0
3520	2422.0
3530	2388.0
3540	2354.0
3550	2398.0
3560	2396.0
3570	2314.0
3580	2558.0
3590	2864.0
3600	2868.0
3610	2982.0
3620	3040.0
3630	2724.0
3640	2670.0
3650	2442.0
3660	2778.0
3670	2576.0
3680	2494.0
3690	2490.0
3700	2588.0
3710	2506.0
3720	2534.0
3730	2686.0
3740	2786.0
3750	2480.0
3760	2976.0
3770	2916.0
3780	3110.0
3790	2688.0
3800	2950.0
3810	2634.0
3820	2630.0
3830	2504.0
3840	2496.0
3850	2376.0
3860	2638.0
3870	2548.0
3880	2360.0
3890	2536.0
3900	2602.0
3910	2628.0
3920	2610.0
3930	2494.0
3940	2662.0
3950	2510.0
3960	2592.0
3970	2390.0
3980	2860.0
3990	2608.0
4000	2636.0
4010	2678.0
4020	2378.0
4030	2374.0
4040	2402.0
4050	2368.0
4060	2212.0
4070	2394.0
4080	2458.0
4090	2444.0
4100	2436.0
4110	2360.0
4120	2178.0
4130	2354.0
4140	2474.0
4150	2542.0
4160	2392.0
4170	2372.0
4180	2486.0
4190	2358.0
4200	2458.0
4210	2420.0
4220	2486.0
4230	2372.0
4240	2598.0
4250	2622.0
4260	2546.0
4270	2510.0
4280	2352.0
4290	2710.0
4300	2574.0
4310	2182.0
4320	2226.0
4330	2288.0
4340	2290.0
4350	2478.0
4360	2650.0
4370	2702.0
4380	2818.0
4390	2290.0
4400	2316.0
4410	2510.0
4420	2074.0
4430	2402.0
4440	2714.0
4450	2484.0
4460	2088.0
4470	2228.0
4480	2370.0
4490	2452.0
4500	2116.0
4510	2116.0
4520	2228.0
4530	2652.0
4540	2354.0
4550	2324.0
4560	2320.0
4570	2480.0
4580	2454.0
4590	2280.0
4600	2332.0
4610	2422.0
4620	2706.0
4630	2362.0
4640	2360.0
4650	2592.0
4660	2174.0
4670	2646.0
4680	2442.0
4690	2444.0
4700	2278.0
4710	2558.0
4720	2430.0
4730	2468.0
4740	2296.0
4750	2166.0
4760	1956.0
4770	2256.0
4780	2530.0
4790	2404.0
4800	2348.0
4810	2266.0
4820	2336.0
4830	2570.0
4840	2410.0
4850	2882.0
4860	2588.0
4870	2840.0
4880	2668.0
4890	2600.0
4900	2558.0
4910	2432.0
4920	2160.0
4930	2374.0
4940	2216.0
4950	2414.0
4960	2474.0
4970	2758.0
4980	2362.0
4990	2468.0
5000	2572.0
5010	2314.0
5020	2210.0
5030	2300.0
5040	2334.0
5050	2478.0
5060	2656.0
5070	2664.0
5080	2348.0
5090	2576.0
5100	2334.0
5110	2484.0
5120	2516.0
5130	2368.0
5140	2440.0
5150	2278.0
5160	2420.0
5170	2426.0
5180	2270.0
5190	2064.0
5200	2356.0
5210	2722.0
5220	2590.0
5230	2398.0
5240	2420.0
5250	2692.0
5260	2324.0
5270	2378.0
5280	2574.0
5290	2462.0
5300	2314.0
5310	2272.0
5320	2094.0
5330	2722.0
5340	2606.0
5350	2534.0
5360	2564.0
5370	2248.0
5380	2100.0
5390	2516.0
5400	2542.0
5410	2374.0
5420	1982.0
5430	2256.0
5440	2402.0
5450	2436.0
5460	2414.0
5470	2320.0
5480	2370.0
5490	2110.0
5500	2320.0
5510	2366.0
5520	2106.0
5530	2464.0
5540	2606.0
5550	2488.0
5560	2528.0
5570	2462.0
5580	2286.0
5590	2206.0
5600	2554.0
5610	2396.0
5620	2798.0
5630	2488.0
5640	2452.0
5650	2410.0
5660	2378.0
5670	2316.0
5680	2330.0
5690	2344.0
5700	2458.0
5710	2330.0
5720	2134.0
5730	2402.0
5740	2782.0
5750	2410.0
5760	2440.0
5770	2620.0
5780	2582.0
5790	2322.0
5800	2316.0
5810	2552.0
5820	2594.0
5830	2626.0
5840	2602.0
5850	2454.0
5860	2482.0
5870	2598.0
5880	2380.0
5890	2706.0
5900	2892.0
5910	2796.0
5920	2668.0
5930	2676.0
5940	2538.0
5950	2354.0
5960	2450.0
5970	2224.0
5980	2384.0
5990	2126.0
6000	2232.0
6010	2736.0
6020	2602.0
6030	2572.0
6040	2642.0
6050	2372.0
6060	2218.0
6070	2454.0
6080	2318.0
6090	2674.0
6100	2288.0
6110	2470.0
6120	2472.0
6130	2538.0
6140	2268.0
6150	2458.0
6160	2510.0
6170	2330.0
6180	2412.0
6190	2606.0
6200	2394.0
6210	2278.0
6220	2322.0
6230	2320.0
6240	2402.0
6250	2694.0
6260	2416.0
6270	2356.0
6280	2322.0
6290	2830.0
6300	2378.0
6310	2444.0
6320	2364.0
6330	2724.0
6340	2488.0
6350	2232.0
6360	2764.0
6370	2608.0
6380	2622.0
6390	2650.0
6400	2724.0
6410	2474.0
6420	2730.0
6430	2648.0
6440	2656.0
6450	2408.0
6460	2546.0
6470	2254.0
6480	2216.0
6490	2138.0
6500	2146.0
6510	2518.0
6520	2542.0
6530	2698.0
6540	2330.0
6550	2252.0
6560	2260.0
6570	2282.0
6580	2664.0
6590	2232.0
6600	2766.0
6610	3040.0
6620	2578.0
6630	3120.0
6640	2906.0
6650	2790.0
6660	2670.0
6670	2554.0
6680	2642.0
6690	2240.0
6700	2506.0
6710	2102.0
6720	2090.0
6730	2398.0
6740	2568.0
6750	2372.0
6760	2124.0
6770	2370.0
6780	2170.0
6790	2556.0
6800	2544.0
6810	2768.0
6820	2396.0
6830	2308.0
6840	2310.0
6850	2956.0
6860	2630.0
6870	2732.0
6880	2684.0
6890	2688.0
6900	2876.0
6910	2550.0
6920	2648.0
6930	2436.0
6940	2350.0
6950	2484.0
6960	2048.0
6970	2216.0
6980	1970.0
6990	2344.0
7000	2488.0
7010	2532.0
7020	2504.0
7030	2698.0
7040	2356.0
7050	2592.0
7060	2268.0
7070	2310.0
7080	2474.0
7090	1846.0
7100	2446.0
7110	2116.0
7120	2122.0
7130	2400.0
7140	2180.0
7150	2200.0
7160	2140.0
7170	2230.0
7180	2352.0
7190	2408.0
7200	2154.0
7210	2204.0
7220	2176.0
7230	2368.0
7240	2138.0
7250	2200.0
7260	2592.0
7270	2380.0
7280	2642.0
7290	2378.0
7300	2430.0
7310	2454.0
7320	2208.0
7330	2430.0
7340	2670.0
7350	2484.0
7360	2430.0
7370	2648.0
7380	2528.0
7390	2468.0
7400	2390.0
7410	2548.0
7420	2614.0
7430	2494.0
7440	2384.0
7450	2350.0
7460	2350.0
7470	2282.0
7480	2578.0
7490	2320.0
7500	2476.0
7510	2398.0
7520	2646.0
7530	2466.0
7540	2584.0
7550	2430.0
7560	2760.0
7570	2412.0
7580	2302.0
7590	2392.0
7600	2024.0
7610	2338.0
7620	2292.0
7630	2426.0
7640	2340.0
7650	2404.0
7660	2224.0
7670	2492.0
7680	2214.0
7690	2142.0
7700	2228.0
7710	2322.0
7720	2664.0
7730	2080.0
7740	2282.0
7750	2306.0
7760	2094.0
7770	2280.0
7780	2348.0
7790	2218.0
7800	2336.0
7810	2534.0
7820	2328.0
7830	2270.0
7840	2172.0
7850	2232.0
7860	2224.0
7870	2040.0
7880	2304.0
7890	2400.0
7900	2344.0
7910	2288.0
7920	2366.0
7930	2668.0
7940	2534.0
7950	2710.0
7960	2394.0
7970	2320.0
7980	2470.0
7990	2408.0
8000	2808.0
8010	2590.0
8020	2308.0
8030	2528.0
8040	2542.0
8050	2472.0
8060	2822.0
8070	2976.0
8080	2792.0
8090	2480.0
8100	2664.0
8110	2388.0
8120	2420.0
8130	2820.0
8140	2684.0
8150	2790.0
8160	2746.0
8170	2616.0
8180	2448.0
8190	2402.0
8200	2348.0
8210	2374.0
8220	2314.0
8230	2718.0
8240	2552.0
8250	2456.0
8260	2456.0
8270	2724.0
8280	2480.0
8290	2532.0
8300	2508.0
8310	2276.0
8320	2506.0
8330	2342.0
8340	2390.0
8350	2202.0
8360	2426.0
8370	2630.0
8380	2506.0
8390	2466.0
8400	2230.0
8410	2354.0
8420	2402.0
8430	2690.0
8440	2188.0
8450	2298.0
8460	2180.0
8470	2378.0
8480	2548.0
8490	2382.0
8500	2692.0
8510	2350.0
8520	2364.0
8530	2068.0
8540	2246.0
8550	2744.0
8560	2768.0
8570	2742.0
8580	2644.0
8590	2348.0
8600	2412.0
8610	2522.0
8620	2636.0
8630	2382.0
8640	2350.0
8650	2720.0
8660	2536.0
8670	2338.0
8680	2348.0
8690	2868.0
8700	2690.0
8710	2624.0
8720	2634.0
8730	2714.0
8740	2508.0
8750	2466.0
8760	2444.0
8770	2438.0
8780	2320.0
8790	2286.0
8800	2406.0
8810	2356.0
8820	2332.0
8830	2572.0
8840	2486.0
8850	2538.0
8860	2546.0
8870	2496.0
8880	2834.0
8890	2598.0
8900	2630.0
8910	2708.0
8920	2570.0
8930	2646.0
8940	2420.0
8950	2700.0
8960	2508.0
8970	2730.0
8980	2790.0
8990	2710.0
9000	2408.0
9010	2204.0
9020	2170.0
9030	2040.0
9040	2010.0
9050	2006.0
9060	2186.0
9070	2188.0
9080	2408.0
9090	2434.0
9100	2108.0
9110	2264.0
9120	2208.0
9130	2170.0
9140	2202.0
9150	2574.0
9160	2144.0
9170	2450.0
9180	2456.0
9190	2354.0
9200	2656.0
9210	2578.0
9220	2486.0
9230	2402.0
9240	2864.0
9250	2716.0
9260	2528.0
9270	2452.0
9280	2250.0
9290	2432.0
9300	2486.0
9310	2346.0
9320	2462.0
9330	2786.0
9340	2418.0
9350	2636.0
9360	2576.0
9370	2648.0
9380	2358.0
9390	2358.0
9400	2496.0
9410	2516.0
9420	2778.0
9430	2494.0
9440	2782.0
9450	2700.0
9460	2620.0
9470	2614.0
9480	2454.0
9490	2678.0
9500	2408.0
9510	2384.0
9520	2548.0
9530	2702.0
9540	2318.0
9550	2392.0
9560	2642.0
9570	2466.0
9580	2450.0
9590	2592.0
9600	2600.0
9610	2640.0
9620	2718.0
9630	2486.0
9640	2362.0
9650	2874.0
9660	2684.0
9670	2616.0
9680	2464.0
9690	2214.0
9700	2236.0
9710	2600.0
9720	2100.0
9730	2310.0
9740	2608.0
9750	2244.0
9760	2180.0
9770	2436.0
9780	2614.0
9790	2634.0
9800	2490.0
9810	2492.0
9820	2424.0
9830	3082.0
9840	2776.0
9850	2714.0
9860	2708.0
9870	2270.0
9880	2344.0
9890	2164.0
9900	2342.0
9910	2238.0
9920	2154.0
9930	2296.0
9940	2242.0
9950	2084.0
9960	2242.0
9970	1906.0
9980	2430.0
9990	2344.0
