#MCS	TotalEnergy
0	25124.0
10	28615.0
20	28841.0
30	28900.0
40	29044.0
50	29195.0
60	29165.0
70	29066.0
80	28869.0
90	29035.0
100	28958.0
110	28778.0
120	29092.0
130	28766.0
140	28681.0
150	29006.0
160	29268.0
170	29126.0
180	29164.0
190	29334.0
200	28925.0
210	29054.0
220	28799.0
230	28507.0
240	28638.0
250	28938.0
260	28927.0
270	28983.0
280	29174.0
290	29082.0
300	28705.0
310	29036.0
320	28844.0
330	29096.0
340	29354.0
350	29337.0
360	28941.0
370	28812.0
380	28785.0
390	29251.0
400	29024.0
410	29000.0
420	28912.0
430	28865.0
440	28773.0
450	28877.0
460	29149.0
470	29078.0
480	28758.0
490	28915.0
500	28904.0
510	28898.0
520	29326.0
530	28915.0
540	28750.0
550	28548.0
560	28547.0
570	28854.0
580	28852.0
590	28976.0
600	28989.0
610	29011.0
620	28599.0
630	28610.0
640	28910.0
650	29136.0
660	28568.0
670	28463.0
680	28308.0
690	29046.0
700	28719.0
710	28828.0
720	28821.0
730	28669.0
740	28710.0
750	28836.0
760	28923.0
770	28925.0
780	28715.0
790	28455.0
800	28995.0
810	28419.0
820	28646.0
830	28528.0
840	28718.0
850	28190.0
860	28315.0
870	29020.0
880	28480.0
890	28570.0
900	28725.0
910	28107.0
920	28323.0
930	27924.0
940	27865.0
950	28199.0
960	28781.0
970	28724.0
980	28569.0
990	28586.0
1000	28241.0
1010	27892.0
1020	27982.0
1030	28106.0
1040	28486.0
1050	28253.0
1060	28409.0
1070	28362.0
1080	28699.0
1090	28374.0
1100	28063.0
1110	28124.0
1120	28353.0
1130	28132.0
1140	28073.0
1150	28320.0
1160	28262.0
1170	28469.0
1180	28485.0
1190	28213.0
1200	28690.0
1210	28665.0
1220	28148.0
1230	28394.0
1240	28413.0
1250	28819.0
1260	28422.0
1270	28371.0
1280	28020.0
1290	28476.0
1300	28450.0
1310	28108.0
1320	28558.0
1330	28444.0
1340	28376.0
1350	28486.0
1360	28338.0
1370	28600.0
1380	28672.0
1390	28399.0
1400	28754.0
1410	28732.0
1420	28658.0
1430	28415.0
1440	28678.0
1450	28434.0
1460	28806.0
1470	28264.0
1480	28299.0
1490	28486.0
1500	28603.0
1510	28469.0
1520	28429.0
1530	28288.0
1540	28358.0
1550	28294.0
1560	28247.0
1570	28370.0
1580	28255.0
1590	28521.0
1600	28210.0
1610	28422.0
1620	28018.0
1630	28292.0
1640	28322.0
1650	28186.0
1660	28548.0
1670	28126.0
1680	28875.0
1690	28356.0
1700	28322.0
1710	28421.0
1720	28366.0
1730	28435.0
1740	28287.0
1750	28532.0
1760	28545.0
1770	28348.0
1780	28163.0
1790	28115.0
1800	28328.0
1810	28339.0
1820	28402.0
1830	28589.0
1840	28206.0
1850	28154.0
1860	28403.0
1870	28363.0
1880	29030.0
1890	28568.0
1900	28998.0
1910	28698.0
1920	28454.0
1930	28471.0
1940	28312.0
1950	28608.0
1960	28684.0
1970	28256.0
1980	28308.0
1990	28676.0
2000	28390.0
2010	28608.0
2020	28312.0
2030	28764.0
2040	28360.0
2050	28172.0
2060	28270.0
2070	28849.0
2080	28390.0
2090	27998.0
2100	28332.0
2110	28258.0
2120	28102.0
2130	28250.0
2140	28042.0
2150	28364.0
2160	28478.0
2170	28190.0
2180	28316.0
2190	28704.0
2200	28472.0
2210	28312.0
2220	28374.0
2230	28258.0
2240	28168.0
2250	28750.0
2260	28521.0
2270	28583.0
2280	28500.0
2290	28426.0
2300	28498.0
2310	28358.0
2320	28416.0
2330	28794.0
2340	28366.0
2350	28580.0
2360	28276.0
2370	28484.0
2380	28524.0
2390	28270.0
2400	28290.0
2410	27882.0
2420	28402.0
2430	28214.0
2440	28336.0
2450	28930.0
2460	28680.0
2470	28538.0
2480	28258.0
2490	28246.0
2500	28164.0
2510	28054.0
2520	28748.0
2530	28358.0
2540	28338.0
2550	28344.0
2560	28416.0
2570	28408.0
2580	28468.0
2590	28446.0
2600	28132.0
2610	28794.0
2620	28534.0
2630	28462.0
2640	27883.0
2650	28473.0
2660	28380.0
2670	28628.0
2680	28122.0
2690	28534.0
2700	28344.0
2710	28566.0
2720	28538.0
2730	28392.0
2740	28110.0
2750	27868.0
2760	28202.0
2770	28568.0
2780	28260.0
2790	28722.0
2800	28520.0
2810	28206.0
2820	28426.0
2830	28388.0
2840	28324.0
2850	28398.0
2860	28024.0
2870	28562.0
2880	28352.0
2890	28413.0
2900	28402.0
2910	28350.0
2920	28220.0
2930	28329.0
2940	28264.0
2950	28104.0
2960	28352.0
2970	28260.0
2980	28368.0
2990	27974.0
3000	28070.0
3010	28070.0
3020	28062.0
3030	28320.0
3040	27576.0
3050	27730.0
3060	28098.0
3070	27942.0
3080	28012.0
3090	27894.0
3100	28332.0
3110	28376.0
3120	28022.0
3130	27872.0
3140	28412.0
3150	28232.0
3160	28366.0
3170	28284.0
3180	28348.0
3190	28445.0
3200	28514.0
3210	28501.0
3220	28529.0
3230	28166.0
3240	28069.0
3250	28293.0
3260	27984.0
3270	28304.0
3280	27930.0
3290	28615.0
3300	28261.0
3310	28338.0
3320	28134.0
3330	28015.0
3340	28468.0
3350	28242.0
3360	28405.0
3370	28324.0
3380	27824.0
3390	28250.0
3400	28481.0
3410	28201.0
3420	27934.0
3430	28464.0
3440	28150.0
3450	28344.0
3460	28018.0
3470	28480.0
3480	28050.0
3490	28248.0
3500	27660.0
3510	28162.0
3520	27786.0
3530	28432.0
3540	28670.0
3550	28285.0
3560	28157.0
3570	27720.0
3580	28446.0
3590	28388.0
3600	28334.0
3610	28314.0
3620	28475.0
3630	28218.0
3640	28232.0
3650	27998.0
3660	28236.0
3670	28182.0
3680	28316.0
3690	28300.0
3700	28250.0
3710	28188.0
3720	28016.0
3730	28464.0
3740	28322.0
3750	28298.0
3760	27764.0
3770	28432.0
3780	28076.0
3790	28208.0
3800	28010.0
3810	28366.0
3820	28466.0
3830	28682.0
3840	28120.0
3850	28312.0
3860	28492.0
3870	28058.0
3880	28198.0
3890	28240.0
3900	27616.0
3910	28026.0
3920	27922.0
3930	27744.0
3940	28296.0
3950	27662.0
3960	27918.0
3970	27822.0
3980	27854.0
3990	27966.0
4000	28358.0
4010	27782.0
4020	27750.0
4030	28080.0
4040	28168.0
4050	28206.0
4060	28054.0
4070	28130.0
4080	28496.0
4090	27980.0
4100	27858.0
4110	28258.0
4120	28254.0
4130	28194.0
4140	28346.0
4150	27704.0
4160	28040.0
4170	28162.0
4180	27826.0
4190	27776.0
4200	27760.0
4210	28154.0
4220	27752.0
4230	28354.0
4240	28188.0
4250	28400.0
4260	28071.0
4270	28248.0
4280	28072.0
4290	28550.0
4300	27962.0
4310	28432.0
4320	28594.0
4330	28504.0
4340	28688.0
4350	28086.0
4360	28112.0
4370	28028.0
4380	27938.0
4390	28292.0
4400	28442.0
4410	28672.0
4420	28081.0
4430	28168.0
4440	28160.0
4450	28140.0
4460	28008.0
4470	28218.0
4480	28088.0
4490	28124.0
4500	28622.0
4510	28428.0
4520	28337.0
4530	28290.0
4540	28208.0
4550	28030.0
4560	28640.0
4570	28372.0
4580	27962.0
4590	28700.0
4600	28416.0
4610	28818.0
4620	28340.0
4630	28428.0
4640	28142.0
4650	28168.0
4660	28186.0
4670	28058.0
4680	28728.0
4690	28376.0
4700	28332.0
4710	27844.0
4720	27808.0
4730	28120.0
4740	28004.0
4750	28302.0
4760	27854.0
4770	28258.0
4780	27812.0
4790	28552.0
4800	27642.0
4810	28308.0
4820	27928.0
4830	28086.0
4840	27750.0
4850	28012.0
4860	28278.0
4870	28390.0
4880	27986.0
4890	27988.0
4900	28390.0
4910	28377.0
4920	27892.0
4930	28442.0
4940	28238.0
4950	28476.0
4960	28044.0
4970	28008.0
4980	27768.0
4990	27880.0
5000	28020.0
5010	28226.0
5020	28102.0
5030	28250.0
5040	27904.0
5050	28130.0
5060	27834.0
5070	28004.0
5080	27936.0
5090	27770.0
5100	27660.0
5110	27742.0
5120	28090.0
5130	27998.0
5140	28288.0
5150	28262.0
5160	27952.0
5170	28058.0
5180	28132.0
5190	28386.0
5200	28142.0
5210	28440.0
5220	28136.0
5230	28078.0
5240	28014.0
5250	28258.0
5260	27950.0
5270	27698.0
5280	27886.0
5290	28370.0
5300	28238.0
5310	28042.0
5320	28472.0
5330	28366.0
5340	28256.0
5350	28416.0
5360	28180.0
5370	27896.0
5380	27978.0
5390	27856.0
5400	27778.0
5410	28012.0
5420	27704.0
5430	27994.0
5440	28034.0
5450	28198.0
5460	28206.0
5470	28338.0
5480	27922.0
5490	28082.0
5500	27886.0
5510	27956.0
5520	28186.0
5530	28255.0
5540	28027.0
5550	28304.0
5560	27998.0
5570	28008.0
5580	27893.0
5590	27618.0
5600	27781.0
5610	28105.0
5620	28068.0
5630	27766.0
5640	27936.0
5650	28484.0
5660	28412.0
5670	28316.0
5680	27968.0
5690	27972.0
5700	27782.0
5710	28178.0
5720	27932.0
5730	27772.0
5740	27762.0
5750	28124.0
5760	27898.0
5770	28084.0
5780	28036.0
5790	28108.0
5800	28044.0
5810	27846.0
5820	28002.0
5830	27910.0
5840	27350.0
5850	27562.0
5860	27708.0
5870	27704.0
5880	28194.0
5890	27840.0
5900	28022.0
5910	28072.0
5920	28010.0
5930	27868.0
5940	28184.0
5950	28026.0
5960	27878.0
5970	28056.0
5980	28118.0
5990	27682.0
6000	28046.0
6010	27748.0
6020	28290.0
6030	28384.0
6040	28010.0
6050	28310.0
6060	28002.0
6070	27760.0
6080	27906.0
6090	28205.0
6100	27754.0
6110	28484.0
6120	27968.0
6130	27876.0
6140	27894.0
6150	28002.0
6160	28242.0
6170	28152.0
6180	27960.0
6190	28386.0
6200	28124.0
6210	28376.0
6220	28280.0
6230	28064.0
6240	27902.0
6250	27968.0
6260	27730.0
6270	27726.0
6280	27906.0
6290	28126.0
6300	28335.0
6310	28026.0
6320	28158.0
6330	27872.0
6340	27716.0
6350	27740.0
6360	27626.0
6370	27666.0
6380	27906.0
6390	27894.0
6400	28068.0
6410	28370.0
6420	28144.0
6430	27934.0
6440	27930.0
6450	28116.0
6460	28148.0
6470	27946.0
6480	28222.0
6490	28126.0
6500	27970.0
6510	27980.0
6520	27734.0
6530	27922.0
6540	27812.0
6550	28246.0
6560	28336.0
6570	28172.0
6580	27996.0
6590	27968.0
6600	27644.0
6610	27828.0
6620	27990.0
6630	28190.0
6640	27768.0
6650	27750.0
6660	27756.0
6670	27632.0
6680	28068.0
6690	27982.0
6700	27920.0
6710	27998.0
6720	27838.0
6730	27904.0
6740	27972.0
6750	28138.0
6760	28310.0
6770	27648.0
6780	27842.0
6790	28064.0
6800	27898.0
6810	27904.0
6820	27996.0
6830	27662.0
6840	27826.0
6850	28124.0
6860	27822.0
6870	27762.0
6880	27754.0
6890	27694.0
6900	27580.0
6910	27344.0
6920	27802.0
6930	28126.0
6940	27916.0
6950	28286.0
6960	28054.0
6970	27892.0
6980	27580.0
6990	27828.0
7000	28248.0
7010	27950.0
7020	28508.0
7030	27914.0
7040	28148.0
7050	28190.0
7060	28226.0
7070	27966.0
7080	28246.0
7090	27942.0
7100	28182.0
7110	27882.0
7120	27528.0
7130	28136.0
7140	28225.0
7150	27929.0
7160	27998.0
7170	27756.0
7180	27578.0
7190	27788.0
7200	28085.0
7210	27744.0
7220	27913.0
7230	28187.0
7240	28009.0
7250	28346.0
7260	27738.0
7270	27606.0
7280	28042.0
7290	27764.0
7300	27928.0
7310	28040.0
7320	28308.0
7330	27702.0
7340	27922.0
7350	28252.0
7360	28314.0
7370	28342.0
7380	28116.0
7390	28426.0
7400	28452.0
7410	27786.0
7420	28034.0
7430	27974.0
7440	28114.0
7450	27932.0
7460	28222.0
7470	27838.0
7480	28032.0
7490	27882.0
7500	28400.0
7510	28054.0
7520	28044.0
7530	28240.0
7540	27756.0
7550	28134.0
7560	28116.0
7570	28176.0
7580	28052.0
7590	28278.0
7600	28422.0
7610	27988.0
7620	28486.0
7630	27970.0
7640	27600.0
7650	28128.0
7660	28064.0
7670	27988.0
7680	27862.0
7690	27952.0
7700	28401.0
7710	28242.0
7720	27936.0
7730	27996.0
7740	27970.0
7750	27986.0
7760	28289.0
7770	28518.0
7780	27840.0
7790	28010.0
7800	27878.0
7810	28064.0
7820	28528.0
7830	28208.0
7840	28330.0
7850	28344.0
7860	28078.0
7870	28350.0
7880	27828.0
7890	27818.0
7900	27964.0
7910	27820.0
7920	28198.0
7930	27932.0
7940	27669.0
7950	27822.0
7960	27924.0
7970	28034.0
7980	27834.0
7990	27644.0
8000	27766.0
8010	27916.0
8020	27860.0
8030	27890.0
8040	28151.0
8050	28080.0
8060	27692.0
8070	27806.0
8080	28266.0
8090	27634.0
8100	27862.0
8110	28028.0
8120	27492.0
8130	28366.0
8140	28170.0
8150	28478.0
8160	28036.0
8170	28232.0
8180	28102.0
8190	27906.0
8200	27918.0
8210	28454.0
8220	28284.0
8230	27926.0
8240	27730.0
8250	27956.0
8260	28024.0
8270	27580.0
8280	27640.0
8290	27662.0
8300	27696.0
8310	27870.0
8320	27732.0
8330	27900.0
8340	27728.0
8350	28192.0
8360	27962.0
8370	28402.0
8380	28298.0
8390	28154.0
8400	27990.0
8410	28004.0
8420	28210.0
8430	28266.0
8440	28088.0
8450	27968.0
8460	28282.0
8470	28292.0
8480	28166.0
8490	27718.0
8500	27920.0
8510	27968.0
8520	28180.0
8530	28184.0
8540	27804.0
8550	27814.0
8560	27666.0
8570	28064.0
8580	28196.0
8590	28496.0
8600	27772.0
8610	28092.0
8620	27608.0
8630	28274.0
8640	28028.0
8650	27868.0
8660	28158.0
8670	27952.0
8680	27856.0
8690	28222.0
8700	28022.0
8710	28242.0
8720	27706.0
8730	27890.0
8740	27978.0
8750	28214.0
8760	28160.0
8770	27774.0
8780	28288.0
8790	28282.0
8800	28268.0
8810	28222.0
8820	28098.0
8830	27646.0
8840	27972.0
8850	28020.0
8860	28360.0
8870	28092.0
8880	28162.0
8890	28142.0
8900	27802.0
8910	27898.0
8920	27858.0
8930	27802.0
8940	27756.0
8950	28078.0
8960	27970.0
8970	28062.0
8980	28166.0
8990	27868.0
9000	28006.0
9010	27724.0
9020	27592.0
9030	28412.0
9040	27796.0
9050	27970.0
9060	27920.0
9070	27752.0
9080	27452.0
9090	27845.0
9100	27936.0
9110	27628.0
9120	27622.0
9130	27828.0
9140	27988.0
9150	27788.0
9160	28100.0
9170	28024.0
9180	27944.0
9190	28269.0
9200	27930.0
9210	27692.0
9220	28226.0
9230	27952.0
9240	27530.0
9250	27844.0
9260	27772.0
9270	27822.0
9280	27556.0
9290	27820.0
9300	27882.0
9310	27982.0
9320	28178.0
9330	28064.0
9340	28224.0
9350	28110.0
9360	28146.0
9370	27988.0
9380	27946.0
9390	28182.0
9400	27946.0
9410	28074.0
9420	27806.0
9430	28160.0
9440	27452.0
9450	28140.0
9460	28296.0
9470	28030.0
9480	28090.0
9490	27996.0
9500	28090.0
9510	27746.0
9520	27986.0
9530	28136.0
9540	28288.0
9550	28312.0
9560	28334.0
9570	28104.0
9580	27824.0
9590	27744.0
9600	27740.0
9610	28088.0
9620	28334.0
9630	28146.0
9640	28466.0
9650	28004.0
9660	28104.0
9670	28008.0
9680	27698.0
9690	28108.0
9700	27702.0
9710	27996.0
9720	28046.0
9730	27760.0
9740	27698.0
9750	27680.0
9760	27880.0
9770	27902.0
9780	27740.0
9790	27776.0
9800	28062.0
9810	27936.0
9820	28039.0
9830	27962.0
9840	28032.0
9850	27784.0
9860	27934.0
9870	28080.0
9880	28132.0
9890	28258.0
9900	28160.0
9910	27902.0
9920	27722.0
9930	27802.0
9940	28258.0
9950	28122.0
9960	28076.0
9970	27890.0
9980	28082.0
9990	27774.0
