#MCS	TotalEnergy
0	22316.0
10	25512.0
20	25554.0
30	25998.0
40	26064.0
50	25896.0
60	26176.0
70	25616.0
80	26178.0
90	25824.0
100	25816.0
110	25520.0
120	26004.0
130	26336.0
140	25892.0
150	25794.0
160	26186.0
170	26154.0
180	26050.0
190	25922.0
200	25688.0
210	25854.0
220	25844.0
230	25860.0
240	26368.0
250	25714.0
260	26092.0
270	25824.0
280	25768.0
290	25540.0
300	25712.0
310	25516.0
320	25558.0
330	25594.0
340	25632.0
350	25478.0
360	25576.0
370	25444.0
380	25552.0
390	25664.0
400	25284.0
410	25794.0
420	25482.0
430	25348.0
440	25880.0
450	25580.0
460	25620.0
470	25422.0
480	25594.0
490	25412.0
500	25538.0
510	25686.0
520	25760.0
530	25460.0
540	25580.0
550	25206.0
560	25250.0
570	25262.0
580	25388.0
590	25580.0
600	25700.0
610	25296.0
620	25364.0
630	25620.0
640	25308.0
650	25574.0
660	25390.0
670	25418.0
680	25356.0
690	25590.0
700	25522.0
710	25264.0
720	25196.0
730	25716.0
740	25556.0
750	25784.0
760	25618.0
770	25486.0
780	25624.0
790	25726.0
800	25364.0
810	25250.0
820	25380.0
830	25418.0
840	25438.0
850	25096.0
860	25242.0
870	25358.0
880	25446.0
890	25154.0
900	25102.0
910	25036.0
920	25150.0
930	25164.0
940	25212.0
950	24952.0
960	25256.0
970	24900.0
980	25196.0
990	24804.0
1000	25370.0
1010	25306.0
1020	25132.0
1030	25138.0
1040	25268.0
1050	25440.0
1060	25028.0
1070	24918.0
1080	25096.0
1090	24974.0
1100	24874.0
1110	25268.0
1120	24970.0
1130	25478.0
1140	25454.0
1150	25348.0
1160	24820.0
1170	25292.0
1180	24966.0
1190	25408.0
1200	25244.0
1210	24992.0
1220	25072.0
1230	25100.0
1240	25354.0
1250	24962.0
1260	25174.0
1270	24644.0
1280	24774.0
1290	25458.0
1300	25200.0
1310	25374.0
1320	25096.0
1330	25360.0
1340	25010.0
1350	25166.0
1360	24962.0
1370	25166.0
1380	25150.0
1390	24996.0
1400	24876.0
1410	25036.0
1420	24846.0
1430	25046.0
1440	25006.0
1450	24966.0
1460	24902.0
1470	25520.0
1480	25344.0
1490	25650.0
1500	25136.0
1510	24928.0
1520	24894.0
1530	25276.0
1540	25204.0
1550	25060.0
1560	24916.0
1570	24564.0
1580	25174.0
1590	24754.0
1600	24990.0
1610	24964.0
1620	24604.0
1630	25090.0
1640	24932.0
1650	24758.0
1660	24776.0
1670	25226.0
1680	24710.0
1690	24888.0
1700	24660.0
1710	24616.0
1720	24740.0
1730	24682.0
1740	24990.0
1750	24922.0
1760	24692.0
1770	24790.0
1780	24344.0
1790	25246.0
1800	25042.0
1810	24828.0
1820	24864.0
1830	25104.0
1840	24900.0
1850	24856.0
1860	24846.0
1870	25028.0
1880	24822.0
1890	24726.0
1900	24842.0
1910	24522.0
1920	24866.0
1930	25160.0
1940	24916.0
1950	24502.0
1960	24680.0
1970	24910.0
1980	24900.0
1990	24598.0
2000	24776.0
2010	25068.0
2020	25066.0
2030	24936.0
2040	24926.0
2050	24624.0
2060	25156.0
2070	25122.0
2080	25014.0
2090	24852.0
2100	25036.0
2110	25084.0
2120	24918.0
2130	25180.0
2140	24878.0
2150	25088.0
2160	24936.0
2170	24372.0
2180	24678.0
2190	24856.0
2200	25034.0
2210	24994.0
2220	24828.0
2230	24660.0
2240	24656.0
2250	24812.0
2260	24718.0
2270	24808.0
2280	24640.0
2290	24950.0
2300	24592.0
2310	24854.0
2320	24822.0
2330	24518.0
2340	24650.0
2350	24580.0
2360	24442.0
2370	24596.0
2380	24642.0
2390	24784.0
2400	24886.0
2410	24498.0
2420	24746.0
2430	25010.0
2440	24762.0
2450	24712.0
2460	24966.0
2470	24918.0
2480	24794.0
2490	24414.0
2500	24772.0
2510	25010.0
2520	24774.0
2530	24406.0
2540	24624.0
2550	24782.0
2560	24844.0
2570	24736.0
2580	24854.0
2590	24750.0
2600	24824.0
2610	24894.0
2620	24830.0
2630	25128.0
2640	24790.0
2650	24824.0
2660	24986.0
2670	25060.0
2680	24948.0
2690	24926.0
2700	24508.0
2710	24586.0
2720	24564.0
2730	24586.0
2740	24672.0
2750	24480.0
2760	24882.0
2770	24762.0
2780	25050.0
2790	24770.0
2800	24930.0
2810	24462.0
2820	24568.0
2830	24690.0
2840	24604.0
2850	25144.0
2860	24940.0
2870	24718.0
2880	24742.0
2890	24942.0
2900	24732.0
2910	24668.0
2920	24868.0
2930	24746.0
2940	25256.0
2950	24956.0
2960	24730.0
2970	24806.0
2980	24686.0
2990	24376.0
3000	24596.0
3010	24626.0
3020	24822.0
3030	24872.0
3040	24582.0
3050	23986.0
3060	24082.0
3070	24544.0
3080	24914.0
3090	24636.0
3100	24576.0
3110	24432.0
3120	24538.0
3130	24966.0
3140	24886.0
3150	24890.0
3160	25472.0
3170	24824.0
3180	24858.0
3190	24428.0
3200	24628.0
3210	24574.0
3220	24754.0
3230	24522.0
3240	24730.0
3250	24622.0
3260	24542.0
3270	24376.0
3280	24450.0
3290	24232.0
3300	24810.0
3310	25030.0
3320	24690.0
3330	25102.0
3340	24444.0
3350	25218.0
3360	24720.0
3370	24882.0
3380	24748.0
3390	24542.0
3400	25010.0
3410	24622.0
3420	24816.0
3430	24320.0
3440	24970.0
3450	24870.0
3460	24552.0
3470	24756.0
3480	25004.0
3490	24906.0
3500	24934.0
3510	24810.0
3520	24474.0
3530	24886.0
3540	24878.0
3550	24802.0
3560	24918.0
3570	24570.0
3580	24976.0
3590	24614.0
3600	24636.0
3610	24706.0
3620	24276.0
3630	24646.0
3640	24716.0
3650	24794.0
3660	24404.0
3670	24904.0
3680	24848.0
3690	25170.0
3700	24876.0
3710	24754.0
3720	24812.0
3730	24960.0
3740	24494.0
3750	25174.0
3760	24750.0
3770	25002.0
3780	25094.0
3790	24720.0
3800	25076.0
3810	24740.0
3820	24850.0
3830	25020.0
3840	24680.0
3850	24820.0
3860	24996.0
3870	25222.0
3880	24300.0
3890	24988.0
3900	24574.0
3910	24448.0
3920	24644.0
3930	24924.0
3940	25008.0
3950	24864.0
3960	24912.0
3970	24598.0
3980	24618.0
3990	24454.0
4000	24676.0
4010	24602.0
4020	24650.0
4030	24404.0
4040	24398.0
4050	24274.0
4060	24600.0
4070	24482.0
4080	24638.0
4090	24712.0
4100	24172.0
4110	24782.0
4120	24650.0
4130	24828.0
4140	24526.0
4150	24702.0
4160	24538.0
4170	24670.0
4180	25320.0
4190	24888.0
4200	24850.0
4210	25188.0
4220	24986.0
4230	24932.0
4240	24850.0
4250	24642.0
4260	24754.0
4270	24898.0
4280	24456.0
4290	24508.0
4300	24626.0
4310	24550.0
4320	24418.0
4330	24938.0
4340	24926.0
4350	24696.0
4360	25098.0
4370	24818.0
4380	24770.0
4390	24466.0
4400	24504.0
4410	24654.0
4420	24492.0
4430	24628.0
4440	24858.0
4450	24184.0
4460	24510.0
4470	24312.0
4480	24242.0
4490	25036.0
4500	24452.0
4510	24726.0
4520	24776.0
4530	24862.0
4540	24614.0
4550	24430.0
4560	24622.0
4570	24906.0
4580	24830.0
4590	24992.0
4600	24262.0
4610	24876.0
4620	24668.0
4630	25274.0
4640	24740.0
4650	24402.0
4660	24526.0
4670	24584.0
4680	24628.0
4690	24290.0
4700	24336.0
4710	24626.0
4720	24690.0
4730	24392.0
4740	24950.0
4750	25016.0
4760	24440.0
4770	25030.0
4780	24952.0
4790	25024.0
4800	24818.0
4810	24786.0
4820	24416.0
4830	24528.0
4840	24770.0
4850	24696.0
4860	24902.0
4870	24628.0
4880	24858.0
4890	25236.0
4900	24984.0
4910	25076.0
4920	24806.0
4930	24928.0
4940	24856.0
4950	24816.0
4960	24838.0
4970	24740.0
4980	24550.0
4990	24736.0
5000	24792.0
5010	24618.0
5020	24494.0
5030	24826.0
5040	25200.0
5050	25054.0
5060	25174.0
5070	24872.0
5080	24922.0
5090	24566.0
5100	24928.0
5110	24860.0
5120	25034.0
5130	24428.0
5140	24952.0
5150	24822.0
5160	24934.0
5170	25248.0
5180	24680.0
5190	24612.0
5200	24520.0
5210	24948.0
5220	24998.0
5230	24840.0
5240	25192.0
5250	24910.0
5260	24842.0
5270	24612.0
5280	25234.0
5290	24758.0
5300	24592.0
5310	25078.0
5320	24862.0
5330	24458.0
5340	25022.0
5350	24840.0
5360	24610.0
5370	24450.0
5380	24842.0
5390	24644.0
5400	24970.0
5410	24768.0
5420	24574.0
5430	24876.0
5440	24438.0
5450	25080.0
5460	24528.0
5470	24620.0
5480	24714.0
5490	24672.0
5500	24936.0
5510	24566.0
5520	24728.0
5530	24774.0
5540	24786.0
5550	24752.0
5560	24554.0
5570	25038.0
5580	24992.0
5590	24904.0
5600	24520.0
5610	24786.0
5620	24554.0
5630	24900.0
5640	25150.0
5650	24736.0
5660	24758.0
5670	25228.0
5680	24668.0
5690	24960.0
5700	24844.0
5710	24534.0
5720	24444.0
5730	24164.0
5740	24508.0
5750	24722.0
5760	24814.0
5770	24700.0
5780	24462.0
5790	24734.0
5800	24580.0
5810	25032.0
5820	25194.0
5830	24686.0
5840	24696.0
5850	24748.0
5860	24700.0
5870	25000.0
5880	24674.0
5890	24892.0
5900	24810.0
5910	24620.0
5920	24488.0
5930	24366.0
5940	24724.0
5950	24632.0
5960	24428.0
5970	24832.0
5980	24946.0
5990	24518.0
6000	24968.0
6010	25026.0
6020	24480.0
6030	24502.0
6040	24618.0
6050	24386.0
6060	24678.0
6070	24932.0
6080	24908.0
6090	25114.0
6100	25116.0
6110	24842.0
6120	24720.0
6130	24622.0
6140	24826.0
6150	24692.0
6160	24960.0
6170	24440.0
6180	24850.0
6190	24528.0
6200	24718.0
6210	24722.0
6220	24818.0
6230	24714.0
6240	24770.0
6250	24528.0
6260	24904.0
6270	24696.0
6280	24572.0
6290	24426.0
6300	24400.0
6310	24702.0
6320	24326.0
6330	24312.0
6340	24458.0
6350	24840.0
6360	24560.0
6370	24592.0
6380	24366.0
6390	24390.0
6400	24756.0
6410	24468.0
6420	24470.0
6430	24608.0
6440	24286.0
6450	24244.0
6460	24480.0
6470	24602.0
6480	24626.0
6490	24422.0
6500	24248.0
6510	24380.0
6520	24586.0
6530	24224.0
6540	24666.0
6550	24848.0
6560	24830.0
6570	24716.0
6580	24538.0
6590	24434.0
6600	25376.0
6610	24690.0
6620	24456.0
6630	24460.0
6640	24518.0
6650	24254.0
6660	24562.0
6670	24900.0
6680	24630.0
6690	24706.0
6700	24686.0
6710	24528.0
6720	24708.0
6730	24810.0
6740	24680.0
6750	24806.0
6760	24724.0
6770	24636.0
6780	24614.0
6790	24910.0
6800	24806.0
6810	24682.0
6820	24606.0
6830	24686.0
6840	24908.0
6850	24804.0
6860	24502.0
6870	24682.0
6880	24642.0
6890	24476.0
6900	24386.0
6910	24208.0
6920	24982.0
6930	24544.0
6940	24310.0
6950	24828.0
6960	25080.0
6970	24696.0
6980	24750.0
6990	24960.0
7000	24464.0
7010	24640.0
7020	24492.0
7030	24628.0
7040	24232.0
7050	24358.0
7060	24416.0
7070	24466.0
7080	24430.0
7090	24860.0
7100	24690.0
7110	24816.0
7120	24638.0
7130	24924.0
7140	24250.0
7150	24580.0
7160	24738.0
7170	24970.0
7180	24524.0
7190	24818.0
7200	24420.0
7210	24746.0
7220	24880.0
7230	24390.0
7240	24696.0
7250	24490.0
7260	24672.0
7270	24742.0
7280	24434.0
7290	24484.0
7300	24418.0
7310	24306.0
7320	24236.0
7330	24706.0
7340	24602.0
7350	24430.0
7360	25034.0
7370	24928.0
7380	24464.0
7390	24626.0
7400	24714.0
7410	24746.0
7420	24466.0
7430	24608.0
7440	24676.0
7450	24794.0
7460	24500.0
7470	25044.0
7480	24606.0
7490	24970.0
7500	24642.0
7510	24514.0
7520	24866.0
7530	24520.0
7540	24884.0
7550	24796.0
7560	24408.0
7570	24362.0
7580	24984.0
7590	24994.0
7600	24614.0
7610	24756.0
7620	24630.0
7630	24628.0
7640	24562.0
7650	24416.0
7660	24566.0
7670	24262.0
7680	24962.0
7690	24682.0
7700	24854.0
7710	24530.0
7720	24628.0
7730	24492.0
7740	24650.0
7750	24450.0
7760	24556.0
7770	24462.0
7780	24944.0
7790	24506.0
7800	24980.0
7810	24706.0
7820	24924.0
7830	24466.0
7840	24872.0
7850	24582.0
7860	24630.0
7870	24704.0
7880	24612.0
7890	24350.0
7900	24412.0
7910	24772.0
7920	24776.0
7930	24416.0
7940	24696.0
7950	24752.0
7960	25272.0
7970	24790.0
7980	24534.0
7990	24706.0
8000	24264.0
8010	24892.0
8020	24522.0
8030	24234.0
8040	24480.0
8050	24476.0
8060	24692.0
8070	24260.0
8080	24406.0
8090	24666.0
8100	24930.0
8110	24612.0
8120	24786.0
8130	24514.0
8140	25104.0
8150	24946.0
8160	25032.0
8170	24962.0
8180	24546.0
8190	24666.0
8200	24844.0
8210	24726.0
8220	24596.0
8230	24752.0
8240	24694.0
8250	24974.0
8260	24758.0
8270	24720.0
8280	24934.0
8290	24954.0
8300	24602.0
8310	24846.0
8320	24544.0
8330	24278.0
8340	24598.0
8350	24498.0
8360	24714.0
8370	24508.0
8380	24830.0
8390	24526.0
8400	24274.0
8410	24490.0
8420	24748.0
8430	24740.0
8440	24556.0
8450	24448.0
8460	24750.0
8470	24596.0
8480	24576.0
8490	24424.0
8500	24848.0
8510	24564.0
8520	24586.0
8530	24964.0
8540	24884.0
8550	24870.0
8560	24894.0
8570	24648.0
8580	24348.0
8590	24572.0
8600	24724.0
8610	24382.0
8620	24728.0
8630	24882.0
8640	24756.0
8650	24838.0
8660	24444.0
8670	24598.0
8680	24850.0
8690	24780.0
8700	24526.0
8710	24710.0
8720	25092.0
8730	24944.0
8740	24836.0
8750	24320.0
8760	24474.0
8770	24550.0
8780	24818.0
8790	24658.0
8800	24588.0
8810	24738.0
8820	24568.0
8830	24184.0
8840	24702.0
8850	24214.0
8860	24430.0
8870	24560.0
8880	24664.0
8890	24632.0
8900	24392.0
8910	24634.0
8920	24648.0
8930	24686.0
8940	24834.0
8950	24524.0
8960	24874.0
8970	25262.0
8980	24552.0
8990	24460.0
9000	24488.0
9010	24280.0
9020	24398.0
9030	24690.0
9040	24742.0
9050	24704.0
9060	25040.0
9070	24796.0
9080	24724.0
9090	24396.0
9100	24408.0
9110	24844.0
9120	24696.0
9130	24526.0
9140	24514.0
9150	24774.0
9160	24640.0
9170	24802.0
9180	24550.0
9190	24886.0
9200	24762.0
9210	24798.0
9220	24504.0
9230	24772.0
9240	24510.0
9250	24672.0
9260	24770.0
9270	24466.0
9280	24978.0
9290	24670.0
9300	25238.0
9310	24808.0
9320	24960.0
9330	24598.0
9340	24954.0
9350	24744.0
9360	24712.0
9370	24518.0
9380	24352.0
9390	24644.0
9400	25024.0
9410	24692.0
9420	24694.0
9430	24600.0
9440	24612.0
9450	24806.0
9460	24750.0
9470	24862.0
9480	24662.0
9490	24870.0
9500	24772.0
9510	25050.0
9520	24596.0
9530	24378.0
9540	24438.0
9550	24624.0
9560	24460.0
9570	24874.0
9580	24540.0
9590	24306.0
9600	24314.0
9610	24552.0
9620	24660.0
9630	24384.0
9640	24434.0
9650	24298.0
9660	24426.0
9670	24988.0
9680	24290.0
9690	24618.0
9700	24354.0
9710	24644.0
9720	24886.0
9730	24966.0
9740	24710.0
9750	24450.0
9760	24666.0
9770	24744.0
9780	24706.0
9790	24510.0
9800	24708.0
9810	24506.0
9820	24560.0
9830	24434.0
9840	23942.0
9850	24562.0
9860	24760.0
9870	24462.0
9880	24720.0
9890	24916.0
9900	24862.0
9910	24946.0
9920	24918.0
9930	25122.0
9940	24836.0
9950	24618.0
9960	24412.0
9970	24778.0
9980	25086.0
9990	24760.0
