#MCS	VolumeEnergy
0	744.0
10	1468.0
20	1696.0
30	1730.0
40	2192.0
50	2090.0
60	2246.0
70	2170.0
80	2366.0
90	2450.0
100	2332.0
110	2352.0
120	2650.0
130	2814.0
140	2808.0
150	2768.0
160	2826.0
170	2512.0
180	2446.0
190	2488.0
200	2306.0
210	2710.0
220	2634.0
230	2636.0
240	2798.0
250	2442.0
260	2530.0
270	2418.0
280	2504.0
290	2312.0
300	2364.0
310	2474.0
320	2502.0
330	2702.0
340	2736.0
350	2232.0
360	2534.0
370	2380.0
380	2468.0
390	2652.0
400	2276.0
410	2348.0
420	2546.0
430	2648.0
440	2586.0
450	2858.0
460	2820.0
470	2284.0
480	2396.0
490	2298.0
500	2456.0
510	2484.0
520	2664.0
530	2540.0
540	2824.0
550	2778.0
560	2414.0
570	2390.0
580	2706.0
590	2766.0
600	2562.0
610	2410.0
620	2574.0
630	2918.0
640	2628.0
650	2690.0
660	2626.0
670	2518.0
680	2462.0
690	2660.0
700	2780.0
710	2588.0
720	2632.0
730	2974.0
740	2818.0
750	2752.0
760	2934.0
770	2908.0
780	2542.0
790	2854.0
800	2744.0
810	2454.0
820	2288.0
830	2586.0
840	2650.0
850	2434.0
860	2318.0
870	2528.0
880	2654.0
890	2688.0
900	2362.0
910	2376.0
920	2482.0
930	2702.0
940	2696.0
950	2172.0
960	2604.0
970	2460.0
980	2194.0
990	2558.0
1000	2488.0
1010	2584.0
1020	2380.0
1030	2456.0
1040	2734.0
1050	2836.0
1060	2566.0
1070	2442.0
1080	2414.0
1090	2488.0
1100	2336.0
1110	2716.0
1120	2436.0
1130	2564.0
1140	2520.0
1150	2586.0
1160	2470.0
1170	2656.0
1180	2518.0
1190	2412.0
1200	2610.0
1210	2536.0
1220	2392.0
1230	2364.0
1240	2308.0
1250	2000.0
1260	2486.0
1270	2132.0
1280	2194.0
1290	2722.0
1300	2806.0
1310	2810.0
1320	2318.0
1330	2452.0
1340	2358.0
1350	2392.0
1360	2368.0
1370	2594.0
1380	2446.0
1390	2364.0
1400	2422.0
1410	2550.0
1420	2440.0
1430	2360.0
1440	2418.0
1450	2494.0
1460	2446.0
1470	2766.0
1480	2914.0
1490	2682.0
1500	2400.0
1510	2374.0
1520	2596.0
1530	2594.0
1540	2256.0
1550	2372.0
1560	2264.0
1570	2292.0
1580	2442.0
1590	2228.0
1600	2170.0
1610	2510.0
1620	2148.0
1630	2410.0
1640	2332.0
1650	2332.0
1660	2388.0
1670	2466.0
1680	2354.0
1690	2194.0
1700	1884.0
1710	2052.0
1720	2146.0
1730	1798.0
1740	2440.0
1750	2168.0
1760	2170.0
1770	2292.0
1780	2100.0
1790	2600.0
1800	2632.0
1810	2154.0
1820	2230.0
1830	2576.0
1840	2126.0
1850	2366.0
1860	2174.0
1870	2110.0
1880	2184.0
1890	2272.0
1900	2198.0
1910	2146.0
1920	2242.0
1930	2382.0
1940	2538.0
1950	2296.0
1960	1980.0
1970	2384.0
1980	2554.0
1990	2260.0
2000	2568.0
2010	2538.0
2020	2502.0
2030	2474.0
2040	2720.0
2050	2360.0
2060	2608.0
2070	2410.0
2080	2434.0
2090	2418.0
2100	2518.0
2110	2766.0
2120	2700.0
2130	2956.0
2140	2714.0
2150	2844.0
2160	2514.0
2170	2308.0
2180	2440.0
2190	2342.0
2200	2692.0
2210	2510.0
2220	2414.0
2230	2164.0
2240	2218.0
2250	2492.0
2260	2390.0
2270	2554.0
2280	2124.0
2290	2336.0
2300	2306.0
2310	2486.0
2320	2536.0
2330	2128.0
2340	2124.0
2350	2430.0
2360	2170.0
2370	2200.0
2380	2288.0
2390	2250.0
2400	2290.0
2410	2166.0
2420	2176.0
2430	2560.0
2440	2454.0
2450	2358.0
2460	2376.0
2470	2530.0
2480	2536.0
2490	2404.0
2500	2332.0
2510	2426.0
2520	2274.0
2530	1920.0
2540	1970.0
2550	2126.0
2560	2056.0
2570	2302.0
2580	2326.0
2590	2366.0
2600	2290.0
2610	2584.0
2620	2366.0
2630	2534.0
2640	2486.0
2650	2430.0
2660	2470.0
2670	2398.0
2680	2548.0
2690	2342.0
2700	2194.0
2710	2102.0
2720	2288.0
2730	2202.0
2740	2248.0
2750	2334.0
2760	2522.0
2770	2296.0
2780	2338.0
2790	2398.0
2800	2340.0
2810	2232.0
2820	2330.0
2830	2220.0
2840	2496.0
2850	2542.0
2860	2494.0
2870	2004.0
2880	2188.0
2890	2638.0
2900	2296.0
2910	2242.0
2920	2638.0
2930	2456.0
2940	2736.0
2950	2400.0
2960	2330.0
2970	2520.0
2980	2356.0
2990	2106.0
3000	2148.0
3010	2168.0
3020	2032.0
3030	2116.0
3040	1778.0
3050	1938.0
3060	1834.0
3070	2246.0
3080	2582.0
3090	2416.0
3100	2100.0
3110	2274.0
3120	2280.0
3130	2682.0
3140	2634.0
3150	2626.0
3160	3128.0
3170	2714.0
3180	2862.0
3190	2426.0
3200	2460.0
3210	2294.0
3220	2382.0
3230	2058.0
3240	2344.0
3250	2184.0
3260	2218.0
3270	2058.0
3280	2400.0
3290	2304.0
3300	2328.0
3310	2576.0
3320	2332.0
3330	2534.0
3340	2190.0
3350	2814.0
3360	2396.0
3370	2372.0
3380	2296.0
3390	2132.0
3400	2534.0
3410	2302.0
3420	2248.0
3430	2096.0
3440	2346.0
3450	2432.0
3460	2192.0
3470	2240.0
3480	2428.0
3490	2382.0
3500	2488.0
3510	2516.0
3520	2372.0
3530	2434.0
3540	2254.0
3550	2378.0
3560	2374.0
3570	2236.0
3580	2396.0
3590	2260.0
3600	2266.0
3610	2046.0
3620	2056.0
3630	2342.0
3640	2280.0
3650	2700.0
3660	2264.0
3670	2478.0
3680	2566.0
3690	2726.0
3700	2418.0
3710	2434.0
3720	2886.0
3730	3026.0
3740	2580.0
3750	3154.0
3760	2696.0
3770	2782.0
3780	2802.0
3790	2452.0
3800	2642.0
3810	2550.0
3820	2314.0
3830	2634.0
3840	2504.0
3850	2422.0
3860	2526.0
3870	2514.0
3880	1928.0
3890	2506.0
3900	2434.0
3910	2192.0
3920	2468.0
3930	2462.0
3940	2742.0
3950	2636.0
3960	2616.0
3970	2330.0
3980	2284.0
3990	2486.0
4000	2390.0
4010	2290.0
4020	2394.0
4030	2110.0
4040	2230.0
4050	2294.0
4060	2400.0
4070	2288.0
4080	2404.0
4090	2118.0
4100	2252.0
4110	2618.0
4120	2556.0
4130	2600.0
4140	2408.0
4150	2550.0
4160	2354.0
4170	2494.0
4180	2882.0
4190	2646.0
4200	2492.0
4210	2500.0
4220	2596.0
4230	2526.0
4240	2442.0
4250	2436.0
4260	2272.0
4270	2282.0
4280	2178.0
4290	2306.0
4300	2164.0
4310	2170.0
4320	2132.0
4330	2340.0
4340	2450.0
4350	2262.0
4360	2600.0
4370	2368.0
4380	2560.0
4390	2226.0
4400	2268.0
4410	2246.0
4420	2230.0
4430	2372.0
4440	2226.0
4450	2082.0
4460	2176.0
4470	2022.0
4480	1986.0
4490	2628.0
4500	2302.0
4510	2314.0
4520	2362.0
4530	2500.0
4540	2034.0
4550	2136.0
4560	2202.0
4570	2658.0
4580	2558.0
4590	2650.0
4600	2184.0
4610	2344.0
4620	2460.0
4630	2952.0
4640	2464.0
4650	2168.0
4660	2042.0
4670	2468.0
4680	2280.0
4690	2288.0
4700	2280.0
4710	2284.0
4720	2072.0
4730	2110.0
4740	2500.0
4750	2620.0
4760	2222.0
4770	2554.0
4780	2280.0
4790	2636.0
4800	2282.0
4810	2294.0
4820	2248.0
4830	2188.0
4840	2532.0
4850	2626.0
4860	2516.0
4870	2588.0
4880	2358.0
4890	2816.0
4900	2432.0
4910	2690.0
4920	2228.0
4930	2466.0
4940	2372.0
4950	2672.0
4960	2540.0
4970	2316.0
4980	2272.0
4990	2434.0
5000	2408.0
5010	2334.0
5020	2290.0
5030	2454.0
5040	2634.0
5050	2660.0
5060	2854.0
5070	2554.0
5080	2580.0
5090	2496.0
5100	2582.0
5110	2604.0
5120	2540.0
5130	2380.0
5140	2700.0
5150	2472.0
5160	2552.0
5170	2528.0
5180	2544.0
5190	2520.0
5200	2338.0
5210	2576.0
5220	2432.0
5230	2632.0
5240	2790.0
5250	2522.0
5260	2508.0
5270	2234.0
5280	2742.0
5290	2410.0
5300	2610.0
5310	2546.0
5320	2458.0
5330	2270.0
5340	2448.0
5350	2426.0
5360	2200.0
5370	2156.0
5380	2472.0
5390	2490.0
5400	2732.0
5410	2468.0
5420	2264.0
5430	2378.0
5440	2118.0
5450	2426.0
5460	2278.0
5470	2190.0
5480	2384.0
5490	2186.0
5500	2300.0
5510	2568.0
5520	2594.0
5530	2410.0
5540	2212.0
5550	2502.0
5560	2718.0
5570	2556.0
5580	2676.0
5590	2650.0
5600	2408.0
5610	2722.0
5620	2652.0
5630	2322.0
5640	2624.0
5650	2456.0
5660	2640.0
5670	2802.0
5680	2520.0
5690	2640.0
5700	2504.0
5710	2268.0
5720	2296.0
5730	2090.0
5740	2264.0
5750	2394.0
5760	2612.0
5770	2560.0
5780	1984.0
5790	2334.0
5800	2518.0
5810	2512.0
5820	2702.0
5830	2356.0
5840	2426.0
5850	2526.0
5860	2278.0
5870	2654.0
5880	2608.0
5890	2522.0
5900	2548.0
5910	2576.0
5920	2280.0
5930	1980.0
5940	2396.0
5950	2348.0
5960	2070.0
5970	2358.0
5980	2434.0
5990	2230.0
6000	2470.0
6010	2874.0
6020	2136.0
6030	2162.0
6040	2350.0
6050	2272.0
6060	2564.0
6070	2656.0
6080	2658.0
6090	2582.0
6100	2610.0
6110	2462.0
6120	2408.0
6130	2136.0
6140	2408.0
6150	2402.0
6160	2492.0
6170	2148.0
6180	2522.0
6190	2426.0
6200	2414.0
6210	2688.0
6220	2568.0
6230	2422.0
6240	2626.0
6250	2552.0
6260	2714.0
6270	2178.0
6280	2394.0
6290	2306.0
6300	2286.0
6310	2292.0
6320	2196.0
6330	1988.0
6340	1998.0
6350	2326.0
6360	1952.0
6370	2378.0
6380	1968.0
6390	2160.0
6400	2534.0
6410	2248.0
6420	2332.0
6430	2168.0
6440	2184.0
6450	1884.0
6460	2190.0
6470	2212.0
6480	2298.0
6490	2272.0
6500	2242.0
6510	2172.0
6520	2236.0
6530	2346.0
6540	2480.0
6550	2342.0
6560	2688.0
6570	2688.0
6580	2324.0
6590	2190.0
6600	2690.0
6610	2410.0
6620	2278.0
6630	2200.0
6640	2370.0
6650	2310.0
6660	2446.0
6670	2648.0
6680	2328.0
6690	2746.0
6700	2428.0
6710	2450.0
6720	2610.0
6730	2432.0
6740	2388.0
6750	2498.0
6760	2598.0
6770	2552.0
6780	2704.0
6790	2700.0
6800	2740.0
6810	2814.0
6820	2302.0
6830	2284.0
6840	2612.0
6850	2588.0
6860	2462.0
6870	2506.0
6880	2360.0
6890	2296.0
6900	2138.0
6910	2168.0
6920	2416.0
6930	2388.0
6940	2164.0
6950	2554.0
6960	2692.0
6970	2724.0
6980	2728.0
6990	3008.0
7000	2536.0
7010	2516.0
7020	2408.0
7030	2714.0
7040	2556.0
7050	2236.0
7060	2314.0
7070	2442.0
7080	2228.0
7090	2590.0
7100	2486.0
7110	2370.0
7120	2358.0
7130	2614.0
7140	2052.0
7150	2350.0
7160	2358.0
7170	2660.0
7180	2246.0
7190	2544.0
7200	2562.0
7210	2726.0
7220	2488.0
7230	2490.0
7240	2672.0
7250	2362.0
7260	2244.0
7270	2388.0
7280	2206.0
7290	2528.0
7300	2078.0
7310	2072.0
7320	2376.0
7330	2350.0
7340	2210.0
7350	2392.0
7360	2688.0
7370	2590.0
7380	2292.0
7390	2542.0
7400	2600.0
7410	2568.0
7420	2222.0
7430	2424.0
7440	2278.0
7450	2450.0
7460	2322.0
7470	2754.0
7480	2554.0
7490	2810.0
7500	2576.0
7510	2386.0
7520	2720.0
7530	2458.0
7540	2524.0
7550	2684.0
7560	2456.0
7570	2320.0
7580	2650.0
7590	2582.0
7600	2352.0
7610	2558.0
7620	2474.0
7630	2428.0
7640	2368.0
7650	2398.0
7660	2256.0
7670	2232.0
7680	2516.0
7690	2356.0
7700	2278.0
7710	2426.0
7720	2612.0
7730	2516.0
7740	2494.0
7750	2324.0
7760	2726.0
7770	2642.0
7780	2588.0
7790	2294.0
7800	2742.0
7810	2498.0
7820	2518.0
7830	2366.0
7840	2420.0
7850	2220.0
7860	2392.0
7870	2108.0
7880	2400.0
7890	2220.0
7900	2228.0
7910	2346.0
7920	2660.0
7930	2270.0
7940	2366.0
7950	2744.0
7960	2966.0
7970	2402.0
7980	2246.0
7990	2276.0
8000	2258.0
8010	2430.0
8020	2444.0
8030	2200.0
8040	2256.0
8050	2122.0
8060	2382.0
8070	2332.0
8080	2296.0
8090	2340.0
8100	2450.0
8110	2372.0
8120	2492.0
8130	2452.0
8140	2628.0
8150	2522.0
8160	2578.0
8170	2888.0
8180	2474.0
8190	2528.0
8200	2624.0
8210	2712.0
8220	2500.0
8230	2788.0
8240	2592.0
8250	2934.0
8260	2630.0
8270	2608.0
8280	2616.0
8290	2886.0
8300	2380.0
8310	2284.0
8320	2084.0
8330	2114.0
8340	2310.0
8350	2342.0
8360	2458.0
8370	2166.0
8380	2156.0
8390	2058.0
8400	1862.0
8410	2002.0
8420	1968.0
8430	2514.0
8440	2172.0
8450	2256.0
8460	2492.0
8470	2340.0
8480	2362.0
8490	2168.0
8500	2598.0
8510	2558.0
8520	2532.0
8530	2532.0
8540	2786.0
8550	2578.0
8560	2442.0
8570	2318.0
8580	2158.0
8590	2438.0
8600	2250.0
8610	2292.0
8620	2386.0
8630	2322.0
8640	2534.0
8650	2764.0
8660	2608.0
8670	2346.0
8680	2544.0
8690	2786.0
8700	2502.0
8710	2342.0
8720	2496.0
8730	2326.0
8740	2482.0
8750	2344.0
8760	2424.0
8770	2448.0
8780	2690.0
8790	2224.0
8800	2302.0
8810	2486.0
8820	2354.0
8830	1908.0
8840	2040.0
8850	1982.0
8860	2130.0
8870	2254.0
8880	2404.0
8890	2478.0
8900	2272.0
8910	2670.0
8920	2338.0
8930	2530.0
8940	2428.0
8950	2368.0
8960	2790.0
8970	2858.0
8980	2386.0
8990	2144.0
9000	2080.0
9010	2068.0
9020	2106.0
9030	2504.0
9040	2294.0
9050	2638.0
9060	2554.0
9070	2582.0
9080	2558.0
9090	2188.0
9100	2166.0
9110	2550.0
9120	2540.0
9130	2438.0
9140	2552.0
9150	2530.0
9160	2342.0
9170	2620.0
9180	2214.0
9190	2328.0
9200	2056.0
9210	2362.0
9220	2102.0
9230	2462.0
9240	2516.0
9250	2570.0
9260	2704.0
9270	2444.0
9280	2454.0
9290	2558.0
9300	2974.0
9310	2768.0
9320	2714.0
9330	2486.0
9340	2382.0
9350	2336.0
9360	2204.0
9370	2062.0
9380	2002.0
9390	2198.0
9400	2584.0
9410	2278.0
9420	2372.0
9430	2594.0
9440	2386.0
9450	2602.0
9460	2590.0
9470	2784.0
9480	2454.0
9490	2400.0
9500	2306.0
9510	2496.0
9520	2322.0
9530	2146.0
9540	2476.0
9550	2364.0
9560	2276.0
9570	2282.0
9580	2034.0
9590	2114.0
9600	2432.0
9610	2432.0
9620	2456.0
9630	2280.0
9640	2080.0
9650	2186.0
9660	2316.0
9670	2644.0
9680	2238.0
9690	2270.0
9700	2190.0
9710	2422.0
9720	2450.0
9730	3064.0
9740	2900.0
9750	2340.0
9760	2282.0
9770	2558.0
9780	2632.0
9790	2456.0
9800	2428.0
9810	2104.0
9820	2372.0
9830	2258.0
9840	2174.0
9850	2400.0
9860	2366.0
9870	2538.0
9880	2836.0
9890	2872.0
9900	2642.0
9910	2894.0
9920	2608.0
9930	2508.0
9940	2370.0
9950	2282.0
9960	2442.0
9970	2704.0
9980	2694.0
9990	2420.0
