#MCS	VS_mean
0	0.41112168369752367
100	0.3783618233618234
200	0.38876739926739934
300	0.38268315018315024
400	0.37378652828652836
500	0.3675503663003662
600	0.375366452991453
700	0.37737118437118444
800	0.39012962962962966
900	0.38122649572649575
1000	0.3678992673992675
1100	0.37207264957264957
1200	0.37636146723646735
1300	0.377161223036223
1400	0.3809126984126985
1500	0.38388278388278396
1600	0.3718906695156695
1700	0.3703276862026863
1800	0.37530056980056975
1900	0.3808361823361824
2000	0.3637094017094017
2100	0.3836469271469272
2200	0.3796488603988605
2300	0.3785736670736672
2400	0.37537321937321944
2500	0.3684794464794466
2600	0.36832193732193735
2700	0.37980331705331716
2800	0.38685790598290604
2900	0.3852596662596663
3000	0.37239886039886044
3100	0.37164774114774113
3200	0.3805590659340659
3300	0.3634102564102565
3400	0.3709750712250713
3500	0.37267958892958897
3600	0.36809045584045585
3700	0.3726131461131462
3800	0.3786756206756206
3900	0.38095767195767205
4000	0.37168080993080993
4100	0.3753889397639397
4200	0.37990608465608466
4300	0.37136426536426537
4400	0.38086284086284083
4500	0.3735258002866698
4600	0.3718490028490028
4700	0.3714519230769231
4800	0.37299552299552297
4900	0.37932264957264955
5000	0.3709285714285714
5100	0.37638095238095237
5200	0.3866334961334962
5300	0.37565740740740733
5400	0.3906394993894994
5500	0.3699358974358975
5600	0.38563858363858367
5700	0.37864903232144614
5800	0.38230056980056987
5900	0.37159574684574687
6000	0.3780876068376069
6100	0.378405982905983
6200	0.37704848392348395
6300	0.37302706552706555
6400	0.3769558404558406
6500	0.3799643874643875
6600	0.38285042735042746
6700	0.3826495726495726
6800	0.37287993487993487
6900	0.3805593203093204
7000	0.3708830338341208
7100	0.3796247456247457
7200	0.37782275132275134
7300	0.38169632239740936
7400	0.36679456654456655
7500	0.3839720187220187
7600	0.38022893772893773
7700	0.38016076516076514
7800	0.387728021978022
7900	0.3720220797720798
8000	0.3698514957264957
8100	0.3738351648351649
8200	0.3776985144485145
8300	0.37595049857549856
8400	0.38953881766381765
8500	0.3701381766381767
8600	0.37643732193732193
8700	0.37673921448921444
8800	0.37532264957264955
8900	0.36913644688644687
9000	0.3763346560846562
9100	0.3856794871794872
9200	0.3672868282738973
9300	0.38054985754985754
9400	0.36547746235246226
9500	0.38356588319088325
9600	0.378417378917379
9700	0.3782673992673992
9800	0.37114194139194145
9900	0.3753799348799348
10000	0.3786267806267807
10100	0.38151811151811155
10200	0.37242460317460313
10300	0.36396825396825394
10400	0.3664628612128612
10500	0.3810067663817664
10600	0.3870850122100123
10700	0.38345197395197395
10800	0.368614367114367
10900	0.3808519536019536
11000	0.38422568172568183
11100	0.36604843304843315
11200	0.3699729344729345
11300	0.38265913715913713
11400	0.38025101750101753
11500	0.38651475376475386
11600	0.3796895604395604
11700	0.371778897028897
11800	0.37578663003663004
11900	0.3758642653642653
12000	0.3802379934879935
12100	0.3616067884860988
12200	0.3797297517297518
12300	0.38368660968660967
12400	0.3776930199430199
12500	0.38576607651607653
12600	0.37627635327635334
12700	0.3842183557183557
12800	0.36563817663817655
12900	0.38045512820512817
13000	0.3836575091575092
13100	0.3896139601139602
13200	0.3741792836792837
13300	0.38091880341880346
13400	0.3798276353276354
13500	0.3772954822954824
13600	0.3835328652828653
13700	0.37646387871387876
13800	0.37662428774928774
13900	0.3843923483923485
14000	0.37247410459910457
14100	0.3820418192918193
14200	0.3831981074481075
14300	0.38826821326821326
14400	0.3643388278388279
14500	0.3842086894586895
14600	0.3761777574277574
14700	0.3730335775335775
14800	0.3783904151404151
14900	0.378721916971917
15000	0.36516987179487187
15100	0.37459411884411875
15200	0.38220787545787543
15300	0.37832743182743184
15400	0.3835591168091169
15500	0.364897385022385
15600	0.3815498575498576
15700	0.37330484330484337
15800	0.3791139601139602
15900	0.3824338624338625
16000	0.37935012210012214
16100	0.37210785510785505
16200	0.37421367521367527
16300	0.3796153846153846
16400	0.36857193732193727
16500	0.38185363247863247
16600	0.36807407407407405
16700	0.379598137973138
16800	0.38183526658526656
16900	0.37511263736263734
17000	0.3789038461538462
17100	0.366514245014245
17200	0.3715922364672365
17300	0.3779855514855515
17400	0.3745605413105414
17500	0.37307264957264963
17600	0.374548433048433
17700	0.3857710622710623
17800	0.3710623728123728
17900	0.38476638176638184
18000	0.37949511599511615
18100	0.37649404761904764
18200	0.38354955229955234
18300	0.3667531542531543
18400	0.3843382682132683
18500	0.3796919515669515
18600	0.3775564447629665
18700	0.3717642450142451
18800	0.37619042531542535
18900	0.37600213675213673
19000	0.3636111111111111
19100	0.37375284900284905
19200	0.3792165242165242
19300	0.3689358974358975
19400	0.39036843711843705
19500	0.3740245217745217
19600	0.3744089336589337
19700	0.3677159137159137
19800	0.3761449430199431
19900	0.3845263532763533
20000	0.3661730769230768
20100	0.36624928774928767
20200	0.3745786528286529
20300	0.3819502442002442
20400	0.38435327635327643
20500	0.37928632478632485
20600	0.3689658119658119
20700	0.3754372201872203
20800	0.3744173789173789
20900	0.3816696174196174
21000	0.3928706756206757
21100	0.3734131054131054
21200	0.36129594017094013
21300	0.3797920227920228
21400	0.3815883190883191
21500	0.3750811965811966
21600	0.38798433048433056
21700	0.3695897435897436
21800	0.3708454415954415
21900	0.37199287749287746
22000	0.37215588115588116
22100	0.377019943019943
22200	0.38392450142450146
22300	0.3832055352055353
22400	0.37773656898656893
22500	0.36131954619454626
22600	0.37964682539682537
22700	0.37344159544159555
22800	0.3701505901505901
22900	0.3796867114367114
23000	0.3727792022792023
23100	0.38229370342301383
23200	0.36827426739926744
23300	0.3794687118437119
23400	0.38204380341880345
23500	0.37316910866910874
23600	0.38108124745624744
23700	0.3787834757834758
23800	0.37841657818831737
23900	0.3859188034188035
24000	0.375480056980057
24100	0.3860512820512821
24200	0.3774199735449736
24300	0.37686467236467236
24400	0.37353276353276355
24500	0.37713532763532764
24600	0.37543554131054135
24700	0.3766267806267806
24800	0.36918793243793246
24900	0.37050142450142437
25000	0.3801996336996338
25100	0.3866801994301995
25200	0.37395177045177047
25300	0.382960113960114
25400	0.37017094017094015
25500	0.37530769230769234
25600	0.36945258445258444
25700	0.38570512820512826
25800	0.3733433048433049
25900	0.3763976393976393
26000	0.37064550264550267
26100	0.37587749287749284
26200	0.3763703703703704
26300	0.3688653846153846
26400	0.38117343304843304
26500	0.3760114977614978
26600	0.37939916564916565
26700	0.37271367521367516
26800	0.3856746031746031
26900	0.3706328192741236
27000	0.376293142043142
27100	0.36610648148148156
27200	0.3637168803418803
27300	0.38019419006919
27400	0.37155828877380603
27500	0.36704273504273494
27600	0.3825922364672365
27700	0.37610826210826204
27800	0.3770798229548229
27900	0.3759658119658119
28000	0.3740494505494505
28100	0.3679465811965811
28200	0.3722009055759056
28300	0.3754583333333333
28400	0.3875648148148148
28500	0.3760011297769918
28600	0.3801452991452992
28700	0.3683945868945869
28800	0.3766039886039885
28900	0.3702745217745217
29000	0.3820075295075295
29100	0.3758936202686203
29200	0.3782025265602852
29300	0.37395197395197394
29400	0.37209503459503457
29500	0.37256552706552704
29600	0.3739349816849816
29700	0.3888722018722019
29800	0.38348005698005705
29900	0.3780853683353683
30000	0.37516676841676844
30100	0.38387037037037036
30200	0.3691634615384615
30300	0.38206623931623934
30400	0.37519088319088323
30500	0.3661723137973138
30600	0.36994230769230757
30700	0.3850847578347579
30800	0.3708823768823769
30900	0.38203409680995887
31000	0.36795118802015364
31100	0.38077309727309727
31200	0.3713412698412698
31300	0.37987820512820514
31400	0.39270553520553525
31500	0.3742707061457062
31600	0.3740470085470085
31700	0.371934472934473
31800	0.37915689865689867
31900	0.38154415954415954
32000	0.3786187423687423
32100	0.37957560032560034
32200	0.3883935185185186
32300	0.38094515669515683
32400	0.3831931216931218
32500	0.3728689458689458
32600	0.3746359241014413
32700	0.381629477004477
32800	0.37602564102564107
32900	0.3746745014245015
33000	0.37688268213268195
33100	0.3770072242572243
33200	0.3771632071632073
33300	0.3808185795685796
33400	0.37161894586894584
33500	0.37582203907203915
33600	0.3756588319088319
33700	0.3811745014245015
33800	0.3733938746438747
33900	0.38607149874391256
34000	0.376025641025641
34100	0.38042012617012616
34200	0.36777625152625154
34300	0.3788749491249491
34400	0.37086141636141645
34500	0.3864131054131055
34600	0.36358547008547004
34700	0.3944843304843305
34800	0.37104207366707376
34900	0.385051689051689
35000	0.376442205942206
35100	0.3784119861619862
35200	0.37867714692714705
35300	0.37156410256410266
35400	0.3632478632478632
35500	0.3819693732193732
35600	0.36991025641025643
35700	0.38344907407407425
35800	0.37111385836385835
35900	0.38141595441595444
36000	0.3684857549857549
36100	0.37160587098087106
36200	0.3804559930809931
36300	0.3715473137973137
36400	0.3699113247863248
36500	0.37662128612128615
36600	0.36938062058714227
36700	0.38034366096866096
36800	0.38460775335775343
36900	0.37185897435897436
37000	0.3754164631664632
37100	0.3781566951566951
37200	0.37481884881734956
37300	0.37335327635327636
37400	0.38115201465201465
37500	0.38095431420431425
37600	0.37375854700854705
37700	0.3690474155474156
37800	0.36911039886039887
37900	0.37528917378917376
38000	0.3805790598290598
38100	0.37444698819698824
38200	0.3813651811151811
38300	0.3901779030356617
38400	0.3845814000814001
38500	0.37494902319902323
38600	0.3910089540089541
38700	0.37966773504273504
38800	0.3748475783475783
38900	0.3759509564509565
39000	0.3798712861212862
39100	0.3728871591371591
39200	0.384391737891738
39300	0.37302747252747254
39400	0.37855698005698
39500	0.37380586080586087
39600	0.3892236467236468
39700	0.3676016483516483
39800	0.3804790394790395
39900	0.37733048433048444
40000	0.37180016280016287
40100	0.37985612535612545
40200	0.38279772079772084
40300	0.3757981277981278
40400	0.3763931623931624
40500	0.3713359788359788
40600	0.36626546601546606
40700	0.371155932030932
40800	0.37423041310541316
40900	0.37035398860398866
41000	0.3827621082621083
41100	0.3710541310541311
41200	0.3878437118437118
41300	0.3822405372405373
41400	0.3800349002849003
41500	0.37629049654049657
41600	0.3689288766788767
41700	0.37849572649572655
41800	0.37988995726495733
41900	0.3704223927413582
42000	0.3688376068376068
42100	0.37823219373219374
42200	0.3804255189255189
42300	0.385988603988604
42400	0.37581695156695166
42500	0.3844764957264958
42600	0.37661090761090754
42700	0.38231908831908834
42800	0.37567236467236464
42900	0.39100925925925945
43000	0.37221927146927153
43100	0.37197435897435904
43200	0.3751862026862027
43300	0.376521571021571
43400	0.3794644892144893
43500	0.36919800569800565
43600	0.3664971509971509
43700	0.3863803418803419
43800	0.37657824582824584
43900	0.3892326007326008
44000	0.3706823361823361
44100	0.3739480056980057
44200	0.3799599104599104
44300	0.3750086487586488
44400	0.37338568376068376
44500	0.3794286731786732
44600	0.38407020757020766
44700	0.38200997150997157
44800	0.3892932437932438
44900	0.3714472934472934
45000	0.3744455128205128
45100	0.3725937118437118
45200	0.3723746438746439
45300	0.37418365893365896
45400	0.38934549247049255
45500	0.3802428266178266
45600	0.36099492302078506
45700	0.37656684981684974
45800	0.38222751322751325
45900	0.37901923076923083
46000	0.3719529405779406
46100	0.37518233618233615
46200	0.35835256410256405
46300	0.3777673992673993
46400	0.3754037952787953
46500	0.37857122507122504
46600	0.37483679283679283
46700	0.3838231583231584
46800	0.371037037037037
46900	0.37480484330484326
47000	0.37341982091982096
47100	0.3796452991452992
47200	0.3787673992673993
47300	0.3703494203752825
47400	0.38353520553520554
47500	0.3817314814814815
47600	0.37891646316646316
47700	0.35747201872201867
47800	0.36901251526251533
47900	0.39039245014245016
48000	0.37235353072853083
48100	0.38349491249491247
48200	0.3722238502238503
48300	0.3653585673585674
48400	0.37481990231990236
48500	0.363551282051282
48600	0.3708316035816036
48700	0.3734217541717542
48800	0.38832870370370376
48900	0.37204120879120883
49000	0.36157051282051283
49100	0.36422664835164836
49200	0.38027207977207983
49300	0.38968915343915356
49400	0.38348860398860396
49500	0.3713803927553928
49600	0.3819312523225567
49700	0.37218233618233615
49800	0.377141737891738
49900	0.36719800569800576
50000	0.3774283170533171
50100	0.38336538461538466
50200	0.3842759462759463
50300	0.3712119963369964
50400	0.3711410256410257
50500	0.37136324786324776
50600	0.37881369907231977
50700	0.37797456247456246
50800	0.36944261294261294
50900	0.3734748677248678
51000	0.37692022792022783
51100	0.37324165649165647
51200	0.3806409238909239
51300	0.37391061253561253
51400	0.3819832621082621
51500	0.3702359584859584
51600	0.37523534798534797
51700	0.38857020757020766
51800	0.3744362535612536
51900	0.3801502340252341
52000	0.36889066951566946
52100	0.37527207977207977
52200	0.3719501424501424
52300	0.3788420838420839
52400	0.3853373524623525
52500	0.38577172364672363
52600	0.3812482702482703
52700	0.36283501221001224
52800	0.3620014245014245
52900	0.37737311762311765
53000	0.3769095722285378
53100	0.3777108262108263
53200	0.357565527065527
53300	0.37379833129833123
53400	0.3929027777777779
53500	0.37942450142450146
53600	0.3651182336182336
53700	0.36680555555555555
53800	0.3838232600732601
53900	0.3816181318681318
54000	0.3820925925925926
54100	0.3775846560846561
54200	0.3716310541310542
54300	0.3707122507122507
54400	0.3699921652421652
54500	0.378460113960114
54600	0.37411057078298454
54700	0.37478846153846146
54800	0.37942088929588935
54900	0.3715499084249084
55000	0.3739195156695156
55100	0.37982936507936504
55200	0.37629487179487187
55300	0.3838105413105413
55400	0.37709238909238907
55500	0.37330372405372414
55600	0.37410520960520965
55700	0.38274928774928785
55800	0.3804223646723647
55900	0.3883956552706553
56000	0.3704972527472528
56100	0.3837407407407407
56200	0.38341778591778597
56300	0.3793835978835979
56400	0.3718084045584046
56500	0.3766382783882784
56600	0.37319943019943014
56700	0.3896018518518519
56800	0.37769515669515663
56900	0.3726533374033374
57000	0.3730876436781609
57100	0.3756284086284086
57200	0.3709052197802198
57300	0.373366452991453
57400	0.3799088319088319
57500	0.3674410358160359
57600	0.3852147944647945
57700	0.3843005698005698
57800	0.3662705535205536
57900	0.3809744607244608
58000	0.3743717948717948
58100	0.37606125356125364
58200	0.38652421652421654
58300	0.3781448921448921
58400	0.37658119658119654
58500	0.3732720797720797
58600	0.38552650590150594
58700	0.38959259259259266
58800	0.3658596866096866
58900	0.3753059625559625
59000	0.3794429708222812
59100	0.37311986161986155
59200	0.36765623728123725
59300	0.36468589743589735
59400	0.3732881562881563
59500	0.372510175010175
59600	0.3794786324786325
59700	0.38318813593813605
59800	0.3753166463166463
59900	0.37622201872201877
60000	0.36984788359788356
60100	0.37718803418803415
60200	0.3812210012210012
60300	0.36996947496947497
60400	0.3913736263736264
60500	0.3757493894993894
60600	0.38313380138380143
60700	0.3794508547008548
60800	0.3743803418803419
60900	0.36987393162393156
61000	0.37711685999186
61100	0.38102747252747254
61200	0.37776887464387465
61300	0.3798209198209198
61400	0.37686645299145294
61500	0.36988456450956464
61600	0.36814102564102563
61700	0.3633646723646724
61800	0.3735648148148148
61900	0.3868700142450144
62000	0.37963878713878707
62100	0.3896377187627188
62200	0.372310236060236
62300	0.386104293854294
62400	0.37912087912087916
62500	0.37972792022792023
62600	0.37598290598290607
62700	0.365626984126984
62800	0.3694323361823361
62900	0.37264387464387466
63000	0.37082122507122506
63100	0.3807296499796501
63200	0.3670608465608465
63300	0.37241488603988604
63400	0.3833892958892958
63500	0.3717507122507123
63600	0.3824549247049247
63700	0.39056903744403737
63800	0.37222222222222223
63900	0.3830559625559626
64000	0.38595441595441593
64100	0.37874364237295277
64200	0.3830729548229549
64300	0.38365425315425317
64400	0.3795243182743183
64500	0.3800790598290598
64600	0.3617802197802197
64700	0.3786695156695156
64800	0.3699938949938949
64900	0.3718410663410663
65000	0.37768233618233615
65100	0.36870121082621077
65200	0.3769347781847783
65300	0.3691861142078534
65400	0.37022507122507115
65500	0.38937962962962974
65600	0.37686574074074075
65700	0.36702492877492876
65800	0.3817718867977489
65900	0.3683897537647538
66000	0.3840651200651201
66100	0.380511803011803
66200	0.37437077737077745
66300	0.3768943833943834
66400	0.3741731786731788
66500	0.3749661172161172
66600	0.3876759259259259
66700	0.38800000000000007
66800	0.3717108262108263
66900	0.38423697598697604
67000	0.38114723239723236
67100	0.37833160358160367
67200	0.3886128408628409
67300	0.37842811355311357
67400	0.36681908831908827
67500	0.37131908831908833
67600	0.3566071428571429
67700	0.3772631257631259
67800	0.3667876475376476
67900	0.37334330484330486
68000	0.3850502645502647
68100	0.3702287535261673
68200	0.3787403337403338
68300	0.3871179792429792
68400	0.37127737077737083
68500	0.3705381695599087
68600	0.38228205128205117
68700	0.3797407407407407
68800	0.37655199430199426
68900	0.36088644688644683
69000	0.3815192307692308
69100	0.3702282254782255
69200	0.37801282051282054
69300	0.3680409035409036
69400	0.37578917378917376
69500	0.37952609890109895
69600	0.3696793854293854
69700	0.3750929487179488
69800	0.3753504273504274
69900	0.37431369556369554
70000	0.37631756206756206
70100	0.37391951566951576
70200	0.38186416361416364
70300	0.3850958485958486
70400	0.3648863451363451
70500	0.37835968660968666
70600	0.37522702377443756
70700	0.3659846357346357
70800	0.39264031339031336
70900	0.37540669515669517
71000	0.37684686609686613
71100	0.3731246438746439
71200	0.3725669515669516
71300	0.365363146113146
71400	0.37909544159544156
71500	0.37568772893772884
71600	0.37505698005698007
71700	0.37779873829873833
71800	0.37949043549043554
71900	0.3752606837606837
72000	0.3731481481481482
72100	0.37285327635327636
72200	0.3807884615384616
72300	0.37591066341066337
72400	0.3728015873015873
72500	0.36954273504273505
72600	0.3740163817663818
72700	0.38558028083028084
72800	0.3915908628408629
72900	0.3737094017094017
73000	0.3697472527472526
73100	0.37480240130240133
73200	0.3793128815628815
73300	0.36978917378917375
73400	0.3768062678062678
73500	0.38745126170126176
73600	0.38022873422873416
73700	0.37481049218980245
73800	0.36911396011396025
73900	0.3722592592592593
74000	0.37304746642246644
74100	0.3786976495726496
74200	0.37153835978835986
74300	0.37104568579568575
74400	0.3757891737891738
74500	0.3684654049654049
74600	0.37059121896621894
74700	0.38938603988604
74800	0.39074216524216526
74900	0.38104456654456664
75000	0.3726288682581786
75100	0.35632804232804244
75200	0.37937998575498577
75300	0.3831014448514449
75400	0.37793274318274317
75500	0.3742472018722019
75600	0.3722521367521368
75700	0.36798290598290595
75800	0.3638992165242166
75900	0.3656588319088319
76000	0.38297344322344323
76100	0.375986161986162
76200	0.36883333333333324
76300	0.36789601139601136
76400	0.376940170940171
76500	0.378804131054131
76600	0.360500814000814
76700	0.3826577635327636
76800	0.3754814814814814
76900	0.3676156898656899
77000	0.37303800366300377
77100	0.3855207570207571
77200	0.39306410256410257
77300	0.3723137973137973
77400	0.3745876068376068
77500	0.3591794871794872
77600	0.37716239316239325
77700	0.38890170940170943
77800	0.3762622608872609
77900	0.36847649572649566
78000	0.3802763532763533
78100	0.38117521367521373
78200	0.376508547008547
78300	0.3794431216931217
78400	0.3705626780626781
78500	0.36981186406186406
78600	0.3808632478632478
78700	0.37103934571175945
78800	0.3957802706552707
78900	0.37536253561253574
79000	0.37235185185185193
79100	0.3777184065934066
79200	0.3783740333740334
79300	0.36420049857549863
79400	0.3842400284900286
79500	0.3762920227920227
79600	0.38894012006512013
79700	0.37265481277981277
79800	0.37064122914122916
79900	0.38049918599918603
80000	0.36438212250712254
80100	0.3710012315270936
80200	0.38153169515669516
80300	0.3790517908017908
80400	0.3756267806267807
80500	0.3761254070004071
80600	0.38722039072039083
80700	0.3731367521367522
80800	0.3786898148148149
80900	0.3774325396825397
81000	0.3812916157916158
81100	0.373102971102971
81200	0.3810444595315285
81300	0.3718995217745217
81400	0.378880341880342
81500	0.3750153133903134
81600	0.3702962962962964
81700	0.3718785612535613
81800	0.37543742368742367
81900	0.3725436507936508
82000	0.3738319088319088
82100	0.38662260887260885
82200	0.37122364672364677
82300	0.38772028897028893
82400	0.3762777777777779
82500	0.378625
82600	0.37379059829059835
82700	0.37848829873829865
82800	0.3779496336996337
82900	0.3750573361823362
83000	0.3767188644688645
83100	0.37080947293447286
83200	0.36827136752136747
83300	0.38031196581196575
83400	0.3745652218152219
83500	0.38669027269027273
83600	0.3740142450142451
83700	0.37644831094831094
83800	0.3805946275946276
83900	0.37957086894586894
84000	0.3771067358567359
84100	0.3750962047212047
84200	0.36999877899877903
84300	0.37542307692307697
84400	0.3819939967439968
84500	0.3694643874643875
84600	0.37910968660968664
84700	0.37518660968660966
84800	0.37901699226699226
84900	0.3722361111111111
85000	0.3581386853886854
85100	0.3734063899063899
85200	0.3795327635327636
85300	0.37090440577940575
85400	0.38398005698005705
85500	0.3775733109483109
85600	0.3706510989010989
85700	0.39499572649572656
85800	0.37130168905168903
85900	0.3693147130647131
86000	0.3818425925925926
86100	0.36332621082621075
86200	0.38152279202279205
86300	0.37511930199430193
86400	0.38001709401709405
86500	0.3810594729344729
86600	0.37848321123321116
86700	0.38054344729344736
86800	0.37338573463573466
86900	0.3737061457061458
87000	0.37678388278388286
87100	0.38294729344729356
87200	0.38036467236467236
87300	0.38221225071225073
87400	0.3945497557997558
87500	0.373500814000814
87600	0.37953311965811964
87700	0.3728034188034188
87800	0.3730918294668294
87900	0.363971102971103
88000	0.3829988298738298
88100	0.3850782458282459
88200	0.3864255189255189
88300	0.3853949938949938
88400	0.3923173076923077
88500	0.3810224358974359
88600	0.37444729344729344
88700	0.3750270655270656
88800	0.37152492877492876
88900	0.367563899063899
89000	0.38179131054131066
89100	0.3751787749287749
89200	0.3767473229197366
89300	0.3736972934472935
89400	0.37563675213675224
89500	0.3762591575091575
89600	0.37277357444598824
89700	0.3813660968660969
89800	0.373460927960928
89900	0.37177207977207977
90000	0.36607142857142866
90100	0.38018080993081
90200	0.3682743182743183
90300	0.36731838659424865
90400	0.38141880341880346
90500	0.3880477207977208
90600	0.3852221204721205
90700	0.3764102564102565
90800	0.3773775437525437
90900	0.373066748066748
91000	0.3818269230769232
91100	0.3726481481481482
91200	0.38063675213675213
91300	0.3838766788766789
91400	0.3678649776149777
91500	0.3885811965811966
91600	0.38650284900284904
91700	0.36604497354497345
91800	0.374897435897436
91900	0.36859259259259264
92000	0.37029884004884006
92100	0.37099104599104593
92200	0.3787560541310542
92300	0.3767321937321938
92400	0.35663817663817665
92500	0.387884411884412
92600	0.38704914529914525
92700	0.3691630036630037
92800	0.38079273504273503
92900	0.3728247354497355
93000	0.3724454619454619
93100	0.38443915343915347
93200	0.36939835164835166
93300	0.37604624542124543
93400	0.37419474969474964
93500	0.3804392481720068
93600	0.3682805250305251
93700	0.36995757020757036
93800	0.37234228734228736
93900	0.36776638176638177
94000	0.38166035816035815
94100	0.3859109177859179
94200	0.3676784696784698
94300	0.3759344729344729
94400	0.37707977207977206
94500	0.37620695970695966
94600	0.3783201058201059
94700	0.3812293447293447
94800	0.37396550671550677
94900	0.3840304232804233
95000	0.3685071225071225
95100	0.3701841676841677
95200	0.38554558404558403
95300	0.3793205128205129
95400	0.362734358553324
95500	0.3821629019129019
95600	0.37467908017908025
95700	0.37938207163207166
95800	0.38287250712250714
95900	0.3713414733414734
96000	0.3709457671957672
96100	0.3758704212454213
96200	0.3686997863247863
96300	0.37874633699633703
96400	0.37824633699633703
96500	0.37824501424501433
96600	0.3795911680911682
96700	0.37453947903947915
96800	0.38244729344729345
96900	0.38811823361823367
97000	0.3838546499796501
97100	0.3804806166056166
97200	0.3781907814407814
97300	0.37409620472120475
97400	0.37274206349206357
97500	0.37189173789173785
97600	0.3653486467236467
97700	0.37172771672771676
97800	0.38592165242165244
97900	0.3892143874643875
98000	0.37298870573870574
98100	0.373090811965812
98200	0.3709195156695157
98300	0.38109218559218555
98400	0.3750242165242166
98500	0.3690121591371591
98600	0.37427879527879526
98700	0.3761652421652422
98800	0.3768896011396011
98900	0.37260480260480255
99000	0.37533277370777374
99100	0.38565425315425317
99200	0.37366239316239314
99300	0.3889227716727718
99400	0.38470487382987384
99500	0.37420156695156703
99600	0.37645125727734424
99700	0.37108323158323164
99800	0.36964916564916556
99900	0.37660113960113956
100000	0.3872910561660562
100100	0.3825626780626781
100200	0.3792846967846968
100300	0.38377828652828655
100400	0.37424654049654044
100500	0.3828333333333334
100600	0.37999704924704925
100700	0.37641078445819826
100800	0.3666039886039886
100900	0.3703888152077807
101000	0.3727326007326007
101100	0.3723258038258039
101200	0.3775153642653642
101300	0.38631537444037445
101400	0.37097252747252746
101500	0.3721554741554743
101600	0.37168793243793236
101700	0.3845178062678063
101800	0.37952849002848993
101900	0.3687197293447293
102000	0.37746479446479453
102100	0.37858862433862434
102200	0.3761214387464387
102300	0.363679703951443
102400	0.38014245014245024
102500	0.3646025641025641
102600	0.36514804639804643
102700	0.3795780423280424
102800	0.37810582010582006
102900	0.3707520858770859
103000	0.3596776556776557
103100	0.3704110195360195
103200	0.3880056980056981
103300	0.3820790598290599
103400	0.38395619658119656
103500	0.3684078144078145
103600	0.37856267806267807
103700	0.3728093203093203
103800	0.3793504273504274
103900	0.3699512108262108
104000	0.38432905982905974
104100	0.37003785103785103
104200	0.3606442307692308
104300	0.37958246845746857
104400	0.3757921754171754
104500	0.3769180911680912
104600	0.3760434472934473
104700	0.3754044920457965
104800	0.3756242877492878
104900	0.3795302706552707
105000	0.3762824582824583
105100	0.38297150997150997
105200	0.38349435286935285
105300	0.3756300366300366
105400	0.36665384615384616
105500	0.3851557794057794
105600	0.37476638176638183
105700	0.3767663817663818
105800	0.37788095238095243
105900	0.38365114977614967
106000	0.3885975783475784
106100	0.37442877492877497
106200	0.37225529100529103
106300	0.37539560439560443
106400	0.3638355718355719
106500	0.37223270248270246
106600	0.3723333333333334
106700	0.3718860767265939
106800	0.3642717745217745
106900	0.3785156695156695
107000	0.37294012006512006
107100	0.3732663817663818
107200	0.369203601953602
107300	0.3807660765160766
107400	0.36783679283679277
107500	0.37483333333333335
107600	0.3802364672364672
107700	0.37048402523402524
107800	0.37739987789987783
107900	0.3669529914529915
108000	0.37862464387464384
108100	0.37967272079772085
108200	0.3748760683760684
108300	0.38861762311762316
108400	0.3838596866096866
108500	0.3802852564102564
108600	0.37246321733821736
108700	0.3681725681725681
108800	0.37905982905982916
108900	0.3765911680911681
109000	0.3755805772327511
109100	0.36816188441188447
109200	0.37835185185185194
109300	0.39325691900691906
109400	0.3760249796499797
109500	0.3762514245014245
109600	0.3829932844932845
109700	0.3823852785145889
109800	0.37546998371998375
109900	0.37780728530728525
110000	0.37828235653235653
110100	0.3722411477411478
110200	0.38422863247863254
110300	0.37002207977207985
110400	0.37056298331298326
110500	0.37608943833943836
110600	0.37175869963369956
110700	0.3654647435897435
110800	0.3829074074074073
110900	0.3651985144485145
111000	0.37553988603988603
111100	0.37065455840455847
111200	0.3593405575905575
111300	0.3790379019129019
111400	0.3776611721611723
111500	0.37017521367521367
111600	0.3801343206601829
111700	0.3849559422059422
111800	0.37038858363858373
111900	0.3823262108262108
112000	0.3701937321937323
112100	0.37870044770044775
112200	0.3709319291819292
112300	0.37492485754985755
112400	0.3672469474969475
112500	0.39261538461538475
112600	0.3770327635327636
112700	0.3691424501424501
112800	0.3783567358567359
112900	0.374276455026455
113000	0.37670014245014255
113100	0.37509358355010525
113200	0.37239560439560443
113300	0.37713532763532764
113400	0.3827360602360602
113500	0.38582885632885633
113600	0.38512676659228384
113700	0.37043261862658416
113800	0.3762563085063086
113900	0.36429019129019125
114000	0.3717250712250713
114100	0.3682685185185185
114200	0.37694383394383396
114300	0.38053846153846155
114400	0.36681196581196585
114500	0.3710558608058608
114600	0.3710715303215303
114700	0.3790387667887668
114800	0.38308618233618236
114900	0.38475
115000	0.38967412981543426
115100	0.38147079772079784
115200	0.37468091168091167
115300	0.3733855311355311
115400	0.3776238298738299
115500	0.3827479649979651
115600	0.369400284900285
115700	0.3813608058608059
115800	0.3762129629629629
115900	0.3806132478632479
116000	0.37429772079772083
116100	0.38218233618233627
116200	0.37536365486365497
116300	0.38129975579975584
116400	0.3689874847374848
116500	0.3727725885225885
116600	0.3679259259259259
116700	0.383753663003663
116800	0.3753696581196581
116900	0.37866015466015474
117000	0.3811321225071226
117100	0.3735740740740741
117200	0.38392633292633294
117300	0.37145726495726505
117400	0.38922756410256415
117500	0.37925961538461533
117600	0.3885
117700	0.37918732193732196
117800	0.3867767094017095
117900	0.37752279202279204
118000	0.3855174501424502
118100	0.37450610500610504
118200	0.38677849002849013
118300	0.36956379731379735
118400	0.37291666666666673
118500	0.38389560439560433
118600	0.370281339031339
118700	0.3846581196581197
118800	0.38172039072039077
118900	0.37548036223036224
119000	0.3832019230769231
119100	0.376790293040293
119200	0.38271901709401707
119300	0.3702022792022793
119400	0.38506257631257634
119500	0.3730271672771673
119600	0.3800220797720798
119700	0.389161680911681
119800	0.3804158017908018
119900	0.36622293004901707
120000	0.3766267806267806
120100	0.3776246438746439
120200	0.37272578347578356
120300	0.37975925925925935
120400	0.3736431623931623
120500	0.3770270655270655
120600	0.3739458689458689
120700	0.37182763532763535
120800	0.36147471509971507
120900	0.38947293447293446
121000	0.36409354373484815
121100	0.3801809116809117
121200	0.3681039886039887
121300	0.3770840455840456
121400	0.3622054334554335
121500	0.37213603988603994
121600	0.3846410256410256
121700	0.3802037037037037
121800	0.3656695156695158
121900	0.38440954415954415
122000	0.3745117521367521
122100	0.384510989010989
122200	0.37135149572649584
122300	0.3840787280352498
122400	0.36949893162393177
122500	0.3710696988196987
122600	0.3765672568172567
122700	0.37345014245014246
122800	0.38779594017094027
122900	0.37086803011803016
123000	0.3798829873829873
123100	0.36293584831515874
123200	0.37321270858770866
123300	0.3789147334147335
123400	0.37728098290598294
123500	0.38791168091168093
123600	0.37842450142450146
123700	0.3713497150997151
123800	0.3781695156695156
123900	0.38080026455026456
124000	0.3802870370370371
124100	0.3731949531949532
124200	0.38127350427350426
124300	0.3681880341880341
124400	0.382945868945869
124500	0.38365349002849003
124600	0.3707135734635735
124700	0.37335327635327636
124800	0.37958689458689465
124900	0.3799992877492878
125000	0.37981125356125367
125100	0.3741794871794871
125200	0.3850758038258038
125300	0.3812136752136753
125400	0.37124318274318274
125500	0.3821003256003257
125600	0.38051175213675215
125700	0.3678970288970289
125800	0.3624830779054917
125900	0.3766324786324787
126000	0.37083923483923487
126100	0.35831067112963666
126200	0.3772676027676028
126300	0.36599501424501424
126400	0.3763575498575498
126500	0.3841210826210827
126600	0.3668019943019943
126700	0.3775124135124136
126800	0.37851109076109085
126900	0.37448005698005693
127000	0.3806345136345136
127100	0.3862812372812373
127200	0.38304588929588934
127300	0.36975742775742776
127400	0.3670898453398453
127500	0.3836326821326822
127600	0.37879970492470494
127700	0.3869900284900286
127800	0.38292129629629623
127900	0.3778665038665039
128000	0.376178774928775
128100	0.37659330484330483
128200	0.3783176638176638
128300	0.37913532763532765
128400	0.3839943019943021
128500	0.38281288156288157
128600	0.3704686100936102
128700	0.3762969421882466
128800	0.3818109483109483
128900	0.3734382376882378
129000	0.36713105413105407
129100	0.3691078042328042
129200	0.37913746438746426
129300	0.3667930402930403
129400	0.36868447293447293
129500	0.37242058404558404
129600	0.38018233618233616
129700	0.3752674501424502
129800	0.3803891941391941
129900	0.3773792735042734
130000	0.37312494912494915
130100	0.3780579975579976
130200	0.3681323768823769
130300	0.3831239316239316
130400	0.37051851851851847
130500	0.36344342694342685
130600	0.368224358974359
130700	0.3700128205128205
130800	0.379232091982092
130900	0.3724944037444038
131000	0.37100137362637364
131100	0.36893625356125354
131200	0.3903894590403212
131300	0.37403520553520553
131400	0.37423041310541316
131500	0.3840240130240131
131600	0.37876363451363454
131700	0.38920405982905987
131800	0.37813237688237694
131900	0.38140954415954414
132000	0.38130199430199435
132100	0.36696754171754176
132200	0.372743930080137
132300	0.3872240028490029
132400	0.39680555555555563
132500	0.3738059116809117
132600	0.368008547008547
132700	0.3846514041514043
132800	0.3700046296296296
132900	0.36862617012617005
133000	0.3718155270655271
133100	0.3679558404558404
133200	0.3717136752136752
133300	0.3799867724867724
133400	0.37147578347578336
133500	0.36699821937321936
133600	0.37818416768416774
133700	0.37750925925925916
133800	0.3777232397232398
133900	0.3757086894586895
134000	0.3848433048433049
134100	0.37124109686609685
134200	0.37380769230769234
134300	0.38661640211640214
134400	0.38923199023199023
134500	0.3759055759055759
134600	0.3781772995522995
134700	0.36708262108262113
134800	0.3720388685388686
134900	0.379400691900692
135000	0.38424531949531954
135100	0.3679887057387057
135200	0.37787713675213674
135300	0.37370553520553523
135400	0.3808076923076923
135500	0.38051892551892563
135600	0.3786680911680912
135700	0.3735413105413105
135800	0.3771815151642738
135900	0.37350819088319087
136000	0.37331562881562885
136100	0.37440379527879525
136200	0.36532916157916157
136300	0.3739379833129833
136400	0.36907651607651604
136500	0.380498371998372
136600	0.3763529711029712
136700	0.38461660561660566
136800	0.3785726495726496
136900	0.37116585266585267
137000	0.37071052096052093
137100	0.36588939763939765
137200	0.3727991452991453
137300	0.37404415954415954
137400	0.3806168091168092
137500	0.36754690679690677
137600	0.3798300773300774
137700	0.3743518518518519
137800	0.37021937321937326
137900	0.3682649572649572
138000	0.3783830891330892
138100	0.3736687016687016
138200	0.3705797720797721
138300	0.3757197802197802
138400	0.37731105006105004
138500	0.3675277777777778
138600	0.3699023442338661
138700	0.37187810337810334
138800	0.36788603988603996
138900	0.3783875152625153
139000	0.376175518925519
139100	0.3662809829059828
139200	0.37642592592592594
139300	0.3808027065527065
139400	0.3750015262515263
139500	0.3722980260480261
139600	0.37356837606837606
139700	0.37001109076109084
139800	0.38184188034188027
139900	0.36001750101750096
140000	0.3695025542784164
140100	0.3788105413105413
140200	0.380254477004477
140300	0.37547792022792026
140400	0.3800911680911681
140500	0.37144586894586895
140600	0.368946275946276
140700	0.38049250588381023
140800	0.3767696377696378
140900	0.3770135327635327
141000	0.3700192307692308
141100	0.3866599511599512
141200	0.3768357753357753
141300	0.38244729344729345
141400	0.37645217745217746
141500	0.36679772079772077
141600	0.37362851037851047
141700	0.3784280626780626
141800	0.3888820716320716
141900	0.35537708587708583
142000	0.3846368538868539
142100	0.3715398860398861
142200	0.38156888481888485
142300	0.37724542124542115
142400	0.37833048433048444
142500	0.37594134106634103
142600	0.3732792022792023
142700	0.3880501628001628
142800	0.38538176638176636
142900	0.3712695868945869
143000	0.36846621896621895
143100	0.3792621082621083
143200	0.37440873015873016
143300	0.36440028490028487
143400	0.38028759666259665
143500	0.3775359177859179
143600	0.37540349002849005
143700	0.3825452279202278
143800	0.3672165242165243
143900	0.37035083435083443
144000	0.3817845950345951
144100	0.37572079772079775
144200	0.38050284900284914
144300	0.3721427045177045
144400	0.37291748066748065
144500	0.36098005698005703
144600	0.3858002645502645
144700	0.3772143874643875
144800	0.3777411986161986
144900	0.3765811965811966
145000	0.3813882380391001
145100	0.3790853683353684
145200	0.3715539275539276
145300	0.3814729344729344
145400	0.3735288461538462
145500	0.37679782254782257
145600	0.380272435897436
145700	0.38365593203093207
145800	0.36985470085470096
145900	0.38370650358581393
146000	0.3677934472934473
146100	0.3731088726088726
146200	0.37732322849564226
146300	0.3643610093610094
146400	0.3717831196581196
146500	0.3669924704924705
146600	0.37902431827431826
146700	0.38440598290598293
146800	0.37233796296296295
146900	0.3750877085877086
147000	0.3799024216524217
147100	0.375892501017501
147200	0.3906619861619862
147300	0.36936528286528286
147400	0.37302380952380954
147500	0.3762334147334147
147600	0.3653166463166463
147700	0.38085470085470086
147800	0.39351139601139595
147900	0.3785028490028491
148000	0.37934294871794866
148100	0.3807496947496948
148200	0.37451129426129426
148300	0.3904309116809117
148400	0.37379161579161585
148500	0.3638529711029711
148600	0.3730420227920228
148700	0.3727749287749289
148800	0.37553210215710214
148900	0.37809834147334154
149000	0.3751794871794872
149100	0.37530769230769234
149200	0.37625284900284905
149300	0.3681923076923076
149400	0.3729961334961335
149500	0.3873931132724236
149600	0.3748312246501902
149700	0.3622578347578347
149800	0.37468839031339035
149900	0.38224074074074077
150000	0.3767941595441595
150100	0.3705412087912089
150200	0.3701303418803418
150300	0.38903418803418804
150400	0.377423076923077
150500	0.37425284900284905
150600	0.3786816239316239
150700	0.36773688476274685
150800	0.385525641025641
150900	0.3807297008547009
151000	0.3735783475783476
151100	0.3597648555148555
151200	0.3660099715099715
151300	0.38226027676027685
151400	0.354078551078551
151500	0.37447334147334144
151600	0.3768518518518519
151700	0.3895263532763534
151800	0.37853632478632476
151900	0.36908577533577536
152000	0.37975213675213676
152100	0.3810726495726496
152200	0.3859673890923891
152300	0.3672168803418803
152400	0.3817179487179487
152500	0.3849864163614164
152600	0.38895706145706155
152700	0.3874027777777779
152800	0.38400377527963736
152900	0.3808465608465609
153000	0.3781374643874645
153100	0.3757941595441596
153200	0.3727499999999999
153300	0.3826616809116809
153400	0.3800555555555556
153500	0.3808027065527066
153600	0.37560582010582017
153700	0.3843317562067562
153800	0.37627701465201474
153900	0.3771733821733822
154000	0.37300641025641024
154100	0.37616076516076513
154200	0.3599839743589743
154300	0.3795258445258446
154400	0.38321642246642246
154500	0.3715185185185185
154600	0.37880239687848377
154700	0.3651669719169719
154800	0.38338746438746446
154900	0.384083078958079
155000	0.37081695156695155
155100	0.3758492063492064
155200	0.37671896621896633
155300	0.3798646723646724
155400	0.38323646723646726
155500	0.37108908396839435
155600	0.37949002849002855
155700	0.36677065527065533
155800	0.3823393874643875
155900	0.37308761736347934
156000	0.37122364672364666
156100	0.37782763532763536
156200	0.35925702075702076
156300	0.38279202279202273
156400	0.36281196581196573
156500	0.37855089434830813
156600	0.3740470085470085
156700	0.3686212861212861
156800	0.3636528286528287
156900	0.37961752136752136
157000	0.37165130240130245
157100	0.3782378917378918
157200	0.3748764753764754
157300	0.37012861212861214
157400	0.3756131416892286
157500	0.3771531339031339
157600	0.3671049043549043
157700	0.3690561660561661
157800	0.37523979341220726
157900	0.36843589743589744
158000	0.37455341880341886
158100	0.3831665649165649
158200	0.37814702889702884
158300	0.36808368945868947
158400	0.38927686202686207
158500	0.3756652421652421
158600	0.3842521367521368
158700	0.3706987179487179
158800	0.37217445054945053
158900	0.37117521367521367
159000	0.3740733618233618
159100	0.3800576414326414
159200	0.37989736221632764
159300	0.36680911680911676
159400	0.37721937321937327
159500	0.3759048127798128
159600	0.37588746438746434
159700	0.37414377289377293
159800	0.3683625356125356
159900	0.3741745014245014
160000	0.3773051485551485
160100	0.390624643874644
160200	0.37897079772079767
160300	0.36795127222713425
160400	0.37666407203907204
160500	0.3797503052503053
160600	0.3692064509564509
160700	0.3799003357753358
160800	0.3760142450142451
160900	0.376767558528428
161000	0.3741374643874644
161100	0.38556318681318685
161200	0.35915374440374437
161300	0.3759935897435899
161400	0.3820027472527473
161500	0.3721438746438746
161600	0.37038644688644684
161700	0.3801847781847782
161800	0.37719515669515663
161900	0.3721463166463167
162000	0.3837786426536427
162100	0.3778700142450144
162200	0.37902421652421653
162300	0.36954415954415964
162400	0.37893538868538873
162500	0.37605423280423284
162600	0.3765961538461538
162700	0.3760071225071225
162800	0.37954415954415954
162900	0.374547619047619
163000	0.3652810337810338
163100	0.38337321937321944
163200	0.39092307692307693
163300	0.380529304029304
163400	0.37755881155881166
163500	0.3769469373219373
163600	0.3795801790801791
163700	0.3740794668294669
163800	0.3760014245014245
163900	0.3781980056980057
164000	0.3827225783475784
164100	0.38790811965811967
164200	0.376211334961335
164300	0.37896527163768545
164400	0.37546052096052096
164500	0.38153171948824127
164600	0.3825064611314612
164700	0.3793696581196582
164800	0.3754529914529915
164900	0.37622792022792023
165000	0.3673157814407815
165100	0.37144291819291825
165200	0.3797236467236468
165300	0.3713223951973951
165400	0.37977553927553936
165500	0.37688359788359793
165600	0.3665331196581197
165700	0.38813634513634515
165800	0.3715388176638176
165900	0.3774839743589743
166000	0.37720590185676384
166100	0.3808992673992675
166200	0.36950997150997156
166300	0.36831237281237283
166400	0.385846153846154
166500	0.37752706552706555
166600	0.36884040496540493
166700	0.38529812779812783
166800	0.3874364061864061
166900	0.37283129833129836
167000	0.3704514652014652
167100	0.36810007122507116
167200	0.3728945868945869
167300	0.3810629833129833
167400	0.38329202279202285
167500	0.3761481481481481
167600	0.3824358974358974
167700	0.38091875254375257
167800	0.3850786528286529
167900	0.3798525641025642
168000	0.38693630443630445
168100	0.3730338319088319
168200	0.3703133903133903
168300	0.3657478632478632
168400	0.3750095645095645
168500	0.3868308913308913
168600	0.3712076719576719
168700	0.3759700854700854
168800	0.36957407407407417
168900	0.3837942612942613
169000	0.3761495726495726
169100	0.3826760276760278
169200	0.3819679487179487
169300	0.3756675824175824
169400	0.3739814814814815
169500	0.37955270655270656
169600	0.3796197598697598
169700	0.36761263736263733
169800	0.37662637362637363
169900	0.3707264957264957
170000	0.36973575498575506
170100	0.3735551485551486
170200	0.3821602072895176
170300	0.36908465608465607
170400	0.3710920838420838
170500	0.37377431827431823
170600	0.36697792022792025
170700	0.36699358974358975
170800	0.37290811965811965
170900	0.3745654253154253
171000	0.3741945461945462
171100	0.38074603174603183
171200	0.3867863247863248
171300	0.3834725783475784
171400	0.383648463924326
171500	0.38348148148148137
171600	0.3763991656491657
171700	0.3829769132527754
171800	0.3811609686609686
171900	0.37580591168091176
172000	0.36515883190883197
172100	0.3805591168091168
172200	0.39165384615384624
172300	0.3693457468457469
172400	0.3706688034188034
172500	0.3665922873422872
172600	0.36920329670329666
172700	0.3761951566951567
172800	0.3629042022792022
172900	0.37911497761497753
173000	0.3777407407407408
173100	0.37497405372405357
173200	0.39479405779405774
173300	0.3873131973390594
173400	0.382791107041107
173500	0.3735811965811966
173600	0.37821265771265766
173700	0.3821388888888889
173800	0.37746321733821747
173900	0.36789489214489207
174000	0.3657403337403338
174100	0.3723069800569801
174200	0.3720242165242165
174300	0.37985700952942325
174400	0.3852364672364673
174500	0.38856857956857965
174600	0.37558394383394383
174700	0.38235470085470086
174800	0.37467368742368745
174900	0.3738959605209605
175000	0.3805039173789174
175100	0.37376495726495723
175200	0.36694149369149365
175300	0.376451566951567
175400	0.3765498575498576
175500	0.3713433048433048
175600	0.3776217948717949
175700	0.38373280423280426
175800	0.37705840455840456
175900	0.36692979242979246
176000	0.37802823565323557
176100	0.3837720797720797
176200	0.37285012210012203
176300	0.37496723646723656
176400	0.36834574684574695
176500	0.3798764613419786
176600	0.36696901709401714
176700	0.36773575498575506
176800	0.36510113960113955
176900	0.37638563288563287
177000	0.37575641025641027
177100	0.3746894586894588
177200	0.37767592592592597
177300	0.3743194444444444
177400	0.3792404460163081
177500	0.3755022385022385
177600	0.3776060236060237
177700	0.3779071021571022
177800	0.3778707773707775
177900	0.3675124135124134
178000	0.37206410256410255
178100	0.37403119166912263
178200	0.3708337403337402
178300	0.37754939967439965
178400	0.3688568376068375
178500	0.3783418803418803
178600	0.37359116809116805
178700	0.3845847578347579
178800	0.3789923178673179
178900	0.38428774928774934
179000	0.37166559829059836
179100	0.3748696072446073
179200	0.3805070716320716
179300	0.3756144688644689
179400	0.37855881155881155
179500	0.38104711029711036
179600	0.36760541310541317
179700	0.38571184371184375
179800	0.3758323158323159
179900	0.37850183150183153
180000	0.38807834757834764
180100	0.3788717948717949
180200	0.3757783882783883
180300	0.37619088319088323
180400	0.36856410256410255
180500	0.373635225885226
180600	0.366014245014245
180700	0.38480423280423287
180800	0.36827584452584455
180900	0.37495230727127277
181000	0.36970624745624747
181100	0.3855733618233618
181200	0.3850876068376069
181300	0.36896876271876283
181400	0.3728788156288156
181500	0.3765527065527066
181600	0.3837158628408629
181700	0.3792678062678063
181800	0.3778586796345417
181900	0.3697824582824583
182000	0.36835810948310943
182100	0.3745453296703297
182200	0.3689649470899471
182300	0.36717806267806263
182400	0.38288181725681736
182500	0.3768001628001628
182600	0.3770099715099715
182700	0.37585520960520963
182800	0.36927696377696384
182900	0.37822079772079775
183000	0.37968274318274314
183100	0.38093915343915347
183200	0.3750790598290598
183300	0.3845310337810338
183400	0.37048236565477943
183500	0.37767236467236476
183600	0.3755808404558405
183700	0.3762535612535613
183800	0.37787642450142456
183900	0.3704615384615384
184000	0.37324099511599507
184100	0.3822400284900286
184200	0.38227022546419104
184300	0.3666652421652422
184400	0.39072934472934484
184500	0.37874216524216525
184600	0.3686011396011395
184700	0.3859562474562475
184800	0.3811501322751324
184900	0.3745541310541311
185000	0.3879889601139601
185100	0.37882763532763536
185200	0.38298422873422877
185300	0.36842663817663823
185400	0.3757336182336183
185500	0.3694864163614163
185600	0.3767579365079365
185700	0.3797814407814408
185800	0.3688180708180708
185900	0.3845035612535612
186000	0.36852380952380953
186100	0.3774252136752137
186200	0.37896296296296306
186300	0.37268198005698
186400	0.37670726495726486
186500	0.3733949430199429
186600	0.3800242165242166
186700	0.3755358669108669
186800	0.38430911680911684
186900	0.36923606023606015
187000	0.3802072140822141
187100	0.38388074888074886
187200	0.37552421652421664
187300	0.3948152218152219
187400	0.3706585266585266
187500	0.3745807895807896
187600	0.383920634920635
187700	0.3713637566137566
187800	0.38136141636141635
187900	0.37731944619875657
188000	0.36606868131868125
188100	0.37830886243386247
188200	0.36841565969152174
188300	0.36953428978428976
188400	0.37277849002849
188500	0.371966625966626
188600	0.38090473032714417
188700	0.38980199430199436
188800	0.38407424599665985
188900	0.37223595848595853
189000	0.3852806267806269
189100	0.37493126780626784
189200	0.3746448921448921
189300	0.3791502849002849
189400	0.38592022792022795
189500	0.37718701668701665
189600	0.38715099715099716
189700	0.3696471306471306
189800	0.37543284493284496
189900	0.37057366707366707
190000	0.3831496235246235
190100	0.38331400256831294
190200	0.38258119658119655
190300	0.3833293650793651
190400	0.37951790801790797
190500	0.3771895604395604
190600	0.38164458689458686
190700	0.37577991452991455
190800	0.37984981684981683
190900	0.3787647537647538
191000	0.389730056980057
191100	0.3824889601139601
191200	0.37396998371998375
191300	0.3800612535612535
191400	0.37430413105413096
191500	0.39178734228734236
191600	0.379925925925926
191700	0.36794022181522185
191800	0.37015272690272694
191900	0.38134243996743994
192000	0.3723547008547008
192100	0.3694486670736671
192200	0.38530341880341884
192300	0.38314565527065525
192400	0.380224002849003
192500	0.3749017094017094
192600	0.376738603988604
192700	0.37877992505578717
192800	0.3785710145537732
192900	0.3755997150997151
193000	0.37466239316239314
193100	0.37315669515669514
193200	0.36695156695156694
193300	0.3796196581196581
193400	0.3757582417582418
193500	0.3746452991452991
193600	0.37624216524216525
193700	0.3807777777777778
193800	0.3688201412114455
193900	0.3726322768865872
194000	0.38130331705331705
194100	0.37598254985754986
194200	0.37396153846153857
194300	0.38060968660968664
194400	0.3906847711675298
194500	0.38225213675213676
194600	0.38006435693935703
194700	0.3806617317867319
194800	0.3762011108304211
194900	0.36954446479446473
195000	0.3704252136752136
195100	0.37939010989010985
195200	0.38189886039886045
195300	0.3727910052910054
195400	0.38939316239316246
195500	0.3761794871794871
195600	0.37111080586080586
195700	0.36232753357753356
195800	0.39436752136752135
195900	0.3880334757834759
196000	0.3918372507122508
196100	0.38354558404558403
196200	0.3796958689458689
196300	0.377428774928775
196400	0.3841899674399675
196500	0.3749817867317867
196600	0.3790140415140415
196700	0.3755446174196174
196800	0.39417531542531553
196900	0.3789726292226293
197000	0.37725569800569797
197100	0.38783007733007735
197200	0.3747094017094017
197300	0.3859897741147742
197400	0.37844301994301993
197500	0.37758842083842087
197600	0.37253418803418803
197700	0.3742457124612296
197800	0.3770832315832316
197900	0.37291402116402117
198000	0.3875341880341881
198100	0.3785331196581197
198200	0.36853383190883177
198300	0.38565318477818483
198400	0.37863461538461546
198500	0.3841438746438747
198600	0.3684782254782255
198700	0.3726563390313391
198800	0.3712193732193732
198900	0.37861965811965803
199000	0.37760560257111975
199100	0.3801602564102564
199200	0.38571520146520155
199300	0.3816467236467236
199400	0.3805633394383395
199500	0.3769559422059422
199600	0.37278225478225474
199700	0.3757252747252747
199800	0.37702879527879535
199900	0.3811638176638177
200000	0.3790414122914124
200100	0.37164957264957266
200200	0.3752492877492878
200300	0.3703422873422874
200400	0.37379309116809123
200500	0.3766957671957672
200600	0.36411396011396013
200700	0.3854508547008547
200800	0.37584330484330486
200900	0.3752221204721205
201000	0.37550707163207164
201100	0.3786623931623932
201200	0.37790557590557594
201300	0.37638838013838
201400	0.3754323361823361
201500	0.37376393976393985
201600	0.38160260094311826
201700	0.3741623931623933
201800	0.3816752136752136
201900	0.37235424297924297
202000	0.3796052096052097
202100	0.3742578347578347
202200	0.37869546194546194
202300	0.38155911680911686
202400	0.36793660968660963
202500	0.38170268620268627
202600	0.3696391941391942
202700	0.37997257834757836
202800	0.3619366096866096
202900	0.3793760683760684
203000	0.3717000407000407
203100	0.3835801282051282
203200	0.37702029914529916
203300	0.3840712250712251
203400	0.3723290598290598
203500	0.3924287749287749
203600	0.37687749287749295
203700	0.38295014245014247
203800	0.3852988400488401
203900	0.3712362637362637
204000	0.37822613960113954
204100	0.37757788970288964
204200	0.3786702279202279
204300	0.3936246438746439
204400	0.37977991452991455
204500	0.3754597578347578
204600	0.37879166666666675
204700	0.3848418803418804
204800	0.38215822140822137
204900	0.38233343508343515
205000	0.377448717948718
205100	0.384843304843305
205200	0.38753276353276356
205300	0.3735021367521367
205400	0.38316524216524217
205500	0.385657203907204
205600	0.3743861416361417
205700	0.3752679080179081
205800	0.37574211436711435
205900	0.3778319088319089
206000	0.38522120472120475
206100	0.38461538461538464
206200	0.3736639194139194
206300	0.37946326821326826
206400	0.3861837606837607
206500	0.37626923076923074
206600	0.3817849002849003
206700	0.3738289580789581
206800	0.374988603988604
206900	0.38269800569800577
207000	0.3812621082621084
207100	0.37450457875457877
207200	0.37513619251119246
207300	0.37490170940170936
207400	0.37920477207977205
207500	0.3771271367521368
207600	0.3770997150997151
207700	0.3770083435083436
207800	0.3677492877492877
207900	0.38135398860398856
208000	0.3735484330484331
208100	0.37473890923890935
208200	0.3793818681318682
208300	0.38242765567765574
208400	0.37413919413919416
208500	0.36916564916564926
208600	0.37854884004884004
208700	0.369540293040293
208800	0.3840156695156695
208900	0.37454527879527877
209000	0.3767736060236061
209100	0.37798758648758646
209200	0.3767160154660155
209300	0.3744757834757835
209400	0.3840868945868946
209500	0.386184472934473
209600	0.3816814204314204
209700	0.3732102665852667
209800	0.37521805046805046
209900	0.37907015669515676
210000	0.3768917378917379
210100	0.3738319088319089
210200	0.3817193732193733
210300	0.3860547415547416
210400	0.3811964794464795
210500	0.3847293447293447
210600	0.3882636345136345
210700	0.3888970797720798
210800	0.37302452177452183
210900	0.3926324786324787
211000	0.37373219373219374
211100	0.376974765974766
211200	0.36279741554741546
211300	0.3815876577126578
211400	0.38362637362637364
211500	0.373003256003256
211600	0.38164702889702884
211700	0.38011548636548637
211800	0.3732008547008547
211900	0.37990527065527063
212000	0.37789031339031337
212100	0.3849947089947091
212200	0.3654540089540089
212300	0.3694298433048432
212400	0.3751994301994302
212500	0.3833319088319088
212600	0.3805726495726496
212700	0.3898536833536834
212800	0.37206379731379735
212900	0.3733590761090762
213000	0.38108368945868953
213100	0.3758429995929996
213200	0.3751953601953602
213300	0.37146113146113147
213400	0.3835982905982906
213500	0.36548789173789176
213600	0.37613603988603994
213700	0.3815252849002849
213800	0.3885556573056574
213900	0.38356160968660974
214000	0.38457855107855116
214100	0.3860740740740741
214200	0.3788589743589743
214300	0.37040949503880544
214400	0.3725075295075296
214500	0.3849077635327637
214600	0.37359259259259264
214700	0.37862367724867724
214800	0.3866773504273505
214900	0.38193589743589745
215000	0.37243518518518515
215100	0.38511441798941803
215200	0.3727513227513227
215300	0.3807543752543754
215400	0.3747678571428571
215500	0.37953103378103387
215600	0.38288675213675216
215700	0.36481257631257635
215800	0.37023789173789173
215900	0.38231496743996746
216000	0.3823499694749695
216100	0.36623290598290603
216200	0.3765997150997151
216300	0.38932443019943014
216400	0.371334706959707
216500	0.38954985754985755
216600	0.391452787952788
216700	0.37965343915343924
216800	0.36425356125356123
216900	0.37281522181522186
217000	0.38360795685795684
217100	0.380619708994709
217200	0.36510154660154664
217300	0.3775576414326415
217400	0.3768799348799349
217500	0.3795754985754986
217600	0.3751478428978429
217700	0.3808789682539683
217800	0.3858447293447293
217900	0.37294993894993894
218000	0.3813387260887261
218100	0.38358251933251936
218200	0.38011538461538463
218300	0.38125925925925935
218400	0.37801638176638186
218500	0.3885475172975173
218600	0.3848495045822632
218700	0.36699669312169314
218800	0.37400284900284897
218900	0.3837079772079772
219000	0.366215404965405
219100	0.370244301994302
219200	0.37656512006512
219300	0.3901794871794872
219400	0.37249608262108264
219500	0.3762998575498576
219600	0.3596200142450142
219700	0.3615978835978836
219800	0.38147156084656075
219900	0.3768030118030118
220000	0.37351282051282053
220100	0.36966168091168095
220200	0.37225925925925923
220300	0.3847408424908425
220400	0.3814981684981685
220500	0.37945691058622094
220600	0.3705940451630108
220700	0.3700613044363044
220800	0.37138782051282043
220900	0.3765516890516891
221000	0.38115130240130246
221100	0.36994413919413927
221200	0.3876702279202279
221300	0.37701617826617834
221400	0.3832850595459292
221500	0.3729725274725275
221600	0.3730612535612535
221700	0.3756652421652422
221800	0.3767222222222223
221900	0.3877037037037038
222000	0.3859352869352869
222100	0.3877916175459279
222200	0.3866277981277982
222300	0.38187891737891744
222400	0.3833860398860399
222500	0.38235470085470086
222600	0.3822467439967441
222700	0.3735168905168905
222800	0.38276312576312577
222900	0.3779821937321938
223000	0.37949572649572644
223100	0.3735
223200	0.37204914529914535
223300	0.38483048433048433
223400	0.3730956643930782
223500	0.37975824175824174
223600	0.37321480499066706
223700	0.3713076414326413
223800	0.37086116198616204
223900	0.37952635327635337
224000	0.37851851851851853
224100	0.37908679283679286
224200	0.3851317663817665
224300	0.37248371998371993
224400	0.3725733618233618
224500	0.37708190883190884
224600	0.38260968660968664
224700	0.3778247863247863
224800	0.37254843304843305
224900	0.38544230769230775
225000	0.36733760683760686
225100	0.3927922262922264
225200	0.37955128205128214
225300	0.38878571428571435
225400	0.37502584452584453
225500	0.38070833333333337
225600	0.3827079772079773
225700	0.3680993080993081
225800	0.3866980056980058
225900	0.38279487179487176
226000	0.37261833536833533
226100	0.37237423687423676
226200	0.38759544159544157
226300	0.37761965811965814
226400	0.3884098494098495
226500	0.3695588115588116
226600	0.37419800569800576
226700	0.38620227920227923
226800	0.3886213878713879
226900	0.37360790598290594
227000	0.37632091982091975
227100	0.37105698005698
227200	0.3845530626780627
227300	0.38684401709401717
227400	0.3860556573056574
227500	0.3737296499796499
227600	0.3726474358974359
227700	0.3703992165242166
227800	0.37071764346764347
227900	0.3798119658119658
228000	0.37969983719983724
228100	0.3801987312204703
228200	0.3838874643874644
228300	0.3733262108262108
228400	0.38071082621082625
228500	0.38504070004070007
228600	0.36590455840455827
228700	0.36405891330891327
228800	0.3608698107448107
228900	0.377652726902727
229000	0.37004975579975574
229100	0.37519393569393567
229200	0.37646835571835574
229300	0.3737863247863248
229400	0.3760869963369963
229500	0.38953138990638997
229600	0.38263420838420836
229700	0.37470512820512825
229800	0.3741164021164022
229900	0.36693945868945865
230000	0.365764245014245
230100	0.3908621794871796
230200	0.36926139601139596
230300	0.36289458689458687
230400	0.3698874643874644
230500	0.3778024013024013
230600	0.3710099715099715
230700	0.3754059829059829
230800	0.3726641229141229
230900	0.3880982905982906
231000	0.3763105413105413
231100	0.3839500407000408
231200	0.3950695528304225
231300	0.37246367521367524
231400	0.36922832722832727
231500	0.37575462962962963
231600	0.37048321123321115
231700	0.37517073667073664
231800	0.383905982905983
231900	0.3715330687830688
232000	0.37606084656084665
232100	0.37255413105413104
232200	0.37703460556046764
232300	0.37588527676027683
232400	0.38034757834757843
232500	0.36584016111602313
232600	0.3791582214082214
232700	0.37319836182336186
232800	0.3783883801383801
232900	0.3788883801383801
233000	0.37311518111518127
233100	0.36561111111111105
233200	0.37354446479446474
233300	0.37637250712250714
233400	0.3827262922262923
233500	0.36824600520252704
233600	0.3797475071225071
233700	0.3692564102564102
233800	0.3783435083435084
233900	0.3815381562881563
234000	0.3842236467236468
234100	0.3755711741961742
234200	0.37991310541310547
234300	0.3756485551485552
234400	0.3846082621082621
234500	0.37737260887260893
234600	0.37015923890923885
234700	0.37764672364672364
234800	0.3704978123728123
234900	0.37451022588522587
235000	0.37208404558404556
235100	0.3738835978835978
235200	0.38878347578347583
235300	0.3745459910459911
235400	0.3778717948717949
235500	0.3745762108262108
235600	0.37570095645095647
235700	0.3847948717948718
235800	0.37543060643060644
235900	0.36853225478225476
236000	0.37510724460724465
236100	0.3685508101413274
236200	0.3715562169312169
236300	0.37288685388685394
236400	0.37276353276353275
236500	0.3699783552973208
236600	0.3801331400081401
236700	0.3821972934472936
236800	0.3741153846153846
236900	0.3752492877492878
237000	0.3803544061302682
237100	0.37330860805860805
237200	0.37521087708587714
237300	0.3703752543752544
237400	0.38429202279202285
237500	0.37531766381766374
237600	0.3855470085470085
237700	0.3731851851851852
237800	0.3791530321530322
237900	0.3720874033374033
238000	0.3768568376068375
238100	0.3791010887260887
238200	0.37820868945868946
238300	0.3798262108262108
238400	0.3783988603988604
238500	0.3840541310541311
238600	0.38700747863247864
238700	0.372937728937729
238800	0.3698846153846153
238900	0.372099715099715
239000	0.3952749287749288
239100	0.38188074888074885
239200	0.3709608262108262
239300	0.36692205942205947
239400	0.37479522792022807
239500	0.37407402319902333
239600	0.37944871794871793
239700	0.37831237281237284
239800	0.3707343304843304
239900	0.37083618233618243
240000	0.3780927960927961
240100	0.3734525844525845
240200	0.36388181725681723
240300	0.36937118437118444
240400	0.3807246572074159
240500	0.36938714510266235
240600	0.3760304741554742
240700	0.36581801994302
240800	0.38241452991452995
240900	0.3654448005698006
241000	0.3751629527879528
241100	0.37265486365486367
241200	0.3720165852665853
241300	0.3750304232804233
241400	0.3806467236467236
241500	0.36645548433048436
241600	0.3776082621082621
241700	0.3777824582824584
241800	0.36648148148148146
241900	0.37154344729344724
242000	0.37990883190883207
242100	0.3916160968660969
242200	0.37761294261294265
242300	0.37699518616759986
242400	0.38151109076109074
242500	0.384734126984127
242600	0.36260358160358164
242700	0.37936253561253563
242800	0.3703942816442817
242900	0.3667699430199429
243000	0.3719615384615384
243100	0.3804811358819979
243200	0.37630240130240145
243300	0.37600427350427357
243400	0.37634757834757837
243500	0.3664034900284901
243600	0.36841595441595454
243700	0.38144200244200244
243800	0.3834013532763533
243900	0.3783696072446073
244000	0.3831927655677656
244100	0.3908380138380138
244200	0.3830669515669516
244300	0.3813689458689459
244400	0.36771509971509975
244500	0.38227960927960936
244600	0.38261772486772483
244700	0.37904853479853473
244800	0.3680086487586487
244900	0.3752122507122507
245000	0.3823177655677656
245100	0.387553367928368
245200	0.37685225885225887
245300	0.376880698005698
245400	0.3786866096866097
245500	0.3780349002849003
245600	0.369795584045584
245700	0.3667548840048839
245800	0.3855636955636957
245900	0.3745718355718356
246000	0.37434834147334145
246100	0.3810612535612536
246200	0.3577275641025641
246300	0.37776775539275537
246400	0.37994724257224266
246500	0.37422507122507126
246600	0.37618162393162397
246700	0.37516605616605625
246800	0.37077594627594623
246900	0.37353744403744404
247000	0.3765255392755393
247100	0.3787007301446957
247200	0.37738034188034186
247300	0.3746474358974359
247400	0.3865655270655271
247500	0.3793729141229142
247600	0.3845480260480261
247700	0.3746695156695158
247800	0.3805152625152625
247900	0.3738368945868946
248000	0.3806638176638176
248100	0.3724416971916971
248200	0.3753586182336182
248300	0.37219943019943014
248400	0.37731991284577493
248500	0.37853144078144085
248600	0.383212962962963
248700	0.37990435490435487
248800	0.3745584045584046
248900	0.37754019129019123
249000	0.36927686202686205
249100	0.37247995522995525
249200	0.3843888888888889
249300	0.3813066748066748
249400	0.3764861111111111
249500	0.378687321937322
249600	0.3787482702482703
249700	0.3877962962962963
249800	0.38127960927960924
249900	0.37512006512006507
