#MCS	VS_mean
0	0.4051216606573866
100	0.38022181522181525
200	0.37937606837606835
300	0.3795617623117623
400	0.38187524735800604
500	0.3713660968660969
600	0.3673746438746438
700	0.39294366583497026
800	0.3701322751322751
900	0.37384513634513633
1000	0.3807044159544159
1100	0.37842521367521365
1200	0.36245505452402005
1300	0.3814017094017094
1400	0.3865231990231991
1500	0.37684228734228736
1600	0.37400712250712254
1700	0.3825057997557998
1800	0.3820723443223443
1900	0.37414641839641843
2000	0.37890883190883196
2100	0.38111238298738304
2200	0.3839801034311904
2300	0.3868088115588116
2400	0.3847112332112333
2500	0.370436914936915
2600	0.3788650793650794
2700	0.38215226902726906
2800	0.37207646520146526
2900	0.36897349409849406
3000	0.37409259259259253
3100	0.3746417378917378
3200	0.38116951566951573
3300	0.3722066500327369
3400	0.3747352971102972
3500	0.3889943019943021
3600	0.3721809116809117
3700	0.37569515669515674
3800	0.39140598290598294
3900	0.3774334554334554
4000	0.38365053927553927
4100	0.3719807692307693
4200	0.3773632478632478
4300	0.393603021978022
4400	0.38217338217338215
4500	0.36920960520960516
4600	0.3789243996743997
4700	0.37694586894586884
4800	0.37973646723646726
4900	0.37305056278332144
5000	0.3638588217338216
5100	0.3837878001628002
5200	0.37063492063492054
5300	0.36280601343101343
5400	0.3808386752136753
5500	0.3813789173789173
5600	0.37917124542124536
5700	0.36599864567105944
5800	0.3714440374440374
5900	0.37105056980056983
6000	0.37934544159544165
6100	0.3847967541717543
6200	0.38168518518518524
6300	0.37086039886039884
6400	0.3624496336996336
6500	0.38036324786324793
6600	0.37879319291819297
6700	0.3697910052910053
6800	0.3787159137159137
6900	0.3753364875864876
7000	0.36993447293447296
7100	0.3727873931623932
7200	0.38606883394383396
7300	0.377085063085063
7400	0.38880448717948723
7500	0.37602528490028486
7600	0.3903931623931624
7700	0.3779123931623932
7800	0.3719714082214083
7900	0.3750135327635328
8000	0.36501485551485546
8100	0.3901510989010989
8200	0.37076068376068383
8300	0.36146652421652425
8400	0.38265954415954423
8500	0.36782000407000404
8600	0.3733066748066749
8700	0.36718203093203095
8800	0.37703708791208795
8900	0.3829208118773336
9000	0.3745118605227301
9100	0.3775338319088319
9200	0.38353235653235657
9300	0.3741447588171726
9400	0.3765099715099715
9500	0.37957437932437943
9600	0.36955993080993077
9700	0.37741900691900687
9800	0.3765295584045584
9900	0.37725071225071233
10000	0.3803767297517298
10100	0.3756371082621083
10200	0.37257336182336176
10300	0.365240638990639
10400	0.3708753666512288
10500	0.3763251933251933
10600	0.3726823361823362
10700	0.369894586894587
10800	0.38888614163614166
10900	0.3788992165242165
11000	0.3915564713064713
11100	0.38340090867264787
11200	0.38139183964183965
11300	0.3597281237281237
11400	0.3818867521367522
11500	0.37405453805453814
11600	0.36938563288563286
11700	0.37170614570614574
11800	0.3784900284900285
11900	0.38052111314611314
12000	0.38694159544159545
12100	0.37768152218152223
12200	0.37508547008547016
12300	0.3804561965811966
12400	0.37862082824582827
12500	0.3732336182336181
12600	0.3720975783475783
12700	0.372110754985755
12800	0.3804537037037038
12900	0.37256695156695163
13000	0.3742364672364673
13100	0.3749954212454213
13200	0.37557407407407406
13300	0.3779229242979243
13400	0.3669607244607244
13500	0.3727847432358303
13600	0.37852157102157097
13700	0.3900541310541311
13800	0.3685502645502645
13900	0.3653552096052096
14000	0.36999898249898255
14100	0.3739700854700855
14200	0.3711959706959707
14300	0.3815598290598291
14400	0.3810652726902727
14500	0.3731174550087594
14600	0.3841705331705333
14700	0.3672003968253968
14800	0.37663817663817667
14900	0.38631196581196586
15000	0.3770589133089133
15100	0.37278103378103383
15200	0.37988354700854715
15300	0.37161752136752135
15400	0.3673946886446887
15500	0.36797515718636414
15600	0.37145584045584046
15700	0.3813897028897029
15800	0.3840772792022792
15900	0.38325508750508763
16000	0.3760434472934473
16100	0.37692872580803616
16200	0.3810727004477005
16300	0.3655128205128205
16400	0.37196311558811557
16500	0.3725538258038258
16600	0.37688710826210825
16700	0.37269983719983724
16800	0.3636045991045991
16900	0.3773518518518519
17000	0.3668431013431014
17100	0.3813559218559219
17200	0.37113486975986976
17300	0.3931709401709402
17400	0.3783457977207977
17500	0.3730277269027268
17600	0.3761654810567854
17700	0.3753400997150997
17800	0.3763085589378693
17900	0.38117378917378925
18000	0.3699650488400488
18100	0.3692207977207977
18200	0.3869818884818885
18300	0.3678247863247862
18400	0.37603947903947904
18500	0.38524811762311767
18600	0.3774928774928775
18700	0.37218080993080993
18800	0.37597863247863245
18900	0.3785531135531136
19000	0.3729608262108262
19100	0.37352167277167275
19200	0.37111360398860394
19300	0.3831994301994301
19400	0.3834214489214489
19500	0.3717336182336183
19600	0.3711923076923077
19700	0.3826428062678063
19800	0.3828551078551079
19900	0.3759017094017093
20000	0.38552523402523403
20100	0.36956206756206755
20200	0.38017195767195766
20300	0.37926948689879725
20400	0.38056593406593403
20500	0.3775418192918193
20600	0.36909116809116815
20700	0.3731749084249084
20800	0.3778156288156289
20900	0.3780132275132275
21000	0.38004344729344736
21100	0.39066381766381775
21200	0.3750917277167278
21300	0.368425875050875
21400	0.3735316951566951
21500	0.37487606837606835
21600	0.37609401709401713
21700	0.3815199430199431
21800	0.3697774725274725
21900	0.3707079772079771
22000	0.3801977004477004
22100	0.37346194546194555
22200	0.36378225478225473
22300	0.36263746438746436
22400	0.38056410256410256
22500	0.37386941427027626
22600	0.36960897435897444
22700	0.3811310541310541
22800	0.3827265466015466
22900	0.3882663817663818
23000	0.38755229955229953
23100	0.3760480260480262
23200	0.392175925925926
23300	0.38306191493691494
23400	0.38061955636955647
23500	0.3745612535612536
23600	0.37133007733007733
23700	0.3843851241351241
23800	0.3767949735449735
23900	0.37526261701261704
24000	0.3783611111111112
24100	0.38882519332519333
24200	0.37188390313390307
24300	0.37839448514448515
24400	0.3825267094017094
24500	0.3671071428571428
24600	0.38241056166056164
24700	0.3828575498575499
24800	0.3712947700447701
24900	0.36273931623931616
25000	0.3814568579568581
25100	0.36901103988603984
25200	0.37348071835571833
25300	0.36753703703703705
25400	0.3832592592592593
25500	0.37423137973137977
25600	0.36814916564916567
25700	0.3793684371184372
25800	0.37569088319088323
25900	0.37512108262108257
26000	0.37661199528440903
26100	0.37453947903947904
26200	0.3831496743996744
26300	0.370751628001628
26400	0.3718091168091168
26500	0.37126739926739927
26600	0.3855915750915751
26700	0.3695876068376069
26800	0.37471621896621904
26900	0.3784975579975579
27000	0.3759687627187628
27100	0.37019179894179893
27200	0.3659809411533549
27300	0.3764944037444038
27400	0.3900245217745218
27500	0.391905168905169
27600	0.3737140822140822
27700	0.3753742877492878
27800	0.377965811965812
27900	0.3715967643467643
28000	0.37716809116809114
28100	0.3776542531542532
28200	0.36219973544973544
28300	0.3766552706552707
28400	0.3785196377696378
28500	0.38096225071225076
28600	0.38228815628815627
28700	0.3675964590964591
28800	0.3793433048433048
28900	0.3641288156288155
29000	0.3824294871794872
29100	0.3827136752136753
29200	0.36565486365486366
29300	0.3800110398860399
29400	0.3753917378917379
29500	0.3808461538461539
29600	0.37351129426129437
29700	0.3791923076923077
29800	0.3896086691086692
29900	0.3875366300366301
30000	0.37091944198840754
30100	0.3715516381766382
30200	0.37520614570614574
30300	0.3757264957264958
30400	0.3747777777777778
30500	0.381383954008954
30600	0.38120624745624754
30700	0.374258547008547
30800	0.37949674399674393
30900	0.3822136752136752
31000	0.3785629833129833
31100	0.3829806674806675
31200	0.38098504273504274
31300	0.37770797720797716
31400	0.3899179894179895
31500	0.37484508547008544
31600	0.3803137973137973
31700	0.37367908017908014
31800	0.3819056881815503
31900	0.3781371082621082
32000	0.3769017094017094
32100	0.38782763532763537
32200	0.38108664021164024
32300	0.3739843304843305
32400	0.376903947903948
32500	0.37217226292226285
32600	0.3754044566544567
32700	0.3759124949124949
32800	0.37287566137566136
32900	0.36985434472934475
33000	0.3902252747252748
33100	0.37747873422873435
33200	0.37874512263099225
33300	0.37773397435897443
33400	0.380808658933659
33500	0.36855698005698007
33600	0.3734202279202279
33700	0.3753995726495727
33800	0.3737741656491656
33900	0.3676264245014245
34000	0.3726193019943019
34100	0.3658209198209198
34200	0.36675671550671546
34300	0.3710295075295076
34400	0.3958917378917379
34500	0.36476673789173797
34600	0.3822572242572243
34700	0.37231593406593416
34800	0.3728835470085469
34900	0.3662345848595848
35000	0.37821367521367527
35100	0.37355241182827387
35200	0.3718409645909646
35300	0.379460113960114
35400	0.3848202584452584
35500	0.37566366503866505
35600	0.3826837606837607
35700	0.3735715811965813
35800	0.37944973544973554
35900	0.37214565527065524
36000	0.3697318884818884
36100	0.3702663817663817
36200	0.38077136752136764
36300	0.3660405474155474
36400	0.370703815979678
36500	0.38087611925111925
36600	0.3711168091168091
36700	0.3836218966218966
36800	0.37791025641025644
36900	0.3833928571428572
37000	0.37251923076923077
37100	0.3798539886039886
37200	0.3830099715099716
37300	0.37529700854700854
37400	0.37896153846153857
37500	0.3770615588115588
37600	0.3705042735042734
37700	0.37298753561253556
37800	0.38475213675213676
37900	0.37748005698005704
38000	0.38036004273504276
38100	0.3824982702482703
38200	0.37614974457215844
38300	0.37067236467236475
38400	0.38754665242165237
38500	0.37121937321937326
38600	0.3821318681318681
38700	0.37442495929995934
38800	0.373201566951567
38900	0.38470121082621084
39000	0.37867027879527887
39100	0.36838878713878714
39200	0.3784607244607245
39300	0.38249236874236875
39400	0.3757877492877493
39500	0.3752068579568578
39600	0.37629415954415946
39700	0.3724395604395604
39800	0.38246153846153846
39900	0.373457264957265
40000	0.38043610093610103
40100	0.38038461538461543
40200	0.38105993080993084
40300	0.3699064916564916
40400	0.38347608872608885
40500	0.3838001628001627
40600	0.36644586894586895
40700	0.3647258852258852
40800	0.3785225376475376
40900	0.3679657057917928
41000	0.37269800569800576
41100	0.37046723646723645
41200	0.3868112535612536
41300	0.38631196581196586
41400	0.3900554538054538
41500	0.37146001221001235
41600	0.39563603988603985
41700	0.37312535612535613
41800	0.3766249491249492
41900	0.3764116809116809
42000	0.38014987789987786
42100	0.37450142450142443
42200	0.37508648758648766
42300	0.38292694342694344
42400	0.3884929283679285
42500	0.3725584045584046
42600	0.38093518518518515
42700	0.37568162393162396
42800	0.3862489316239316
42900	0.37221652421652435
43000	0.367554538054538
43100	0.37795400895400894
43200	0.37636039886039885
43300	0.37130331705331704
43400	0.3730249287749287
43500	0.37192612942612946
43600	0.3751512515262515
43700	0.3725990028490029
43800	0.3698674196174196
43900	0.37444714082214087
44000	0.38387606837606836
44100	0.36443376068376065
44200	0.37297150997151
44300	0.36041310541310545
44400	0.38048931623931626
44500	0.36756313593813594
44600	0.380607956857957
44700	0.3870381562881563
44800	0.3720906593406593
44900	0.3670641025641026
45000	0.36904365079365076
45100	0.3729490231990232
45200	0.3769753764753765
45300	0.3801198616198616
45400	0.37805575905575906
45500	0.38010551485551486
45600	0.36603495115995116
45700	0.38014711661263384
45800	0.37109696784696783
45900	0.3777146927146927
46000	0.37030865893365894
46100	0.3739073056573056
46200	0.3746545584045584
46300	0.3779245014245015
46400	0.38203591778591783
46500	0.37436365486365486
46600	0.378403133903134
46700	0.3794623015873016
46800	0.3865887260887261
46900	0.3707621082621083
47000	0.3610665445665446
47100	0.365238196988197
47200	0.38010836385836394
47300	0.3749782763532764
47400	0.37911396011396004
47500	0.38257407407407407
47600	0.38367770655270667
47700	0.3709544159544159
47800	0.38272456247456255
47900	0.3744533984533985
48000	0.3837104192104192
48100	0.3720978835978837
48200	0.37000417175417183
48300	0.37412464387464384
48400	0.37893874643874653
48500	0.37756318681318674
48600	0.37863319088319086
48700	0.37908262108262114
48800	0.38510078347578347
48900	0.37496825396825395
49000	0.37875254375254375
49100	0.3785924908424909
49200	0.38150366300366295
49300	0.37835507627749004
49400	0.37756664631664627
49500	0.3687623117623118
49600	0.3783119658119658
49700	0.38724216524216526
49800	0.3772596662596662
49900	0.37816880341880355
50000	0.3848514957264958
50100	0.3757492877492878
50200	0.370576566951567
50300	0.38701175213675226
50400	0.3706096357346357
50500	0.38652289377289384
50600	0.37795299145299144
50700	0.37087749287749283
50800	0.37293050468050476
50900	0.38202670940170946
51000	0.3694088319088319
51100	0.38037037037037036
51200	0.37709361009361014
51300	0.37230911680911694
51400	0.37956084656084654
51500	0.38491025641025645
51600	0.38455128205128214
51700	0.37881125356125367
51800	0.37373901098901097
51900	0.3818216320716321
52000	0.37074323361823364
52100	0.3696617826617826
52200	0.37525888765019205
52300	0.3668603988603988
52400	0.3950669515669515
52500	0.3778198005698006
52600	0.37466096866096865
52700	0.38293203093203104
52800	0.36866875917962866
52900	0.3721641737891739
53000	0.368982905982906
53100	0.37843817102437793
53200	0.3649524827024827
53300	0.3832776760276761
53400	0.38271825396825393
53500	0.37664265364265365
53600	0.375978428978429
53700	0.37135470085470085
53800	0.37865537240537245
53900	0.3855116503866504
54000	0.372920634920635
54100	0.3777792022792023
54200	0.3748945132134787
54300	0.37989122212398074
54400	0.37528418803418817
54500	0.3740954415954416
54600	0.36852706552706554
54700	0.38471652421652425
54800	0.37917689255189263
54900	0.3666529304029304
55000	0.3748916361416362
55100	0.36993874643874647
55200	0.38368075905575916
55300	0.3637325498575498
55400	0.3813012820512821
55500	0.3835242165242166
55600	0.3778101343101343
55700	0.38155270655270657
55800	0.3749093915343916
55900	0.36954700854700845
56000	0.37937499999999996
56100	0.37374679487179485
56200	0.3762591575091576
56300	0.3720981888481888
56400	0.3756309523809524
56500	0.3737179487179488
56600	0.3871381766381766
56700	0.3792735042735043
56800	0.36892551892551895
56900	0.37834615384615383
57000	0.38593060643060645
57100	0.3747590048840049
57200	0.37511502849002853
57300	0.3732029914529914
57400	0.3799120879120879
57500	0.38714662189662197
57600	0.37263278388278387
57700	0.36794149369149376
57800	0.3801381766381767
57900	0.37839535002035
58000	0.3833529711029712
58100	0.3720869963369963
58200	0.370518315018315
58300	0.37379634717134713
58400	0.37524786324786336
58500	0.3697012108262109
58600	0.36896866096866104
58700	0.3823575498575499
58800	0.37469088319088323
58900	0.3727095034595035
59000	0.38185938135938147
59100	0.37340170940170936
59200	0.3787845441595442
59300	0.37931033781033785
59400	0.36950986975986977
59500	0.36679334554334553
59600	0.3730409035409036
59700	0.385326566951567
59800	0.3784853479853479
59900	0.37584009971509974
60000	0.3754212962962963
60100	0.37284147334147344
60200	0.37672893772893784
60300	0.36806654456654464
60400	0.37239316239316234
60500	0.3788280423280423
60600	0.3721054131054131
60700	0.3746484025234026
60800	0.3827393162393163
60900	0.371505698005698
61000	0.3876022588522589
61100	0.3816054131054132
61200	0.37808831908831914
61300	0.3788553135672702
61400	0.38042012617012627
61500	0.37748076923076923
61600	0.3755932030932031
61700	0.3655068172568173
61800	0.38299572649572655
61900	0.3822619047619048
62000	0.37602706552706555
62100	0.362173076923077
62200	0.36331481481481476
62300	0.376671448921449
62400	0.37858231583231583
62500	0.3832150997150998
62600	0.3754615384615384
62700	0.3823931115181115
62800	0.3744184981684981
62900	0.37610653235653235
63000	0.35967877492877487
63100	0.37342908017908016
63200	0.38061833536833534
63300	0.3863394383394384
63400	0.3834472934472935
63500	0.38171652421652424
63600	0.3814173789173789
63700	0.367932030932031
63800	0.3741994301994302
63900	0.37164138176638173
64000	0.3729666768416767
64100	0.3637271571021572
64200	0.3674642857142857
64300	0.3734663715913717
64400	0.3722509157509157
64500	0.37660113960113956
64600	0.3813489010989012
64700	0.37280982905982896
64800	0.3749681522181522
64900	0.3850942205942206
65000	0.3770444647944648
65100	0.37933709808709815
65200	0.3814729344729345
65300	0.3709159544159545
65400	0.3753529711029711
65500	0.36541697191697187
65600	0.3747222222222223
65700	0.37682621082621093
65800	0.3726217948717949
65900	0.3848725071225071
66000	0.37543350630850647
66100	0.3697136752136752
66200	0.396997150997151
66300	0.3716428571428571
66400	0.37914041514041513
66500	0.3848316035816036
66600	0.38355911680911686
66700	0.367946275946276
66800	0.37568108360349733
66900	0.3778935693935695
67000	0.3763048433048433
67100	0.38960576923076917
67200	0.37336172161172154
67300	0.38024187051773256
67400	0.37741585266585265
67500	0.37881695156695155
67600	0.3725369352869352
67700	0.369753713878714
67800	0.3822817416078286
67900	0.36435861823361826
68000	0.3874017094017094
68100	0.3797546760807631
68200	0.3770313390313391
68300	0.38304136141636147
68400	0.36699216524216516
68500	0.37350498575498575
68600	0.37976210826210827
68700	0.3786054131054132
68800	0.38993019943019946
68900	0.3830604395604396
69000	0.3772827635327635
69100	0.3750882173382174
69200	0.3785153133903134
69300	0.36897420634920647
69400	0.3750940170940172
69500	0.373488603988604
69600	0.3755530118030118
69700	0.3748530728530729
69800	0.3821025641025641
69900	0.3781514041514042
70000	0.3703119658119659
70100	0.3789309116809117
70200	0.3790384615384616
70300	0.37998646723646723
70400	0.3903529711029711
70500	0.37132738095238094
70600	0.37752716727716734
70700	0.3784732905982906
70800	0.36496896621896624
70900	0.36835754985754987
71000	0.3737118945868946
71100	0.3835804843304843
71200	0.3679884004884004
71300	0.3712606837606838
71400	0.3721100936100936
71500	0.3750528083028083
71600	0.3711015466015465
71700	0.38207122507122504
71800	0.3834348290598291
71900	0.36693727106227114
72000	0.36790740740740746
72100	0.3676719576719577
72200	0.37320238095238095
72300	0.3664035917785918
72400	0.37315628815628815
72500	0.3746709401709401
72600	0.3767307692307692
72700	0.37044444444444447
72800	0.3760181115181115
72900	0.37084472934472934
73000	0.37487464387464386
73100	0.3786577635327636
73200	0.37969047619047624
73300	0.3708576516076517
73400	0.37982794057794056
73500	0.37349002849002855
73600	0.3817260887260887
73700	0.3636392450142449
73800	0.3757720797720797
73900	0.375497557997558
74000	0.3767776760276761
74100	0.3815385632885632
74200	0.3820776353276354
74300	0.3871156898656899
74400	0.3705701566951567
74500	0.3822995522995522
74600	0.37038176638176645
74700	0.3797621082621082
74800	0.3808112535612536
74900	0.3834339641839642
75000	0.38552421652421653
75100	0.3707777777777778
75200	0.3803091168091168
75300	0.3780299145299145
75400	0.360349358974359
75500	0.38293437118437124
75600	0.37761090761090765
75700	0.37368131868131865
75800	0.37796825396825395
75900	0.3863703194953195
76000	0.3849444444444445
76100	0.38580163817663815
76200	0.3609134106634106
76300	0.3859968966218966
76400	0.38701851851851854
76500	0.3825940170940171
76600	0.3771655474155474
76700	0.37522446072446075
76800	0.38864041514041514
76900	0.3728746438746439
77000	0.3706007834757835
77100	0.3839558404558406
77200	0.3807293447293447
77300	0.3791923076923077
77400	0.3742606837606838
77500	0.3826652421652422
77600	0.38141463166463163
77700	0.36370538258038254
77800	0.3797852564102564
77900	0.3811404151404152
78000	0.3788632478632479
78100	0.36583542973629185
78200	0.37796296296296295
78300	0.37711238298738303
78400	0.37437352462352463
78500	0.3791424501424502
78600	0.37088705738705735
78700	0.3745027472527473
78800	0.37766687016687017
78900	0.3751997863247863
79000	0.3796670736670737
79100	0.3744305555555555
79200	0.36900773300773304
79300	0.36947680097680097
79400	0.3838446275946277
79500	0.37257814407814416
79600	0.3884472934472934
79700	0.3745383597883598
79800	0.37560765160765164
79900	0.37550000000000006
80000	0.38018910256410254
80100	0.38047939560439564
80200	0.3762604802604802
80300	0.3762089438339439
80400	0.37478632478632484
80500	0.3736217948717949
80600	0.3637496947496947
80700	0.3864519230769231
80800	0.3719957264957266
80900	0.3821749084249085
81000	0.3687122507122508
81100	0.35839209401709404
81200	0.3736050061050061
81300	0.37623865486365493
81400	0.366976393976394
81500	0.3589856023606023
81600	0.3744387464387465
81700	0.3912990435490436
81800	0.3747564102564103
81900	0.3755858770858772
82000	0.3840263532763533
82100	0.38976465201465205
82200	0.38561803011803014
82300	0.3689105616605617
82400	0.37478570986179677
82500	0.3802411582670204
82600	0.37128917378917375
82700	0.3741464183964184
82800	0.38123361823361823
82900	0.35892022792022793
83000	0.3687685185185185
83100	0.3742506105006106
83200	0.3714597069597069
83300	0.3790356125356126
83400	0.38354558404558403
83500	0.3690257427757428
83600	0.38060897435897434
83700	0.37253133903133906
83800	0.3762592592592593
83900	0.38772120472120475
84000	0.3700169413919414
84100	0.383454008954009
84200	0.37880341880341883
84300	0.36660256410256414
84400	0.3849608770858771
84500	0.3850655270655271
84600	0.3784650997150998
84700	0.3757193732193732
84800	0.3805335775335776
84900	0.38488532763532773
85000	0.3746880341880341
85100	0.3753017908017907
85200	0.3784000322793427
85300	0.38201780626780635
85400	0.38899287749287753
85500	0.3818407610907611
85600	0.3758463169971791
85700	0.3720556064306065
85800	0.3895156695156695
85900	0.377014245014245
86000	0.36849730362230365
86100	0.375502849002849
86200	0.38299026005922554
86300	0.3717606837606837
86400	0.3842706552706553
86500	0.3843490028490029
86600	0.3769864672364673
86700	0.3690441595441595
86800	0.36659055759055753
86900	0.3780853683353683
87000	0.36721937321937315
87100	0.38286337768234324
87200	0.375792735042735
87300	0.38048717948717947
87400	0.3836289173789174
87500	0.3643593304843305
87600	0.3754832621082622
87700	0.3748726088726089
87800	0.37608547008547005
87900	0.38751307488807485
88000	0.38734900284900287
88100	0.3719818884818885
88200	0.3772153032153032
88300	0.3744663207163207
88400	0.3857006512006512
88500	0.37497863247863256
88600	0.37114936914936913
88700	0.37435215710215713
88800	0.3801563235476279
88900	0.36851617826617833
89000	0.37698249898249897
89100	0.36881089743589746
89200	0.3817669922669923
89300	0.3706488603988604
89400	0.36997222222222226
89500	0.37975000000000014
89600	0.37658872608872607
89700	0.3733180708180709
89800	0.3635943223443223
89900	0.37779181929181926
90000	0.3766071937321938
90100	0.3773929588929589
90200	0.36191066341066347
90300	0.3826566951566952
90400	0.37663634513634514
90500	0.3776082621082621
90600	0.368457671957672
90700	0.37887861212861207
90800	0.37232193732193736
90900	0.37818406593406595
91000	0.37300284900284897
91100	0.38414346764346774
91200	0.3749088319088319
91300	0.3810556573056573
91400	0.3854818376068377
91500	0.3635522995522995
91600	0.3735541310541311
91700	0.3736827431827431
91800	0.3698700651200651
91900	0.36515995115995115
92000	0.3604254171754171
92100	0.3732487789987789
92200	0.3708482905982906
92300	0.3661324786324786
92400	0.3696605616605616
92500	0.3827560541310542
92600	0.38572792022792024
92700	0.3781854904354905
92800	0.37548753561253556
92900	0.36961680911680916
93000	0.36887606837606834
93100	0.38050274725274735
93200	0.37703693528693527
93300	0.3733749491249491
93400	0.38441310541310547
93500	0.3776908831908832
93600	0.3791494708994709
93700	0.3877682132682133
93800	0.35885317460317473
93900	0.37239367114367117
94000	0.38118518518518524
94100	0.37327350427350414
94200	0.3725763125763126
94300	0.3806655474155475
94400	0.38397507122507113
94500	0.36779059829059824
94600	0.3744902249729836
94700	0.38305840455840456
94800	0.38034900284900286
94900	0.3790289987789988
95000	0.37407427757427747
95100	0.38870807895807896
95200	0.3708935693935695
95300	0.37966259666259666
95400	0.3687285307285308
95500	0.383017094017094
95600	0.3725156695156695
95700	0.38186650386650395
95800	0.3761887464387465
95900	0.36425208587708585
96000	0.3714806674806675
96100	0.3706434676434677
96200	0.37901628001628007
96300	0.3647204415954416
96400	0.3909162596662597
96500	0.38245339845339854
96600	0.37003032153032145
96700	0.3773599918599918
96800	0.3669216524216524
96900	0.3897784900284901
97000	0.3772222222222223
97100	0.37595299145299144
97200	0.37250295075295076
97300	0.3693525641025641
97400	0.3775170940170941
97500	0.3755494505494506
97600	0.37814769202700227
97700	0.3707864265364265
97800	0.37618945868945863
97900	0.36539921652421653
98000	0.37145248270248277
98100	0.364
98200	0.37185185185185177
98300	0.37281379731379727
98400	0.372025641025641
98500	0.3807108262108262
98600	0.3760217745217746
98700	0.36932905982905984
98800	0.3845967643467644
98900	0.37376246438746447
99000	0.3809497863247863
99100	0.3809230260480262
99200	0.376198310948311
99300	0.3734686609686609
99400	0.3726791310541311
99500	0.3698682336182336
99600	0.377522385022385
99700	0.3832532560032561
99800	0.367076923076923
99900	0.37360276760276756
100000	0.3783784595034595
100100	0.3700925925925926
100200	0.38295085470085466
100300	0.37742521367521376
100400	0.3762962454212454
100500	0.37774786324786325
100600	0.36410388685388684
100700	0.37783333333333335
100800	0.37237779812779814
100900	0.37203998778998776
101000	0.3754155982905983
101100	0.37526210826210826
101200	0.38070431420431433
101300	0.3790713268213268
101400	0.3799715099715099
101500	0.370727207977208
101600	0.37693060643060655
101700	0.3688076923076924
101800	0.3705330687830687
101900	0.37113064713064714
102000	0.38701068376068376
102100	0.38514392551892557
102200	0.36407905982905986
102300	0.38266137566137565
102400	0.3693291107041106
102500	0.37373931623931633
102600	0.37400142450142454
102700	0.3700023928817032
102800	0.38115460927960926
102900	0.3731139601139601
103000	0.3851196581196581
103100	0.3859406796906798
103200	0.37504344729344735
103300	0.37827421652421656
103400	0.3892118437118437
103500	0.3781837606837607
103600	0.37331857956857956
103700	0.3825121591371592
103800	0.3812132682132682
103900	0.36993518518518514
104000	0.37334467846967845
104100	0.37417902930402924
104200	0.37952670940170935
104300	0.36267806267806263
104400	0.3676824379324379
104500	0.376910052910053
104600	0.3764957264957265
104700	0.35308903133903125
104800	0.37923972323972327
104900	0.38224013024013026
105000	0.35817094017094014
105100	0.37562749287749286
105200	0.3815605413105413
105300	0.37335327635327636
105400	0.37677202889702893
105500	0.39119800569800584
105600	0.379537037037037
105700	0.3762863247863248
105800	0.38105982905982916
105900	0.3750391737891738
106000	0.36719266381766374
106100	0.3767075193325193
106200	0.3931814204314204
106300	0.3812763532763533
106400	0.37848280423280434
106500	0.3764671347171347
106600	0.37144256206756204
106700	0.3700641025641026
106800	0.3668589743589744
106900	0.3648813593813593
107000	0.37857621082621085
107100	0.38674969474969484
107200	0.3775083435083435
107300	0.38031623931623926
107400	0.37907844932844925
107500	0.3802828144078144
107600	0.3746694647944648
107700	0.3750780423280423
107800	0.3839297415547415
107900	0.3824629629629629
108000	0.3710621693121694
108100	0.36104125966625966
108200	0.3758215303215304
108300	0.36205311355311354
108400	0.3754256753643935
108500	0.3708097273097274
108600	0.364957671957672
108700	0.36332010582010577
108800	0.3784769132527754
108900	0.37872792022792023
109000	0.37435434472934476
109100	0.37487851037851033
109200	0.3742517297517297
109300	0.3756445868945869
109400	0.3812229344729344
109500	0.3767698921448921
109600	0.38041259666259664
109700	0.3803686406186406
109800	0.37327533577533584
109900	0.3734316698488363
110000	0.37178490028490035
110100	0.38121611721611726
110200	0.3871182336182337
110300	0.3777576821326821
110400	0.3881488603988605
110500	0.3730598290598291
110600	0.3838219373219373
110700	0.3804665242165242
110800	0.3711351241351242
110900	0.37820197395197386
111000	0.3724137667887668
111100	0.3693675213675214
111200	0.3771373626373626
111300	0.3676757224257224
111400	0.3798444240944241
111500	0.37982977207977203
111600	0.3749940476190477
111700	0.3816635124135125
111800	0.3839771062271063
111900	0.37723931623931617
112000	0.377749592999593
112100	0.368054538054538
112200	0.3655063593813593
112300	0.36924252136752134
112400	0.3739375254375255
112500	0.37377279202279207
112600	0.3850612535612536
112700	0.3725470085470086
112800	0.3770712250712251
112900	0.3720953907203907
113000	0.3882934472934474
113100	0.3840420227920228
113200	0.37488848188848195
113300	0.37357122507122514
113400	0.374925925925926
113500	0.37032158119658115
113600	0.37707917210503417
113700	0.3830155677655678
113800	0.3819824674048812
113900	0.3753112535612536
114000	0.379999592999593
114100	0.37101495726495737
114200	0.3657644993894994
114300	0.38022863247863253
114400	0.3699761396011395
114500	0.35607595645095647
114600	0.3849017094017095
114700	0.3773561253561254
114800	0.38165008140008133
114900	0.3681481481481481
115000	0.3801513532763533
115100	0.381767501017501
115200	0.3674425620675621
115300	0.3683496133496133
115400	0.36985612535612533
115500	0.37176851851851855
115600	0.37985185185185194
115700	0.36961253561253565
115800	0.3729344729344729
115900	0.3842820512820514
116000	0.3817611880872751
116100	0.37451546601546604
116200	0.37936314611314603
116300	0.37637678062678065
116400	0.3756153846153846
116500	0.367917378917379
116600	0.3779009971509971
116700	0.38194943019943023
116800	0.3786947496947498
116900	0.3756994301994302
117000	0.37196825396825395
117100	0.37481908831908833
117200	0.38163456450956457
117300	0.38281481481481483
117400	0.3712065527065527
117500	0.375405982905983
117600	0.37703133903133895
117700	0.3752856125356125
117800	0.3804558404558405
117900	0.37998290598290596
118000	0.38185612535612534
118100	0.37197751322751327
118200	0.37382763532763535
118300	0.3716723646723647
118400	0.35903739316239314
118500	0.388430402930403
118600	0.3681980056980057
118700	0.37766107041107044
118800	0.3670555555555556
118900	0.37623499185999193
119000	0.36922792022792017
119100	0.37936752136752133
119200	0.37462820512820516
119300	0.3691638176638176
119400	0.374071540847403
119500	0.3791908831908833
119600	0.3777539682539684
119700	0.38242931174827727
119800	0.37407905982905987
119900	0.3676406186406187
120000	0.3731905270655271
120100	0.37784325396825397
120200	0.376383903133903
120300	0.3687062474562474
120400	0.3787731990231991
120500	0.3849257224257224
120600	0.3783017908017908
120700	0.3779318274318274
120800	0.3713283475783476
120900	0.3877560541310542
121000	0.37139845339845345
121100	0.3824326923076924
121200	0.38735704110704117
121300	0.3743351648351648
121400	0.38404415954415955
121500	0.3708873626373626
121600	0.3669782254782255
121700	0.3692116402116402
121800	0.3841866096866098
121900	0.3812997557997558
122000	0.3732521367521368
122100	0.37055698005698
122200	0.3785765160765161
122300	0.3716106549899653
122400	0.38473534798534803
122500	0.38138563288563293
122600	0.37634294871794877
122700	0.37638212250712255
122800	0.3776876271876272
122900	0.36408404558404556
123000	0.3740944240944241
123100	0.3780620675620676
123200	0.3736420431420432
123300	0.3790576923076924
123400	0.37479914529914526
123500	0.3751608669108669
123600	0.37281410256410263
123700	0.37549898249898245
123800	0.3639867724867724
123900	0.3710908628408628
124000	0.39339886039886046
124100	0.37931227106227106
124200	0.37658547008547005
124300	0.37257147944647956
124400	0.38334737484737486
124500	0.37504756817256824
124600	0.3832564102564103
124700	0.37390923890923894
124800	0.37621957671957673
124900	0.3676296296296296
125000	0.3736219983719985
125100	0.3784661172161172
125200	0.38435653235653244
125300	0.37223112535612535
125400	0.37513603988603983
125500	0.37243874643874647
125600	0.3703886345136346
125700	0.3771466727716728
125800	0.36532905982905983
125900	0.3749504477004477
126000	0.37999582824582817
126100	0.37854802604802607
126200	0.3729444444444444
126300	0.37828021978021975
126400	0.37689072039072036
126500	0.3714334554334554
126600	0.3699477004477006
126700	0.3767418705177325
126800	0.38258547008547017
126900	0.3766816239316239
127000	0.3828806980056981
127100	0.37325875050875046
127200	0.381306906375872
127300	0.3832560032560032
127400	0.3880528083028083
127500	0.36353952991453
127600	0.378187321937322
127700	0.37893243793243786
127800	0.37994266381766384
127900	0.3739581807081807
128000	0.3768176638176638
128100	0.37026068376068383
128200	0.37814804639804633
128300	0.37960393772893763
128400	0.37175608220004774
128500	0.38603988603988604
128600	0.37472608872608876
128700	0.3721545864735521
128800	0.38549074074074074
128900	0.3794868233618235
129000	0.38822700447700453
129100	0.37988955201886243
129200	0.3756582214082214
129300	0.3601282051282051
129400	0.37982407407407404
129500	0.37076088726088724
129600	0.3792250712250712
129700	0.373974765974766
129800	0.3676356837606838
129900	0.3758009768009768
130000	0.37290638990638997
130100	0.381448310948311
130200	0.37746092796092795
130300	0.37480769230769234
130400	0.3806623931623932
130500	0.37026663614163613
130600	0.3700213675213675
130700	0.3711651404151405
130800	0.3690365791615791
130900	0.3777820512820512
131000	0.37452319902319897
131100	0.3726139601139602
131200	0.38397308183515083
131300	0.37944692183822626
131400	0.37990313390313396
131500	0.3715303215303215
131600	0.38220512820512814
131700	0.37346331466440164
131800	0.37277910052910046
131900	0.3764779202279203
132000	0.37362001424501423
132100	0.3767274623524624
132200	0.3835840455840457
132300	0.3537866809116809
132400	0.37205738705738706
132500	0.36607936507936506
132600	0.3823263125763126
132700	0.37332610907610914
132800	0.38133292633292626
132900	0.3680592185592185
133000	0.3663747456247456
133100	0.3808105413105413
133200	0.37969413919413925
133300	0.3909865689865691
133400	0.3808717948717949
133500	0.3831043956043957
133600	0.3908835978835979
133700	0.3712085877085877
133800	0.3634633190883191
133900	0.3736890516890517
134000	0.3823747456247456
134100	0.3805925925925927
134200	0.3835779914529915
134300	0.38017104192104195
134400	0.38383760683760687
134500	0.37928032153032154
134600	0.36473789173789173
134700	0.38094373219373223
134800	0.37063247863247867
134900	0.37214957264957266
135000	0.37808547008547017
135100	0.3784513634513635
135200	0.36438970288970285
135300	0.3754473443223442
135400	0.38405596255596264
135500	0.3706994301994302
135600	0.3836247456247456
135700	0.3637254273504273
135800	0.37572181522181525
135900	0.3691908831908831
136000	0.37793854293854295
136100	0.37445828245828244
136200	0.37274252136752134
136300	0.38406908831908837
136400	0.3709312169312169
136500	0.37588838189269225
136600	0.3886579161579162
136700	0.37938888888888894
136800	0.368556573056573
136900	0.3781061253561253
137000	0.37599420024420027
137100	0.3845057488807489
137200	0.3782037037037037
137300	0.3933800471559093
137400	0.36923239723239726
137500	0.37253693528693527
137600	0.37866025641025647
137700	0.382192612942613
137800	0.37579273504273514
137900	0.37340685830772047
138000	0.3654985754985754
138100	0.3714277574277575
138200	0.38116737891737895
138300	0.3713653846153847
138400	0.3828183251933252
138500	0.3849758852258852
138600	0.38363380138380143
138700	0.3815666463166464
138800	0.3824334554334555
138900	0.36999776149776153
139000	0.38477035002035004
139100	0.37058689458689453
139200	0.3822597680097681
139300	0.37084991859991867
139400	0.37434009971509974
139500	0.3713739891348587
139600	0.3841657509157509
139700	0.3711378713878715
139800	0.3985156695156695
139900	0.384493894993895
140000	0.38014289222909914
140100	0.3696664315888453
140200	0.3749002849002849
140300	0.36436289173789166
140400	0.3792730463980465
140500	0.3719259259259259
140600	0.3757115384615385
140700	0.380445054945055
140800	0.3635617623117623
140900	0.3797521367521368
141000	0.37295833333333334
141100	0.3816435185185185
141200	0.37737535612535617
141300	0.3812744989684645
141400	0.382217032967033
141500	0.3848703703703703
141600	0.36756481481481484
141700	0.37395584045584057
141800	0.3877926332926333
141900	0.36543304843304836
142000	0.3782592592592593
142100	0.3734630138380138
142200	0.3715623728123728
142300	0.36499287749287757
142400	0.3828645706145707
142500	0.3753247863247864
142600	0.3747450142450143
142700	0.3719594525844526
142800	0.3763689458689459
142900	0.37674755799755794
143000	0.37872150997150994
143100	0.3777233414733415
143200	0.3782948717948718
143300	0.37639743589743596
143400	0.3715127187627188
143500	0.37398026048026056
143600	0.37237037037037035
143700	0.3870957977207977
143800	0.38039886039886045
143900	0.3944466785227656
144000	0.3758087606837607
144100	0.3715825193325193
144200	0.3716638176638176
144300	0.38295863858363866
144400	0.3747810337810337
144500	0.3771404151404152
144600	0.3799850427350426
144700	0.38018910256410265
144800	0.36703418803418814
144900	0.3722236467236467
145000	0.3826067358567359
145100	0.37672008547008545
145200	0.37412001424501434
145300	0.38142165242165244
145400	0.36887505087505085
145500	0.37360541310541306
145600	0.38136182336182345
145700	0.38976103988603994
145800	0.37584386446886453
145900	0.3782022792022792
146000	0.39071652421652425
146100	0.37377492877492874
146200	0.37007570207570206
146300	0.37185185185185193
146400	0.37702971102971106
146500	0.37558933658933663
146600	0.37807834757834763
146700	0.37990303215303217
146800	0.35797140822140816
146900	0.3844728327228328
147000	0.3801360398860399
147100	0.3854811253561254
147200	0.3883133903133903
147300	0.37801648351648354
147400	0.3836964794464794
147500	0.367056166056166
147600	0.36954843304843304
147700	0.3866131461131462
147800	0.3734232295482295
147900	0.3855153133903134
148000	0.366554131054131
148100	0.378863603988604
148200	0.38801393976393983
148300	0.38349104599104605
148400	0.3748279914529914
148500	0.37240750915750914
148600	0.37344454619454626
148700	0.37591030728530733
148800	0.3817574277574278
148900	0.3742934472934473
149000	0.3751424501424502
149100	0.3716138583638585
149200	0.38455760108346326
149300	0.36399409849409853
149400	0.37573789173789174
149500	0.37267200854700855
149600	0.3785652218152219
149700	0.3793121184371185
149800	0.3868899063899064
149900	0.3806852869352869
150000	0.37816203703703705
150100	0.3780441595441596
150200	0.3799665242165243
150300	0.36564346764346767
150400	0.38028347578347577
150500	0.37043732193732193
150600	0.38164896214896216
150700	0.37236324786324787
150800	0.37348433048433055
150900	0.3742378917378918
151000	0.383706450956451
151100	0.3691659544159544
151200	0.3844099002849003
151300	0.36865415140415136
151400	0.3741674806674806
151500	0.37469230769230766
151600	0.3726275437525438
151700	0.3778031135531136
151800	0.3785255392755394
151900	0.39045370370370364
152000	0.3766723646723647
152100	0.3861645299145299
152200	0.37371153846153854
152300	0.3853127798127798
152400	0.37059615384615385
152500	0.39181776556776565
152600	0.3707168803418804
152700	0.37720553520553524
152800	0.37452777777777785
152900	0.37953123728123733
153000	0.36695146520146527
153100	0.3769002849002848
153200	0.36804385429385417
153300	0.3728148148148149
153400	0.363720695970696
153500	0.3800467032967032
153600	0.3751721541549128
153700	0.36647995522995525
153800	0.3895
153900	0.3665427350427351
154000	0.3804718660968662
154100	0.37224216524216525
154200	0.3714803622303623
154300	0.3764163614163613
154400	0.3792729446479447
154500	0.3829893162393163
154600	0.3729807692307692
154700	0.3738311965811966
154800	0.3801209808709809
154900	0.3775698005698006
155000	0.37472008547008545
155100	0.37607794057794053
155200	0.3804508547008547
155300	0.38100579975579973
155400	0.37294149369149376
155500	0.3696706857956858
155600	0.374005291005291
155700	0.3854876882376883
155800	0.37980535205535204
155900	0.3799024216524216
156000	0.37083826821326815
156100	0.3815440069190069
156200	0.3874513125763126
156300	0.3694743589743589
156400	0.3718277370777371
156500	0.3802389601139601
156600	0.37835185185185183
156700	0.3792977207977208
156800	0.38305708180708187
156900	0.3852824582824582
157000	0.3788526149776151
157100	0.37558943833943836
157200	0.38894012006512
157300	0.38112728937728935
157400	0.3805299145299146
157500	0.3783485958485959
157600	0.37267948717948723
157700	0.3666317155067156
157800	0.36264814814814816
157900	0.37402101139601146
158000	0.37544556369556376
158100	0.38365811965811963
158200	0.3837079772079772
158300	0.3875270655270656
158400	0.37495014245014235
158500	0.3628844118844118
158600	0.3783262108262108
158700	0.3827464387464387
158800	0.3834253154253155
158900	0.3675782458282459
159000	0.38391056166056176
159100	0.37469169719169726
159200	0.37872649572649575
159300	0.3770494505494506
159400	0.37453024784921335
159500	0.3748876678876679
159600	0.3808685897435898
159700	0.3910071225071225
159800	0.37593055555555566
159900	0.3806438746438747
160000	0.374010582010582
160100	0.3844587912087913
160200	0.37269617419617423
160300	0.3691752136752138
160400	0.3792004985754986
160500	0.36977492877492874
160600	0.3749277574277574
160700	0.38925254375254376
160800	0.3765498575498576
160900	0.3860299654049655
161000	0.37690455840455833
161100	0.3739680504680504
161200	0.3763351648351648
161300	0.38345431420431425
161400	0.36885744810744814
161500	0.36757844932844924
161600	0.3846114672364673
161700	0.3747745217745218
161800	0.37950142450142454
161900	0.37382905982905984
162000	0.385701566951567
162100	0.37857834757834763
162200	0.3766125356125356
162300	0.37660836385836394
162400	0.3682378917378917
162500	0.38287474562474566
162600	0.380235754985755
162700	0.37071367521367515
162800	0.38069434269434277
162900	0.3778576516076516
163000	0.3675143467643468
163100	0.37951892551892547
163200	0.3881737891737892
163300	0.38481023606023607
163400	0.36804131054131045
163500	0.38173789173789174
163600	0.36234432234432234
163700	0.37937403337403336
163800	0.37778151095392476
163900	0.37602706552706555
164000	0.3713649776149776
164100	0.3747802197802198
164200	0.37629629629629624
164300	0.37565242165242163
164400	0.37798677248677254
164500	0.37423758648758654
164600	0.3659932336182336
164700	0.36691327733569107
164800	0.3793661986161986
164900	0.36720645095645094
165000	0.3851346153846154
165100	0.36851210826210834
165200	0.37575778563709594
165300	0.3851310541310541
165400	0.38781289208875425
165500	0.3764091725504769
165600	0.3932297517297517
165700	0.3773445258445258
165800	0.37811975986975993
165900	0.3841446886446887
166000	0.3834761904761904
166100	0.37523636548636546
166200	0.3855876577126578
166300	0.3747844667409884
166400	0.3752563438976483
166500	0.381025641025641
166600	0.3814458689458689
166700	0.37857478632478625
166800	0.3728941798941799
166900	0.3736200651200652
167000	0.3816813186813187
167100	0.3684079161579161
167200	0.374502442002442
167300	0.36701745014245013
167400	0.3790858262108262
167500	0.3779593631145356
167600	0.37579090354090355
167700	0.36919053759139964
167800	0.3674880952380953
167900	0.3607628205128205
168000	0.37470375457875466
168100	0.3783079975579976
168200	0.3831139601139601
168300	0.39118080993081
168400	0.37107590557590564
168500	0.364052503052503
168600	0.3775782458282458
168700	0.3856350223850225
168800	0.37454131054131057
168900	0.3804036426536427
169000	0.3720530626780626
169100	0.37762179487179487
169200	0.3793104395604395
169300	0.3760819088319089
169400	0.37747774479671026
169500	0.3812454212454212
169600	0.369504477004477
169700	0.37747252747252746
169800	0.37897832722832725
169900	0.3807881054131054
170000	0.3733390822140822
170100	0.38276465201465204
170200	0.3752010582010582
170300	0.36296866096866093
170400	0.3789846866096866
170500	0.3696087708587708
170600	0.3724825498575499
170700	0.3741105707829846
170800	0.36944800569800573
170900	0.38539448514448515
171000	0.3735633903133903
171100	0.36975814000813995
171200	0.37193091168091164
171300	0.3792228835978836
171400	0.3735840455840457
171500	0.3705889804639804
171600	0.3729269118493256
171700	0.3743501221001221
171800	0.37625925925925924
171900	0.38737891737891744
172000	0.37716381766381757
172100	0.37876678876678865
172200	0.37994380236621617
172300	0.36896367521367524
172400	0.377255698005698
172500	0.36578525641025644
172600	0.3657008547008547
172700	0.37523504273504277
172800	0.378636853886854
172900	0.3782181522181522
173000	0.36581582789191486
173100	0.3795807895807896
173200	0.3745424297924298
173300	0.3671740944240944
173400	0.3764790394790395
173500	0.38759696784696795
173600	0.3647592592592592
173700	0.3793478835978835
173800	0.3817072140822141
173900	0.38228021978021975
174000	0.3826153846153847
174100	0.3706807081807082
174200	0.3816360398860399
174300	0.37705377668308704
174400	0.3762155067155068
174500	0.38892699430199434
174600	0.3763037012476668
174700	0.37684055759055757
174800	0.37589718152218154
174900	0.3705974450198588
175000	0.37802635327635326
175100	0.3707621082621083
175200	0.37981771469271475
175300	0.37248117623117627
175400	0.37622939560439556
175500	0.39798300773300777
175600	0.37103317053317053
175700	0.375738603988604
175800	0.3822421652421653
175900	0.3649411884411884
176000	0.3733625356125357
176100	0.38496225071225076
176200	0.39067699430199426
176300	0.37824572649572646
176400	0.3652891737891738
176500	0.3864290801790803
176600	0.38080372405372415
176700	0.37319515669515674
176800	0.38091096866096874
176900	0.3818230565730566
177000	0.364054945054945
177100	0.38175213675213676
177200	0.37696164021164025
177300	0.37256552706552704
177400	0.3737802197802198
177500	0.39074175824175816
177600	0.37560968660968663
177700	0.3824131054131054
177800	0.3764954142281729
177900	0.3756003764753765
178000	0.3737353479853481
178100	0.36602843915343924
178200	0.37224247049247056
178300	0.3768434065934066
178400	0.3851542531542532
178500	0.36976103988604
178600	0.38470797720797734
178700	0.39384452584452595
178800	0.3734291310541312
178900	0.3853386243386243
179000	0.38329858567358577
179100	0.3804996947496948
179200	0.3677521876271876
179300	0.3838845136345137
179400	0.36126414326414324
179500	0.36820975783475784
179600	0.373451566951567
179700	0.3759582824582824
179800	0.37062500000000004
179900	0.3761737891737892
180000	0.385462962962963
180100	0.3773207163207164
180200	0.3848155270655271
180300	0.3746488603988604
180400	0.37514243786226553
180500	0.36915923890923896
180600	0.372493080993081
180700	0.39345192307692317
180800	0.37515069190069195
180900	0.3842527472527474
181000	0.3737032967032968
181100	0.3802592592592593
181200	0.3811144022006091
181300	0.38345975783475794
181400	0.38016218966218956
181500	0.37814807446704
181600	0.37939031339031337
181700	0.3797777777777778
181800	0.3651398046398046
181900	0.382062678062678
182000	0.3807450142450143
182100	0.3704126475376476
182200	0.38836004273504277
182300	0.36424216524216524
182400	0.3786111111111111
182500	0.37201460113960116
182600	0.37035968660968666
182700	0.3861880341880342
182800	0.3689700345950346
182900	0.37508974358974356
183000	0.36989774114774115
183100	0.3740039682539683
183200	0.3735598290598291
183300	0.36931908831908833
183400	0.3673726088726089
183500	0.37751979214910253
183600	0.3743356735856736
183700	0.37549430199430195
183800	0.3804687118437119
183900	0.3831766381766382
184000	0.3821652421652423
184100	0.36414886039886035
184200	0.3878754929616999
184300	0.37636925111925124
184400	0.3746876271876272
184500	0.3746011396011396
184600	0.37174704924704927
184700	0.3665911680911681
184800	0.3745014245014245
184900	0.37351638176638174
185000	0.38605860805860814
185100	0.37754558404558414
185200	0.3740726495726496
185300	0.385379527879528
185400	0.3808390313390314
185500	0.3709305046805047
185600	0.3610389702889703
185700	0.381010989010989
185800	0.38977457264957266
185900	0.3790537749287749
186000	0.3845748880748882
186100	0.3763878050291094
186200	0.37769190069190073
186300	0.37624369149369147
186400	0.3791552706552706
186500	0.3733782051282052
186600	0.3716051078551078
186700	0.37322934472934477
186800	0.37487433420042116
186900	0.37692307692307697
187000	0.3711566951566952
187100	0.3775145502645502
187200	0.3858319088319089
187300	0.3728390313390313
187400	0.3891298331298331
187500	0.3917606837606838
187600	0.37654914529914535
187700	0.3710655270655271
187800	0.3683868538868539
187900	0.3773206145706146
188000	0.38698351648351653
188100	0.3838931623931624
188200	0.3757072246080867
188300	0.38666351241351243
188400	0.37045299145299143
188500	0.3747253764753765
188600	0.3766771469271469
188700	0.3742549857549857
188800	0.3808849715099716
188900	0.3776510944771814
189000	0.3797859177859178
189100	0.37403566341066335
189200	0.3750580484330484
189300	0.3688122710622711
189400	0.388122201872202
189500	0.37784757834757826
189600	0.3772941595441595
189700	0.3816975986975987
189800	0.3716320716320717
189900	0.38012321937321947
190000	0.3680198412698413
190100	0.38248728123728126
190200	0.3785584045584045
190300	0.384258547008547
190400	0.38249420024420033
190500	0.37196723646723634
190600	0.37347435897435893
190700	0.3789928774928776
190800	0.369218594609899
190900	0.3800708180708182
191000	0.3758585673585674
191100	0.3814907407407408
191200	0.382225986975987
191300	0.38275783475783476
191400	0.37103021978021977
191500	0.3673733211233212
191600	0.3845485347985349
191700	0.3774547720797721
191800	0.3831965811965813
191900	0.3694135124135124
192000	0.38050427350427357
192100	0.3776566951566952
192200	0.3790655270655271
192300	0.3791012413512413
192400	0.3746819291819292
192500	0.37850468050468045
192600	0.3841346153846154
192700	0.37762891737891735
192800	0.383999185999186
192900	0.3738831908831909
193000	0.3711820309320309
193100	0.3735598290598291
193200	0.3781823361823362
193300	0.38603113553113566
193400	0.35943121693121693
193500	0.37856486568986575
193600	0.3837248168498168
193700	0.36960084487670697
193800	0.37424084249084244
193900	0.367829415954416
194000	0.38690638990639
194100	0.3859294871794872
194200	0.376502849002849
194300	0.38430138380138384
194400	0.38234472934472935
194500	0.3741054131054131
194600	0.368768722018722
194700	0.3942673992673994
194800	0.3714444444444444
194900	0.3638900081400081
195000	0.3808280423280424
195100	0.37039066951566946
195200	0.37200671550671544
195300	0.39259188034188036
195400	0.37409442409442406
195500	0.38497150997151
195600	0.38046988196988196
195700	0.3673357753357754
195800	0.37285002035002035
195900	0.36426353276353274
196000	0.38457249694749696
196100	0.3764287749287749
196200	0.3814414936914937
196300	0.382719474969475
196400	0.37096723646723645
196500	0.38228276353276364
196600	0.3889327431827433
196700	0.3702293447293447
196800	0.3743601953601953
196900	0.37406043956043955
197000	0.37432290394790396
197100	0.38351628001628
197200	0.37828520553520556
197300	0.3769234330484331
197400	0.3762831705331705
197500	0.3895530118030119
197600	0.37379538054538053
197700	0.36933333333333335
197800	0.3681153846153846
197900	0.37559574684574687
198000	0.37368091168091166
198100	0.36722293447293447
198200	0.37436284086284094
198300	0.37406725681725683
198400	0.37946723646723657
198500	0.3722511701261701
198600	0.37545197395197394
198700	0.3810381054131055
198800	0.38058212560386473
198900	0.37642022792022795
199000	0.37636711436711445
199100	0.36989850427350424
199200	0.37969515669515663
199300	0.3667478632478633
199400	0.3839969474969475
199500	0.37659132071632073
199600	0.3829471916971917
199700	0.37362199837199833
199800	0.37047316604213154
199900	0.3641568319930389
200000	0.37689672364672366
200100	0.3743846153846154
200200	0.37581166056166054
200300	0.3776189458689459
200400	0.3773687932437933
200500	0.3793968762718763
200600	0.37188461538461537
200700	0.3697984330484331
200800	0.3736324786324786
200900	0.386934472934473
201000	0.3852008547008547
201100	0.38257407407407407
201200	0.3755940170940172
201300	0.3771559784820655
201400	0.37283170533170534
201500	0.3795659340659341
201600	0.37620044770044764
201700	0.3758952991452991
201800	0.39044301994302
201900	0.38691531233772614
202000	0.3802246133496133
202100	0.3671414326414326
202200	0.3640536731786732
202300	0.3784484635734636
202400	0.3792407407407408
202500	0.3729504985754986
202600	0.3757283465257603
202700	0.37407295482295483
202800	0.3722555962555963
202900	0.3774640313390314
203000	0.38134508547008544
203100	0.3819729344729345
203200	0.36645182132682136
203300	0.3661947496947497
203400	0.3853742368742369
203500	0.3642915508820681
203600	0.37416269841269834
203700	0.37204441391941395
203800	0.37871581196581194
203900	0.3735401176090831
204000	0.3704656084656084
204100	0.38489556404642616
204200	0.3789189051689052
204300	0.3716680911680912
204400	0.37872547822547825
204500	0.37375178062678066
204600	0.3859444444444445
204700	0.3793005698005697
204800	0.3688230056980057
204900	0.38057549857549855
205000	0.376380341880342
205100	0.37058618233618235
205200	0.36890669515669516
205300	0.3709925722425722
205400	0.37405489417989424
205500	0.3626317663817663
205600	0.37197975172975173
205700	0.393039886039886
205800	0.361082214082214
205900	0.373812728937729
206000	0.38681481481481483
206100	0.37269841269841275
206200	0.37279029304029304
206300	0.3726642246642246
206400	0.37622150997150994
206500	0.37821745323919237
206600	0.3753214215541802
206700	0.38079629629629635
206800	0.38976505901505903
206900	0.37017521367521367
207000	0.3701844729344729
207100	0.3733280423280424
207200	0.37665527065527066
207300	0.3692450142450142
207400	0.3760484330484331
207500	0.38837301587301587
207600	0.3877140822140822
207700	0.38296296296296306
207800	0.37513807488807493
207900	0.3757849002849002
208000	0.37990709773318476
208100	0.3739896723646724
208200	0.3684928774928775
208300	0.38030240130240134
208400	0.37687891737891743
208500	0.37177513227513226
208600	0.37869403744403746
208700	0.39449145299145305
208800	0.3696898656898657
208900	0.37409798534798533
209000	0.3733903133903135
209100	0.37652035002035
209200	0.3678838013838014
209300	0.37021377696377694
209400	0.3694401709401709
209500	0.37744230769230774
209600	0.3763935693935694
209700	0.3730146011396011
209800	0.37651098901098895
209900	0.37167658730158726
210000	0.3646807081807082
210100	0.37232585470085466
210200	0.37980199430199435
210300	0.3741943426943427
210400	0.36178720895962274
210500	0.36714982702482707
210600	0.36466056166056177
210700	0.3672645502645503
210800	0.38215601097497653
210900	0.3811709401709403
211000	0.37651566951566945
211100	0.3796004273504273
211200	0.37213034188034183
211300	0.3701870299587691
211400	0.3645408017908018
211500	0.3781225071225071
211600	0.3699450549450549
211700	0.38160032560032553
211800	0.3721866096866097
211900	0.3750698005698006
212000	0.38341819291819296
212100	0.3686695156695157
212200	0.3650576923076923
212300	0.3719455636955637
212400	0.37543198005698003
212500	0.36802818477818483
212600	0.36865384615384617
212700	0.3822218432908088
212800	0.37305555555555564
212900	0.37096723646723645
213000	0.375765059015059
213100	0.3890021367521368
213200	0.3844931827431828
213300	0.38892358567358565
213400	0.368050061050061
213500	0.3765713268213268
213600	0.3809205331705332
213700	0.37632122507122506
213800	0.37214789377289376
213900	0.3763365384615384
214000	0.38320940170940176
214100	0.3859382376882377
214200	0.3745559625559626
214300	0.39008475783475793
214400	0.37481725681725686
214500	0.38221296296296303
214600	0.3680124135124135
214700	0.35987998575498564
214800	0.37678205128205133
214900	0.3908116096866098
215000	0.36439092389092387
215100	0.3746224053724053
215200	0.3695758392171436
215300	0.3773333333333333
215400	0.37061965811965814
215500	0.37475569800569797
215600	0.37346153846153857
215700	0.3793602971102972
215800	0.37455128205128213
215900	0.37386263736263736
216000	0.3804628612128612
216100	0.3686542022792023
216200	0.3857866300366301
216300	0.3847588522588523
216400	0.3790091575091576
216500	0.37055270655270656
216600	0.38432198819698815
216700	0.3823019943019944
216800	0.3837510683760685
216900	0.38436869149369157
217000	0.3754871794871796
217100	0.3680409035409035
217200	0.371496743996744
217300	0.37727670940170943
217400	0.383891737891738
217500	0.3707912596662597
217600	0.37948448310948313
217700	0.3690306267806268
217800	0.36609015059015065
217900	0.37775518925518925
218000	0.37059366096866103
218100	0.37809310134310137
218200	0.3593945868945868
218300	0.37663146113146106
218400	0.35745431420431417
218500	0.377375814000814
218600	0.3826889499389499
218700	0.3785328652828653
218800	0.3747429283679284
218900	0.3814530423280424
219000	0.3881321225071225
219100	0.37080199430199423
219200	0.37523824786324794
219300	0.3837676027676028
219400	0.37180199430199434
219500	0.3752704517704518
219600	0.37044012006512
219700	0.37710052910052916
219800	0.3793216320716321
219900	0.38803347578347586
220000	0.37881847781847783
220100	0.3722660256410256
220200	0.3840867928367928
220300	0.3860307285307285
220400	0.37679802604802615
220500	0.379188135938136
220600	0.37720350020350013
220700	0.3900741758241758
220800	0.38047339234839234
220900	0.3846983618233618
221000	0.38010925306577487
221100	0.38130891330891337
221200	0.371508547008547
221300	0.3807905982905983
221400	0.37819413919413924
221500	0.3821552706552707
221600	0.37606847781847785
221700	0.37236172161172165
221800	0.37575040700040696
221900	0.37645929995930005
222000	0.3846868131868132
222100	0.3773418803418804
222200	0.37087912087912095
222300	0.378041107041107
222400	0.3866438746438747
222500	0.37322666764908147
222600	0.3757478123728124
222700	0.3809524318274319
222800	0.37705911680911675
222900	0.3729538054538054
223000	0.36649750712250706
223100	0.3819387464387464
223200	0.37775569800569786
223300	0.37067521367521367
223400	0.382019943019943
223500	0.3763924501424502
223600	0.38561223036223036
223700	0.3687446072446072
223800	0.3777393162393163
223900	0.3818146042973629
224000	0.38462820512820517
224100	0.38185042735042724
224200	0.3761822344322344
224300	0.36889886039886044
224400	0.382112840862841
224500	0.3857905982905983
224600	0.38326780626780627
224700	0.37108175620675626
224800	0.36014387464387465
224900	0.3823418803418803
225000	0.3811632773356911
225100	0.39248616198616204
225200	0.37236217948717953
225300	0.37692948717948715
225400	0.38396296296296306
225500	0.3822496947496948
225600	0.3711302401302401
225700	0.373172212047212
225800	0.3762977207977208
225900	0.3752496947496949
226000	0.36742027879527883
226100	0.37047720797720785
226200	0.37164245014245023
226300	0.37593650793650796
226400	0.37167989417989417
226500	0.3816888481888482
226600	0.3756655474155474
226700	0.3759776009431182
226800	0.38605413105413117
226900	0.359098544973545
227000	0.37373361823361817
227100	0.3742015160765162
227200	0.3766607651607652
227300	0.36860541310541306
227400	0.37805377492877495
227500	0.38272934472934467
227600	0.3756276648000786
227700	0.3790498575498576
227800	0.3797357041107041
227900	0.3785306267806268
228000	0.37381420431420437
228100	0.37753612128612124
228200	0.3723497150997151
228300	0.37773468660968657
228400	0.38605942205942206
228500	0.37890740740740736
228600	0.37570334757834756
228700	0.3744814814814814
228800	0.37889743589743585
228900	0.3815071733821733
229000	0.38488359788359794
229100	0.3738824786324787
229200	0.36481623931623924
229300	0.3687507227765849
229400	0.37095421245421245
229500	0.37164306064306063
229600	0.37194113756613756
229700	0.3936022693781314
229800	0.38985369387955593
229900	0.3750568783068783
230000	0.3755900488400487
230100	0.3824989824989825
230200	0.3706271367521369
230300	0.3765270655270655
230400	0.3757578856328857
230500	0.3693087098087099
230600	0.38226994301994305
230700	0.38430341880341884
230800	0.3711010378510379
230900	0.3802082824582825
231000	0.3754529914529915
231100	0.37147951665193046
231200	0.37814845339845343
231300	0.3862688237688238
231400	0.38147730972730975
231500	0.3825299145299146
231600	0.3774943019943021
231700	0.3749303520553521
231800	0.36262535612535607
231900	0.37077553927553925
232000	0.3909814814814815
232100	0.37042246642246646
232200	0.36832371794871804
232300	0.3853985042735043
232400	0.3836184371184372
232500	0.3740529100529101
232600	0.37146723646723645
232700	0.3673085063085063
232800	0.37923076923076926
232900	0.38301149776149773
233000	0.36227447089947085
233100	0.3832086894586894
233200	0.3746965811965812
233300	0.37031573056573064
233400	0.3882219274977896
233500	0.37473999691241067
233600	0.37663817663817667
233700	0.3674037444037444
233800	0.36646113146113146
233900	0.39040883190883197
234000	0.384008954008954
234100	0.38219373219373226
234200	0.387168192918193
234300	0.3863411172161172
234400	0.3682795075295075
234500	0.3826442816442817
234600	0.3782436914936916
234700	0.37765313390313404
234800	0.37603846153846165
234900	0.38119953194953204
235000	0.3746115181115182
235100	0.3842207977207978
235200	0.3806184371184371
235300	0.3816766381766382
235400	0.3874387464387465
235500	0.3598352946542602
235600	0.3763874643874644
235700	0.3779871794871795
235800	0.37690883190883195
235900	0.3735480769230769
236000	0.3860065821789959
236100	0.3865700040700041
236200	0.384775641025641
236300	0.38365913715913724
236400	0.37318457468457455
236500	0.3670701566951567
236600	0.3635027981277981
236700	0.38274074074074077
236800	0.38004975579975586
236900	0.37530275742775737
237000	0.3711314102564103
237100	0.37800712250712254
237200	0.37780199430199435
237300	0.37391452991452995
237400	0.38867735042735047
237500	0.3754693732193732
237600	0.3677317867317867
237700	0.38052482702482704
237800	0.37883129833129836
237900	0.365997150997151
238000	0.38426175213675223
238100	0.3808038258038259
238200	0.3800059015059015
238300	0.37698860398860407
238400	0.3702065527065527
238500	0.37888746438746446
238600	0.37656807081807087
238700	0.372894943019943
238800	0.38032905982905973
238900	0.3688924501424501
239000	0.36872934472934477
239100	0.3796918845217196
239200	0.3861086691086691
239300	0.3777161172161173
239400	0.3719159544159544
239500	0.3777844932844934
239600	0.3666434676434676
239700	0.37872649572649575
239800	0.3799358974358975
239900	0.37795472120472123
240000	0.36928062678062684
240100	0.37692450142450146
240200	0.376493844118844
240300	0.3734921652421652
240400	0.37179700854700864
240500	0.38598544531153234
240600	0.38469301994301996
240700	0.37808190883190884
240800	0.3842450142450143
240900	0.36491666666666667
241000	0.38444993894993906
241100	0.38005657305657303
241200	0.37614209401709403
241300	0.3910940170940171
241400	0.3817403846153847
241500	0.37538766788766786
241600	0.38260754985754997
241700	0.38013858363858366
241800	0.37747649572649583
241900	0.3651082621082621
242000	0.37692816442816446
242100	0.38317994505494507
242200	0.3739002849002849
242300	0.3751898656898657
242400	0.36943304843304847
242500	0.36978561253561254
242600	0.3745185185185186
242700	0.3691324786324786
242800	0.369728448275862
242900	0.37700050875050883
243000	0.38345919820919827
243100	0.3775371387871388
243200	0.3779900284900285
243300	0.3823643162393162
243400	0.37152136752136755
243500	0.3661268823768824
243600	0.3824301994301994
243700	0.37224338624338627
243800	0.37785124135124143
243900	0.3741103988603989
244000	0.37598896011396005
244100	0.38479629629629636
244200	0.38728556166056183
244300	0.3717877492877493
244400	0.3737008547008547
244500	0.37947756410256417
244600	0.38860393948324984
244700	0.37309971509971507
244800	0.3765593557006602
244900	0.377099765974766
245000	0.3793418803418804
245100	0.38031308506308503
245200	0.38000819088319093
245300	0.37327024827024824
245400	0.3706249491249491
245500	0.3737920227920227
245600	0.3653262108262108
245700	0.3830486295313881
245800	0.38034930809930817
245900	0.38204990842490844
246000	0.3721616809116809
246100	0.37157834757834757
246200	0.36654909442409445
246300	0.3746348542761587
246400	0.3869773097273097
246500	0.3763525641025641
246600	0.36774924915442153
246700	0.38259116809116805
246800	0.37068396418396427
246900	0.3693899063899063
247000	0.370829822954823
247100	0.389197903947904
247200	0.37730769230769234
247300	0.3805822140822141
247400	0.36216666666666664
247500	0.37773361823361823
247600	0.3755655270655271
247700	0.37601638176638175
247800	0.37590415140415134
247900	0.37064901302401304
248000	0.37619373219373214
248100	0.3667317867317867
248200	0.3832264957264958
248300	0.3791038552762692
248400	0.379738196988197
248500	0.37033709808709814
248600	0.36422690272690267
248700	0.366875
248800	0.3825370370370371
248900	0.3799031339031339
249000	0.370094017094017
249100	0.37514621489621497
249200	0.37661858974358975
249300	0.383460113960114
249400	0.37569658119658117
249500	0.37309645909645905
249600	0.3800833333333332
249700	0.3661520655270655
249800	0.367838319088319
249900	0.3737852055352056
