#MCS	VolumeEnergy
0	724.0
10	1626.0
20	1584.0
30	1778.0
40	1944.0
50	2130.0
60	2016.0
70	2206.0
80	2132.0
90	2180.0
100	2376.0
110	2232.0
120	2362.0
130	2430.0
140	2572.0
150	2510.0
160	2532.0
170	2430.0
180	2600.0
190	2380.0
200	2598.0
210	2646.0
220	2206.0
230	2374.0
240	2072.0
250	2272.0
260	2556.0
270	2140.0
280	2266.0
290	2164.0
300	2030.0
310	2038.0
320	2198.0
330	2664.0
340	2760.0
350	2756.0
360	2732.0
370	2730.0
380	2644.0
390	2552.0
400	2474.0
410	2460.0
420	2506.0
430	2502.0
440	2490.0
450	2450.0
460	2302.0
470	2546.0
480	2340.0
490	2256.0
500	2540.0
510	2434.0
520	2422.0
530	2394.0
540	2286.0
550	2242.0
560	2602.0
570	2388.0
580	2604.0
590	2370.0
600	2290.0
610	2332.0
620	2294.0
630	2066.0
640	2276.0
650	2068.0
660	2208.0
670	2286.0
680	2406.0
690	2112.0
700	1938.0
710	2202.0
720	2516.0
730	2380.0
740	2398.0
750	2348.0
760	2724.0
770	2706.0
780	2574.0
790	2764.0
800	2342.0
810	2680.0
820	2736.0
830	2398.0
840	2162.0
850	2716.0
860	2420.0
870	2232.0
880	2218.0
890	1976.0
900	1966.0
910	2094.0
920	2060.0
930	1956.0
940	1876.0
950	2010.0
960	1866.0
970	2196.0
980	2170.0
990	2364.0
1000	2320.0
1010	2408.0
1020	2586.0
1030	1990.0
1040	2530.0
1050	2128.0
1060	2662.0
1070	2600.0
1080	2382.0
1090	2356.0
1100	2640.0
1110	2138.0
1120	2502.0
1130	2322.0
1140	2170.0
1150	2068.0
1160	2242.0
1170	2182.0
1180	2236.0
1190	2408.0
1200	2504.0
1210	2294.0
1220	2428.0
1230	2162.0
1240	2048.0
1250	2112.0
1260	2086.0
1270	2284.0
1280	2336.0
1290	2374.0
1300	2158.0
1310	1892.0
1320	2166.0
1330	2270.0
1340	2380.0
1350	2002.0
1360	1800.0
1370	1856.0
1380	1904.0
1390	2086.0
1400	2104.0
1410	2292.0
1420	2322.0
1430	2150.0
1440	2082.0
1450	2286.0
1460	2012.0
1470	2032.0
1480	2202.0
1490	2442.0
1500	2266.0
1510	2370.0
1520	2508.0
1530	2138.0
1540	2278.0
1550	2428.0
1560	2196.0
1570	2198.0
1580	2306.0
1590	2274.0
1600	2350.0
1610	2574.0
1620	2476.0
1630	2482.0
1640	2110.0
1650	2210.0
1660	2588.0
1670	2540.0
1680	2182.0
1690	2580.0
1700	2720.0
1710	2668.0
1720	2514.0
1730	2632.0
1740	2784.0
1750	2290.0
1760	2784.0
1770	2766.0
1780	2680.0
1790	2474.0
1800	2284.0
1810	2538.0
1820	2168.0
1830	2298.0
1840	2216.0
1850	2562.0
1860	2172.0
1870	2182.0
1880	2000.0
1890	2320.0
1900	2226.0
1910	2242.0
1920	2376.0
1930	1926.0
1940	2122.0
1950	2166.0
1960	2050.0
1970	1914.0
1980	2170.0
1990	1860.0
2000	2314.0
2010	1916.0
2020	2112.0
2030	1966.0
2040	2112.0
2050	2370.0
2060	2112.0
2070	2230.0
2080	2214.0
2090	2066.0
2100	2050.0
2110	2482.0
2120	2366.0
2130	2196.0
2140	2150.0
2150	2008.0
2160	1992.0
2170	1744.0
2180	2168.0
2190	2052.0
2200	1674.0
2210	2016.0
2220	2062.0
2230	1904.0
2240	1712.0
2250	2060.0
2260	2056.0
2270	2146.0
2280	2250.0
2290	1948.0
2300	2024.0
2310	2022.0
2320	1706.0
2330	1810.0
2340	1898.0
2350	1812.0
2360	1662.0
2370	1944.0
2380	1928.0
2390	2222.0
2400	2152.0
2410	2002.0
2420	2294.0
2430	2124.0
2440	1900.0
2450	2032.0
2460	1830.0
2470	1928.0
2480	1898.0
2490	1872.0
2500	2064.0
2510	1982.0
2520	1540.0
2530	1896.0
2540	2156.0
2550	2098.0
2560	2022.0
2570	2108.0
2580	2126.0
2590	1968.0
2600	2068.0
2610	1870.0
2620	1864.0
2630	1980.0
2640	1938.0
2650	1816.0
2660	2184.0
2670	1928.0
2680	2078.0
2690	1780.0
2700	1922.0
2710	1454.0
2720	2028.0
2730	1850.0
2740	1830.0
2750	1864.0
2760	1644.0
2770	2080.0
2780	1622.0
2790	2106.0
2800	1936.0
2810	2042.0
2820	1840.0
2830	1838.0
2840	1916.0
2850	1796.0
2860	1642.0
2870	1584.0
2880	2102.0
2890	1788.0
2900	1844.0
2910	1836.0
2920	1726.0
2930	2046.0
2940	1868.0
2950	1896.0
2960	1804.0
2970	1688.0
2980	1936.0
2990	1838.0
3000	1942.0
3010	1826.0
3020	1986.0
3030	1672.0
3040	2078.0
3050	1940.0
3060	1992.0
3070	1964.0
3080	1794.0
3090	2158.0
3100	2262.0
3110	1934.0
3120	1628.0
3130	1972.0
3140	1652.0
3150	2076.0
3160	2070.0
3170	2030.0
3180	1682.0
3190	1908.0
3200	1868.0
3210	1726.0
3220	2272.0
3230	1512.0
3240	1850.0
3250	1988.0
3260	1662.0
3270	1838.0
3280	1696.0
3290	1726.0
3300	1654.0
3310	1668.0
3320	1926.0
3330	1668.0
3340	1998.0
3350	1816.0
3360	1778.0
3370	1782.0
3380	2198.0
3390	2090.0
3400	1676.0
3410	2050.0
3420	1584.0
3430	1838.0
3440	1656.0
3450	1894.0
3460	1696.0
3470	1632.0
3480	1648.0
3490	1678.0
3500	1766.0
3510	2042.0
3520	1882.0
3530	1546.0
3540	1526.0
3550	2122.0
3560	1656.0
3570	1942.0
3580	1720.0
3590	1790.0
3600	2134.0
3610	2028.0
3620	1896.0
3630	2340.0
3640	1790.0
3650	1804.0
3660	1964.0
3670	2026.0
3680	1636.0
3690	1820.0
3700	1878.0
3710	1776.0
3720	1676.0
3730	1726.0
3740	2104.0
3750	2028.0
3760	1646.0
3770	1428.0
3780	1708.0
3790	1734.0
3800	1570.0
3810	1616.0
3820	1910.0
3830	2040.0
3840	1736.0
3850	1796.0
3860	1978.0
3870	1876.0
3880	1622.0
3890	1924.0
3900	1582.0
3910	1748.0
3920	1780.0
3930	1754.0
3940	1846.0
3950	1890.0
3960	1798.0
3970	1716.0
3980	1534.0
3990	1718.0
4000	1790.0
4010	1856.0
4020	1848.0
4030	1894.0
4040	1564.0
4050	1790.0
4060	1646.0
4070	1816.0
4080	2026.0
4090	2082.0
4100	1668.0
4110	1748.0
4120	1738.0
4130	1730.0
4140	1828.0
4150	1712.0
4160	2006.0
4170	1668.0
4180	1894.0
4190	1904.0
4200	1808.0
4210	1944.0
4220	1436.0
4230	1562.0
4240	1748.0
4250	1658.0
4260	1532.0
4270	1680.0
4280	1756.0
4290	1736.0
4300	1606.0
4310	1820.0
4320	1924.0
4330	1712.0
4340	1694.0
4350	1838.0
4360	1560.0
4370	1822.0
4380	1434.0
4390	1504.0
4400	1804.0
4410	1690.0
4420	1822.0
4430	1830.0
4440	1984.0
4450	1640.0
4460	1800.0
4470	1792.0
4480	1520.0
4490	1972.0
4500	1992.0
4510	1836.0
4520	1672.0
4530	1708.0
4540	1618.0
4550	1612.0
4560	1564.0
4570	1822.0
4580	1456.0
4590	1804.0
4600	1430.0
4610	1752.0
4620	1710.0
4630	1476.0
4640	1650.0
4650	1494.0
4660	1652.0
4670	1676.0
4680	1708.0
4690	1568.0
4700	1872.0
4710	1532.0
4720	1676.0
4730	1608.0
4740	1822.0
4750	1500.0
4760	1600.0
4770	1786.0
4780	1944.0
4790	1754.0
4800	1642.0
4810	2132.0
4820	1688.0
4830	1744.0
4840	1806.0
4850	1798.0
4860	1638.0
4870	1846.0
4880	1510.0
4890	1824.0
4900	2020.0
4910	1776.0
4920	1790.0
4930	1960.0
4940	1728.0
4950	1652.0
4960	1802.0
4970	1602.0
4980	1784.0
4990	1824.0
5000	1736.0
5010	1554.0
5020	1776.0
5030	2296.0
5040	1812.0
5050	1652.0
5060	1998.0
5070	1774.0
5080	1794.0
5090	1594.0
5100	1686.0
5110	1572.0
5120	1844.0
5130	1724.0
5140	1994.0
5150	1930.0
5160	1498.0
5170	1710.0
5180	1648.0
5190	1852.0
5200	1598.0
5210	1648.0
5220	1652.0
5230	1830.0
5240	1580.0
5250	1696.0
5260	1650.0
5270	1748.0
5280	1902.0
5290	1828.0
5300	1718.0
5310	1732.0
5320	2012.0
5330	1544.0
5340	1698.0
5350	1690.0
5360	1940.0
5370	1694.0
5380	1358.0
5390	1492.0
5400	1656.0
5410	1736.0
5420	1472.0
5430	1564.0
5440	1596.0
5450	2002.0
5460	1644.0
5470	1778.0
5480	2064.0
5490	1906.0
5500	1858.0
5510	1838.0
5520	1626.0
5530	1576.0
5540	1926.0
5550	1956.0
5560	1716.0
5570	1644.0
5580	1702.0
5590	1916.0
5600	1780.0
5610	1656.0
5620	1458.0
5630	1648.0
5640	1648.0
5650	1548.0
5660	1754.0
5670	1712.0
5680	1490.0
5690	1792.0
5700	1530.0
5710	1624.0
5720	2138.0
5730	1642.0
5740	1880.0
5750	1732.0
5760	1808.0
5770	1576.0
5780	1996.0
5790	1824.0
5800	1446.0
5810	1534.0
5820	1826.0
5830	1882.0
5840	1784.0
5850	1872.0
5860	1692.0
5870	1640.0
5880	1674.0
5890	1810.0
5900	1708.0
5910	1416.0
5920	1550.0
5930	1616.0
5940	1674.0
5950	1762.0
5960	1502.0
5970	1844.0
5980	1702.0
5990	1486.0
6000	1658.0
6010	1576.0
6020	1646.0
6030	1458.0
6040	1464.0
6050	1628.0
6060	1412.0
6070	1858.0
6080	1426.0
6090	1900.0
6100	1862.0
6110	1412.0
6120	1642.0
6130	1566.0
6140	1820.0
6150	1748.0
6160	1348.0
6170	1546.0
6180	1646.0
6190	1568.0
6200	1772.0
6210	1974.0
6220	1818.0
6230	1694.0
6240	1338.0
6250	1554.0
6260	1632.0
6270	1614.0
6280	1720.0
6290	1672.0
6300	1694.0
6310	1544.0
6320	1458.0
6330	1772.0
6340	1786.0
6350	1588.0
6360	1836.0
6370	1654.0
6380	1866.0
6390	1662.0
6400	1518.0
6410	1608.0
6420	1608.0
6430	1688.0
6440	1926.0
6450	1586.0
6460	1768.0
6470	1674.0
6480	1680.0
6490	1338.0
6500	1812.0
6510	1552.0
6520	1560.0
6530	1976.0
6540	1832.0
6550	1842.0
6560	1726.0
6570	1834.0
6580	1870.0
6590	1750.0
6600	1578.0
6610	1576.0
6620	1422.0
6630	1318.0
6640	1350.0
6650	1654.0
6660	1524.0
6670	1648.0
6680	1676.0
6690	1590.0
6700	1842.0
6710	1620.0
6720	1844.0
6730	1824.0
6740	1662.0
6750	1560.0
6760	1472.0
6770	1634.0
6780	1596.0
6790	1750.0
6800	1654.0
6810	1822.0
6820	1478.0
6830	1866.0
6840	1608.0
6850	1716.0
6860	1564.0
6870	1758.0
6880	1846.0
6890	1596.0
6900	1744.0
6910	1694.0
6920	1464.0
6930	1616.0
6940	1754.0
6950	1646.0
6960	1864.0
6970	1766.0
6980	1490.0
6990	1612.0
7000	1706.0
7010	1632.0
7020	1658.0
7030	1716.0
7040	1556.0
7050	1624.0
7060	1316.0
7070	1564.0
7080	1750.0
7090	1880.0
7100	1724.0
7110	1634.0
7120	1820.0
7130	1884.0
7140	1582.0
7150	1610.0
7160	1804.0
7170	1762.0
7180	1804.0
7190	1546.0
7200	1530.0
7210	1732.0
7220	1436.0
7230	1608.0
7240	1618.0
7250	1510.0
7260	1420.0
7270	1822.0
7280	1736.0
7290	1718.0
7300	1824.0
7310	1834.0
7320	1830.0
7330	1688.0
7340	1688.0
7350	1486.0
7360	1374.0
7370	1614.0
7380	1716.0
7390	1682.0
7400	1860.0
7410	1552.0
7420	1666.0
7430	1738.0
7440	1422.0
7450	1636.0
7460	1586.0
7470	1760.0
7480	1306.0
7490	1584.0
7500	1912.0
7510	1622.0
7520	1466.0
7530	1746.0
7540	1586.0
7550	1878.0
7560	1594.0
7570	1508.0
7580	1860.0
7590	1540.0
7600	1820.0
7610	1302.0
7620	1572.0
7630	1650.0
7640	1490.0
7650	1876.0
7660	1672.0
7670	1488.0
7680	1932.0
7690	1442.0
7700	1738.0
7710	1336.0
7720	1506.0
7730	1540.0
7740	1866.0
7750	1524.0
7760	1532.0
7770	1690.0
7780	1612.0
7790	1494.0
7800	1834.0
7810	1784.0
7820	1472.0
7830	1504.0
7840	1772.0
7850	1546.0
7860	1428.0
7870	1564.0
7880	1384.0
7890	1862.0
7900	1612.0
7910	1700.0
7920	1560.0
7930	1828.0
7940	1664.0
7950	1518.0
7960	1616.0
7970	1632.0
7980	1416.0
7990	1612.0
8000	1598.0
8010	1686.0
8020	1748.0
8030	1906.0
8040	1858.0
8050	1710.0
8060	1966.0
8070	1644.0
8080	1396.0
8090	1850.0
8100	1642.0
8110	1614.0
8120	1708.0
8130	1738.0
8140	2198.0
8150	1892.0
8160	1496.0
8170	1446.0
8180	1398.0
8190	1402.0
8200	1700.0
8210	1624.0
8220	1830.0
8230	1658.0
8240	1602.0
8250	1834.0
8260	1614.0
8270	1870.0
8280	1914.0
8290	2018.0
8300	1514.0
8310	1720.0
8320	1940.0
8330	1834.0
8340	1470.0
8350	1598.0
8360	1804.0
8370	1704.0
8380	1562.0
8390	1850.0
8400	1726.0
8410	1716.0
8420	1550.0
8430	1712.0
8440	1846.0
8450	1366.0
8460	1650.0
8470	1498.0
8480	1464.0
8490	1634.0
8500	1804.0
8510	1598.0
8520	1712.0
8530	1592.0
8540	1430.0
8550	1542.0
8560	1582.0
8570	1784.0
8580	1658.0
8590	1578.0
8600	1442.0
8610	1738.0
8620	1534.0
8630	1592.0
8640	1386.0
8650	1338.0
8660	1936.0
8670	1652.0
8680	1342.0
8690	1632.0
8700	1348.0
8710	1530.0
8720	1594.0
8730	1852.0
8740	1442.0
8750	1486.0
8760	1762.0
8770	1402.0
8780	1920.0
8790	1900.0
8800	1398.0
8810	1766.0
8820	1922.0
8830	1596.0
8840	1394.0
8850	1512.0
8860	1368.0
8870	1326.0
8880	1470.0
8890	1630.0
8900	1270.0
8910	1462.0
8920	1378.0
8930	1728.0
8940	1462.0
8950	1630.0
8960	1832.0
8970	1732.0
8980	1646.0
8990	1574.0
9000	1614.0
9010	1594.0
9020	1808.0
9030	1770.0
9040	1578.0
9050	1566.0
9060	1374.0
9070	1466.0
9080	1444.0
9090	1890.0
9100	1612.0
9110	1854.0
9120	1736.0
9130	1664.0
9140	1606.0
9150	1522.0
9160	1728.0
9170	1684.0
9180	1618.0
9190	1698.0
9200	1640.0
9210	1686.0
9220	1778.0
9230	1746.0
9240	1784.0
9250	1648.0
9260	1734.0
9270	1578.0
9280	1554.0
9290	1792.0
9300	1590.0
9310	1550.0
9320	1704.0
9330	1556.0
9340	1462.0
9350	1358.0
9360	1554.0
9370	1292.0
9380	1684.0
9390	1478.0
9400	1936.0
9410	1546.0
9420	1622.0
9430	1876.0
9440	1656.0
9450	1730.0
9460	1848.0
9470	1646.0
9480	1836.0
9490	1460.0
9500	1668.0
9510	1738.0
9520	1372.0
9530	1662.0
9540	1758.0
9550	1766.0
9560	1690.0
9570	1930.0
9580	1768.0
9590	1762.0
9600	1568.0
9610	1592.0
9620	1526.0
9630	1970.0
9640	1702.0
9650	1856.0
9660	1694.0
9670	1696.0
9680	1650.0
9690	1470.0
9700	1856.0
9710	1760.0
9720	1662.0
9730	1674.0
9740	1442.0
9750	1424.0
9760	1564.0
9770	1812.0
9780	1834.0
9790	1710.0
9800	1636.0
9810	1720.0
9820	1770.0
9830	1836.0
9840	1304.0
9850	1906.0
9860	1556.0
9870	1614.0
9880	1576.0
9890	1730.0
9900	1970.0
9910	1650.0
9920	1536.0
9930	1744.0
9940	1878.0
9950	1866.0
9960	1692.0
9970	1642.0
9980	1494.0
9990	1714.0
