#MCS	TotalEnergy
0	22960.0
10	25397.0
20	25112.0
30	24730.0
40	25189.0
50	24899.0
60	24965.0
70	24882.0
80	24894.0
90	24852.0
100	24805.0
110	24603.0
120	24610.0
130	24628.0
140	24384.0
150	24176.0
160	24249.0
170	23999.0
180	24173.0
190	24700.0
200	23996.0
210	24414.0
220	24097.0
230	24309.0
240	24348.0
250	24331.0
260	24114.0
270	24179.0
280	24501.0
290	24276.0
300	24085.0
310	24419.0
320	24461.0
330	24068.0
340	23849.0
350	24078.0
360	23968.0
370	24257.0
380	23938.0
390	24067.0
400	23841.0
410	24036.0
420	23758.0
430	24112.0
440	23985.0
450	23606.0
460	24084.0
470	24108.0
480	24196.0
490	23961.0
500	23941.0
510	24131.0
520	23612.0
530	23628.0
540	23642.0
550	23983.0
560	23977.0
570	23794.0
580	23937.0
590	23441.0
600	23853.0
610	23671.0
620	23838.0
630	23843.0
640	24022.0
650	24097.0
660	23808.0
670	24014.0
680	23683.0
690	23855.0
700	23749.0
710	23711.0
720	23489.0
730	24276.0
740	23374.0
750	23781.0
760	23514.0
770	23498.0
780	24029.0
790	23503.0
800	23195.0
810	23725.0
820	23749.0
830	23425.0
840	23702.0
850	23961.0
860	23729.0
870	23445.0
880	23514.0
890	23539.0
900	23339.0
910	23361.0
920	23294.0
930	23389.0
940	23518.0
950	23079.0
960	23524.0
970	23384.0
980	23308.0
990	23302.0
1000	23678.0
1010	23345.0
1020	23372.0
1030	23202.0
1040	23465.0
1050	22843.0
1060	23372.0
1070	23647.0
1080	23411.0
1090	23304.0
1100	23444.0
1110	23407.0
1120	23597.0
1130	23177.0
1140	23288.0
1150	23386.0
1160	23169.0
1170	23251.0
1180	22991.0
1190	23034.0
1200	23211.0
1210	23383.0
1220	23068.0
1230	23166.0
1240	22921.0
1250	23338.0
1260	23089.0
1270	23240.0
1280	23051.0
1290	23354.0
1300	22999.0
1310	23260.0
1320	23470.0
1330	23272.0
1340	23402.0
1350	23349.0
1360	22965.0
1370	23289.0
1380	23106.0
1390	23071.0
1400	23055.0
1410	23412.0
1420	22973.0
1430	23260.0
1440	23180.0
1450	23171.0
1460	23325.0
1470	23056.0
1480	23023.0
1490	22971.0
1500	23159.0
1510	23051.0
1520	22956.0
1530	23469.0
1540	23148.0
1550	22868.0
1560	22988.0
1570	23031.0
1580	23197.0
1590	23232.0
1600	23056.0
1610	23145.0
1620	22794.0
1630	22852.0
1640	22933.0
1650	22779.0
1660	23194.0
1670	22928.0
1680	23081.0
1690	22814.0
1700	23213.0
1710	23381.0
1720	22754.0
1730	23207.0
1740	23145.0
1750	23129.0
1760	23191.0
1770	22947.0
1780	23158.0
1790	22860.0
1800	23378.0
1810	23153.0
1820	23008.0
1830	23171.0
1840	23327.0
1850	23317.0
1860	22395.0
1870	23262.0
1880	22963.0
1890	23025.0
1900	22883.0
1910	23030.0
1920	22734.0
1930	23058.0
1940	23197.0
1950	22892.0
1960	22901.0
1970	23152.0
1980	22983.0
1990	22909.0
2000	23074.0
2010	23102.0
2020	23053.0
2030	22833.0
2040	23007.0
2050	23303.0
2060	22865.0
2070	23381.0
2080	22936.0
2090	22934.0
2100	22954.0
2110	23262.0
2120	22674.0
2130	22635.0
2140	23026.0
2150	22950.0
2160	22934.0
2170	22874.0
2180	22790.0
2190	23004.0
2200	22946.0
2210	23254.0
2220	22833.0
2230	23037.0
2240	23074.0
2250	23131.0
2260	23061.0
2270	22568.0
2280	23168.0
2290	22805.0
2300	22966.0
2310	22919.0
2320	22820.0
2330	23033.0
2340	22843.0
2350	22441.0
2360	22527.0
2370	22974.0
2380	22683.0
2390	22646.0
2400	22744.0
2410	22757.0
2420	23283.0
2430	23033.0
2440	23183.0
2450	23176.0
2460	22604.0
2470	23025.0
2480	22779.0
2490	22698.0
2500	22538.0
2510	22867.0
2520	23100.0
2530	22500.0
2540	23068.0
2550	22974.0
2560	22975.0
2570	22960.0
2580	23066.0
2590	22313.0
2600	22721.0
2610	22779.0
2620	22916.0
2630	22414.0
2640	22952.0
2650	22581.0
2660	22780.0
2670	22692.0
2680	22698.0
2690	22661.0
2700	22643.0
2710	22407.0
2720	22431.0
2730	22848.0
2740	22421.0
2750	22760.0
2760	22838.0
2770	22548.0
2780	22761.0
2790	22858.0
2800	22770.0
2810	22986.0
2820	22840.0
2830	23048.0
2840	22982.0
2850	23020.0
2860	22809.0
2870	22864.0
2880	23080.0
2890	23248.0
2900	22911.0
2910	22623.0
2920	22936.0
2930	22737.0
2940	22827.0
2950	22923.0
2960	22780.0
2970	22873.0
2980	22921.0
2990	22623.0
3000	22775.0
3010	22986.0
3020	23089.0
3030	22687.0
3040	22883.0
3050	22664.0
3060	22812.0
3070	22646.0
3080	22740.0
3090	22746.0
3100	23004.0
3110	22830.0
3120	22928.0
3130	22298.0
3140	22680.0
3150	22723.0
3160	22687.0
3170	23068.0
3180	22512.0
3190	22615.0
3200	22609.0
3210	22717.0
3220	22884.0
3230	22592.0
3240	23052.0
3250	22573.0
3260	22662.0
3270	23270.0
3280	22647.0
3290	22597.0
3300	22628.0
3310	22493.0
3320	22719.0
3330	22485.0
3340	22426.0
3350	22456.0
3360	22648.0
3370	22359.0
3380	22923.0
3390	22582.0
3400	22443.0
3410	22325.0
3420	22679.0
3430	22400.0
3440	22653.0
3450	22386.0
3460	22441.0
3470	22568.0
3480	22919.0
3490	22627.0
3500	22540.0
3510	22568.0
3520	22692.0
3530	22907.0
3540	22918.0
3550	22510.0
3560	22887.0
3570	22595.0
3580	23056.0
3590	22719.0
3600	22819.0
3610	22426.0
3620	22375.0
3630	22894.0
3640	22655.0
3650	22762.0
3660	22982.0
3670	22506.0
3680	22505.0
3690	22560.0
3700	22676.0
3710	22383.0
3720	22507.0
3730	22773.0
3740	22768.0
3750	22683.0
3760	22725.0
3770	22480.0
3780	22289.0
3790	22516.0
3800	22662.0
3810	22502.0
3820	22760.0
3830	22604.0
3840	22613.0
3850	23041.0
3860	22502.0
3870	22630.0
3880	22959.0
3890	22515.0
3900	22775.0
3910	22414.0
3920	22700.0
3930	22294.0
3940	22355.0
3950	22480.0
3960	22746.0
3970	22581.0
3980	22874.0
3990	22864.0
4000	22782.0
4010	22722.0
4020	22730.0
4030	22601.0
4040	22559.0
4050	22922.0
4060	22458.0
4070	22631.0
4080	22720.0
4090	22336.0
4100	22921.0
4110	22349.0
4120	22677.0
4130	22682.0
4140	22440.0
4150	22854.0
4160	22366.0
4170	22806.0
4180	22570.0
4190	22346.0
4200	22500.0
4210	22363.0
4220	22650.0
4230	22616.0
4240	22579.0
4250	22480.0
4260	22401.0
4270	22195.0
4280	22161.0
4290	22636.0
4300	22604.0
4310	22446.0
4320	23067.0
4330	22656.0
4340	22142.0
4350	22343.0
4360	22762.0
4370	22539.0
4380	22164.0
4390	22322.0
4400	22523.0
4410	22468.0
4420	22484.0
4430	22636.0
4440	22886.0
4450	22555.0
4460	22575.0
4470	22356.0
4480	22331.0
4490	22576.0
4500	22464.0
4510	22689.0
4520	22028.0
4530	22468.0
4540	22442.0
4550	21949.0
4560	22489.0
4570	22447.0
4580	22858.0
4590	22591.0
4600	22241.0
4610	22411.0
4620	22483.0
4630	22457.0
4640	22512.0
4650	22514.0
4660	22437.0
4670	22408.0
4680	22305.0
4690	22438.0
4700	22901.0
4710	22534.0
4720	22665.0
4730	22647.0
4740	22882.0
4750	22754.0
4760	22745.0
4770	22433.0
4780	22516.0
4790	22360.0
4800	22917.0
4810	22538.0
4820	22372.0
4830	22881.0
4840	23024.0
4850	22572.0
4860	22489.0
4870	22394.0
4880	22513.0
4890	22490.0
4900	22595.0
4910	22506.0
4920	22569.0
4930	22769.0
4940	22463.0
4950	22622.0
4960	22597.0
4970	22620.0
4980	22375.0
4990	22666.0
5000	22520.0
5010	23064.0
5020	22476.0
5030	22268.0
5040	22540.0
5050	22682.0
5060	22404.0
5070	22334.0
5080	22702.0
5090	22639.0
5100	22600.0
5110	22678.0
5120	22868.0
5130	22297.0
5140	22484.0
5150	22270.0
5160	22506.0
5170	22607.0
5180	22218.0
5190	22770.0
5200	21913.0
5210	22781.0
5220	22522.0
5230	22719.0
5240	22399.0
5250	22488.0
5260	22306.0
5270	22381.0
5280	22712.0
5290	22337.0
5300	22668.0
5310	22253.0
5320	22567.0
5330	22306.0
5340	22693.0
5350	22485.0
5360	22595.0
5370	22000.0
5380	22777.0
5390	22467.0
5400	22544.0
5410	22098.0
5420	22796.0
5430	22468.0
5440	22245.0
5450	22361.0
5460	22194.0
5470	22476.0
5480	22445.0
5490	22505.0
5500	22350.0
5510	22622.0
5520	22411.0
5530	22707.0
5540	22371.0
5550	22449.0
5560	22552.0
5570	22644.0
5580	22512.0
5590	22568.0
5600	22498.0
5610	22579.0
5620	22463.0
5630	22741.0
5640	22364.0
5650	22755.0
5660	22472.0
5670	22647.0
5680	22642.0
5690	22277.0
5700	22714.0
5710	22450.0
5720	22482.0
5730	22602.0
5740	23182.0
5750	22524.0
5760	22607.0
5770	22517.0
5780	22608.0
5790	22728.0
5800	22799.0
5810	22783.0
5820	22406.0
5830	22264.0
5840	22621.0
5850	22386.0
5860	22979.0
5870	22499.0
5880	22815.0
5890	22690.0
5900	22562.0
5910	22525.0
5920	22698.0
5930	22504.0
5940	22616.0
5950	22325.0
5960	22610.0
5970	22321.0
5980	22328.0
5990	22714.0
6000	22577.0
6010	22282.0
6020	22789.0
6030	22470.0
6040	22389.0
6050	22444.0
6060	22666.0
6070	22775.0
6080	22483.0
6090	22471.0
6100	22609.0
6110	22238.0
6120	22640.0
6130	22602.0
6140	22569.0
6150	22593.0
6160	22472.0
6170	22566.0
6180	22545.0
6190	22842.0
6200	22534.0
6210	22198.0
6220	22796.0
6230	22582.0
6240	22300.0
6250	22223.0
6260	22335.0
6270	22469.0
6280	22488.0
6290	22759.0
6300	22577.0
6310	22687.0
6320	23049.0
6330	22379.0
6340	22396.0
6350	22627.0
6360	22522.0
6370	22727.0
6380	22676.0
6390	22510.0
6400	22387.0
6410	22149.0
6420	22501.0
6430	22428.0
6440	22856.0
6450	22545.0
6460	22140.0
6470	22553.0
6480	22480.0
6490	22627.0
6500	22970.0
6510	22473.0
6520	22784.0
6530	22698.0
6540	22938.0
6550	22486.0
6560	22408.0
6570	22787.0
6580	22374.0
6590	22246.0
6600	22489.0
6610	22251.0
6620	22379.0
6630	22195.0
6640	22201.0
6650	22300.0
6660	22272.0
6670	22075.0
6680	22455.0
6690	22327.0
6700	22833.0
6710	22342.0
6720	22321.0
6730	22275.0
6740	22764.0
6750	22969.0
6760	22857.0
6770	22693.0
6780	22784.0
6790	22332.0
6800	22399.0
6810	22913.0
6820	22600.0
6830	22437.0
6840	22598.0
6850	22549.0
6860	22560.0
6870	22644.0
6880	23100.0
6890	22833.0
6900	22496.0
6910	22478.0
6920	22875.0
6930	22311.0
6940	22318.0
6950	22163.0
6960	22504.0
6970	22660.0
6980	23004.0
6990	22738.0
7000	22497.0
7010	22322.0
7020	22318.0
7030	22767.0
7040	22140.0
7050	22613.0
7060	22764.0
7070	22644.0
7080	22917.0
7090	22699.0
7100	22899.0
7110	22729.0
7120	22392.0
7130	22378.0
7140	22451.0
7150	22783.0
7160	22722.0
7170	23083.0
7180	22316.0
7190	22771.0
7200	23086.0
7210	22731.0
7220	22315.0
7230	22181.0
7240	22560.0
7250	22718.0
7260	22082.0
7270	22689.0
7280	22820.0
7290	22223.0
7300	22246.0
7310	22581.0
7320	22386.0
7330	22579.0
7340	22724.0
7350	22408.0
7360	22693.0
7370	22527.0
7380	22029.0
7390	22638.0
7400	22918.0
7410	22479.0
7420	22860.0
7430	22289.0
7440	22219.0
7450	22730.0
7460	22386.0
7470	22680.0
7480	22637.0
7490	22477.0
7500	22720.0
7510	22244.0
7520	22576.0
7530	22623.0
7540	22722.0
7550	22741.0
7560	22573.0
7570	22746.0
7580	22303.0
7590	22178.0
7600	22456.0
7610	22512.0
7620	22205.0
7630	22738.0
7640	22433.0
7650	22231.0
7660	22338.0
7670	22713.0
7680	22230.0
7690	22465.0
7700	22430.0
7710	22209.0
7720	22778.0
7730	22500.0
7740	22383.0
7750	22634.0
7760	22271.0
7770	22399.0
7780	22426.0
7790	22382.0
7800	22592.0
7810	22288.0
7820	22218.0
7830	22413.0
7840	22378.0
7850	22501.0
7860	22046.0
7870	22137.0
7880	22297.0
7890	22448.0
7900	22409.0
7910	22670.0
7920	22649.0
7930	22586.0
7940	22392.0
7950	22546.0
7960	22366.0
7970	22365.0
7980	22187.0
7990	21883.0
8000	22072.0
8010	22184.0
8020	22527.0
8030	22312.0
8040	22522.0
8050	21811.0
8060	22123.0
8070	22084.0
8080	22302.0
8090	21911.0
8100	22147.0
8110	21935.0
8120	22043.0
8130	22282.0
8140	22183.0
8150	22159.0
8160	21958.0
8170	22147.0
8180	21908.0
8190	21826.0
8200	22194.0
8210	22088.0
8220	21968.0
8230	22154.0
8240	22181.0
8250	21902.0
8260	22038.0
8270	22045.0
8280	21826.0
8290	22189.0
8300	22334.0
8310	21998.0
8320	22128.0
8330	21574.0
8340	22118.0
8350	21675.0
8360	22261.0
8370	22213.0
8380	21769.0
8390	21717.0
8400	22094.0
8410	22054.0
8420	21952.0
8430	22215.0
8440	21818.0
8450	21658.0
8460	21700.0
8470	21802.0
8480	21711.0
8490	21626.0
8500	21822.0
8510	22101.0
8520	22245.0
8530	21791.0
8540	21868.0
8550	22005.0
8560	21592.0
8570	21768.0
8580	21763.0
8590	21676.0
8600	21792.0
8610	21631.0
8620	21780.0
8630	21734.0
8640	22045.0
8650	21934.0
8660	22050.0
8670	21752.0
8680	21596.0
8690	21594.0
8700	21910.0
8710	21981.0
8720	21978.0
8730	21641.0
8740	21858.0
8750	21777.0
8760	21830.0
8770	21894.0
8780	21695.0
8790	21374.0
8800	21652.0
8810	21640.0
8820	21632.0
8830	21823.0
8840	21486.0
8850	21661.0
8860	21573.0
8870	21676.0
8880	21639.0
8890	22050.0
8900	21711.0
8910	21764.0
8920	21581.0
8930	21778.0
8940	21620.0
8950	21651.0
8960	21510.0
8970	21559.0
8980	21602.0
8990	21980.0
9000	21899.0
9010	21470.0
9020	21727.0
9030	21499.0
9040	21376.0
9050	21841.0
9060	21824.0
9070	21632.0
9080	21575.0
9090	21866.0
9100	21462.0
9110	21555.0
9120	21514.0
9130	21427.0
9140	21526.0
9150	21616.0
9160	21574.0
9170	21661.0
9180	21701.0
9190	21510.0
9200	21660.0
9210	21777.0
9220	21329.0
9230	21562.0
9240	21503.0
9250	21749.0
9260	21608.0
9270	21386.0
9280	21744.0
9290	21843.0
9300	21528.0
9310	21634.0
9320	21814.0
9330	21682.0
9340	21591.0
9350	21777.0
9360	21642.0
9370	21519.0
9380	21669.0
9390	21602.0
9400	21756.0
9410	21905.0
9420	21754.0
9430	21756.0
9440	21285.0
9450	22026.0
9460	21381.0
9470	21593.0
9480	21573.0
9490	21760.0
9500	21414.0
9510	21876.0
9520	21715.0
9530	21612.0
9540	21614.0
9550	21502.0
9560	21109.0
9570	21291.0
9580	21049.0
9590	21654.0
9600	21261.0
9610	21565.0
9620	21276.0
9630	21297.0
9640	21498.0
9650	21543.0
9660	21597.0
9670	21364.0
9680	21338.0
9690	21654.0
9700	21250.0
9710	21335.0
9720	21486.0
9730	21750.0
9740	21344.0
9750	21471.0
9760	21706.0
9770	21543.0
9780	21350.0
9790	21185.0
9800	21086.0
9810	21080.0
9820	21342.0
9830	21168.0
9840	21285.0
9850	21223.0
9860	21486.0
9870	21600.0
9880	21482.0
9890	21650.0
9900	21492.0
9910	21724.0
9920	21466.0
9930	21292.0
9940	21736.0
9950	21393.0
9960	21299.0
9970	21359.0
9980	20854.0
9990	21360.0
