#MCS	AdhesionEnergy
0	17302.0
10	15143.0
20	14675.0
30	13824.0
40	13710.0
50	13772.0
60	14019.0
70	13175.0
80	13556.0
90	13765.0
100	13458.0
110	13665.0
120	13641.0
130	13250.0
140	13534.0
150	13458.0
160	13477.0
170	13303.0
180	13284.0
190	13796.0
200	13574.0
210	13264.0
220	13472.0
230	13146.0
240	13320.0
250	13624.0
260	13331.0
270	13531.0
280	13546.0
290	13474.0
300	13604.0
310	13239.0
320	13541.0
330	13167.0
340	13215.0
350	13132.0
360	13244.0
370	13342.0
380	13142.0
390	13078.0
400	13088.0
410	13393.0
420	13216.0
430	13564.0
440	13318.0
450	13461.0
460	13115.0
470	13138.0
480	13162.0
490	13417.0
500	13056.0
510	13424.0
520	13237.0
530	13186.0
540	13450.0
550	13278.0
560	13245.0
570	13503.0
580	13707.0
590	13535.0
600	13490.0
610	13373.0
620	12963.0
630	13143.0
640	13452.0
650	13453.0
660	13216.0
670	13322.0
680	13381.0
690	13360.0
700	13212.0
710	13323.0
720	13488.0
730	13357.0
740	13245.0
750	13311.0
760	13308.0
770	13563.0
780	13332.0
790	13181.0
800	13380.0
810	13345.0
820	13124.0
830	13423.0
840	13420.0
850	13537.0
860	13420.0
870	13438.0
880	13200.0
890	13260.0
900	13488.0
910	13417.0
920	13507.0
930	13353.0
940	13477.0
950	13172.0
960	13163.0
970	13176.0
980	13513.0
990	13337.0
1000	13231.0
1010	13077.0
1020	13094.0
1030	13443.0
1040	13325.0
1050	13078.0
1060	13259.0
1070	13325.0
1080	13212.0
1090	13235.0
1100	13260.0
1110	13695.0
1120	13389.0
1130	13251.0
1140	13448.0
1150	13167.0
1160	13320.0
1170	13326.0
1180	13372.0
1190	13422.0
1200	13257.0
1210	13370.0
1220	13027.0
1230	13386.0
1240	13366.0
1250	13439.0
1260	13271.0
1270	13555.0
1280	13269.0
1290	13218.0
1300	13275.0
1310	13222.0
1320	13106.0
1330	13405.0
1340	13056.0
1350	13077.0
1360	13375.0
1370	13421.0
1380	13125.0
1390	13428.0
1400	13275.0
1410	13234.0
1420	13476.0
1430	13152.0
1440	13359.0
1450	13210.0
1460	12854.0
1470	13359.0
1480	13100.0
1490	12970.0
1500	12820.0
1510	13183.0
1520	13174.0
1530	12952.0
1540	13042.0
1550	13355.0
1560	13193.0
1570	13162.0
1580	13162.0
1590	13350.0
1600	13023.0
1610	13065.0
1620	13167.0
1630	13175.0
1640	13243.0
1650	13419.0
1660	13029.0
1670	13030.0
1680	13177.0
1690	13183.0
1700	13164.0
1710	13000.0
1720	13043.0
1730	12927.0
1740	13085.0
1750	13055.0
1760	13079.0
1770	13163.0
1780	12953.0
1790	13260.0
1800	13266.0
1810	12871.0
1820	12931.0
1830	13038.0
1840	12967.0
1850	13187.0
1860	13001.0
1870	13170.0
1880	13008.0
1890	13188.0
1900	13232.0
1910	12802.0
1920	12835.0
1930	13166.0
1940	13111.0
1950	13175.0
1960	13190.0
1970	13116.0
1980	13008.0
1990	13072.0
2000	13186.0
2010	12981.0
2020	12893.0
2030	12911.0
2040	12927.0
2050	13119.0
2060	13012.0
2070	13235.0
2080	13134.0
2090	13086.0
2100	13240.0
2110	13282.0
2120	13272.0
2130	13194.0
2140	13003.0
2150	13229.0
2160	13479.0
2170	13037.0
2180	13176.0
2190	12937.0
2200	13200.0
2210	13145.0
2220	12966.0
2230	13017.0
2240	13210.0
2250	13316.0
2260	13377.0
2270	13075.0
2280	13521.0
2290	13349.0
2300	13013.0
2310	13159.0
2320	13267.0
2330	13199.0
2340	13014.0
2350	13277.0
2360	13490.0
2370	13301.0
2380	13691.0
2390	13522.0
2400	12912.0
2410	13397.0
2420	13343.0
2430	13141.0
2440	13100.0
2450	13244.0
2460	13134.0
2470	13216.0
2480	12969.0
2490	13339.0
2500	13326.0
2510	13048.0
2520	13345.0
2530	13270.0
2540	13109.0
2550	12985.0
2560	13288.0
2570	13334.0
2580	13158.0
2590	13035.0
2600	13135.0
2610	13294.0
2620	13105.0
2630	13253.0
2640	13013.0
2650	13181.0
2660	13263.0
2670	13252.0
2680	13251.0
2690	13156.0
2700	13152.0
2710	13462.0
2720	12883.0
2730	13335.0
2740	13095.0
2750	12907.0
2760	13131.0
2770	13003.0
2780	13244.0
2790	13158.0
2800	13281.0
2810	13020.0
2820	13111.0
2830	13170.0
2840	13317.0
2850	13474.0
2860	13389.0
2870	13066.0
2880	13398.0
2890	13235.0
2900	13286.0
2910	13300.0
2920	13483.0
2930	13147.0
2940	13138.0
2950	13385.0
2960	13215.0
2970	13037.0
2980	13142.0
2990	13185.0
3000	13321.0
3010	13219.0
3020	13406.0
3030	13130.0
3040	13419.0
3050	13249.0
3060	13207.0
3070	13359.0
3080	13083.0
3090	13312.0
3100	13084.0
3110	13089.0
3120	13210.0
3130	13345.0
3140	13237.0
3150	13263.0
3160	13300.0
3170	13425.0
3180	13138.0
3190	13014.0
3200	13174.0
3210	13397.0
3220	13315.0
3230	13540.0
3240	13106.0
3250	13319.0
3260	13332.0
3270	13180.0
3280	13196.0
3290	13111.0
3300	13234.0
3310	13193.0
3320	13170.0
3330	12994.0
3340	13169.0
3350	13278.0
3360	13220.0
3370	13155.0
3380	12723.0
3390	13212.0
3400	13054.0
3410	13192.0
3420	13154.0
3430	13358.0
3440	13123.0
3450	12981.0
3460	13150.0
3470	13146.0
3480	12981.0
3490	13283.0
3500	13084.0
3510	13168.0
3520	13217.0
3530	13202.0
3540	13131.0
3550	13232.0
3560	13107.0
3570	13095.0
3580	13137.0
3590	13336.0
3600	13252.0
3610	13346.0
3620	13054.0
3630	13161.0
3640	13267.0
3650	13101.0
3660	13026.0
3670	12967.0
3680	13165.0
3690	13048.0
3700	13193.0
3710	13224.0
3720	13131.0
3730	13029.0
3740	13402.0
3750	13330.0
3760	13122.0
3770	13161.0
3780	12989.0
3790	13144.0
3800	13314.0
3810	13067.0
3820	12961.0
3830	12952.0
3840	13399.0
3850	12890.0
3860	13206.0
3870	13188.0
3880	13138.0
3890	13293.0
3900	13267.0
3910	13434.0
3920	13395.0
3930	12925.0
3940	13281.0
3950	13193.0
3960	13185.0
3970	13202.0
3980	13032.0
3990	12987.0
4000	13194.0
4010	13038.0
4020	13110.0
4030	12945.0
4040	13228.0
4050	13194.0
4060	12822.0
4070	13058.0
4080	13252.0
4090	12920.0
4100	12875.0
4110	12846.0
4120	12990.0
4130	13012.0
4140	12897.0
4150	12832.0
4160	13046.0
4170	13313.0
4180	12886.0
4190	12906.0
4200	12900.0
4210	13097.0
4220	13108.0
4230	13100.0
4240	13178.0
4250	13096.0
4260	13093.0
4270	12882.0
4280	13158.0
4290	13086.0
4300	13398.0
4310	12956.0
4320	13288.0
4330	13247.0
4340	13087.0
4350	13036.0
4360	13363.0
4370	13291.0
4380	13241.0
4390	13324.0
4400	13101.0
4410	13038.0
4420	13256.0
4430	13308.0
4440	13145.0
4450	12998.0
4460	12886.0
4470	13133.0
4480	13051.0
4490	13021.0
4500	13052.0
4510	12990.0
4520	13000.0
4530	13265.0
4540	12916.0
4550	13005.0
4560	12995.0
4570	13084.0
4580	13036.0
4590	13143.0
4600	12946.0
4610	13111.0
4620	13260.0
4630	13125.0
4640	13380.0
4650	13047.0
4660	13129.0
4670	13011.0
4680	13200.0
4690	13413.0
4700	12987.0
4710	13293.0
4720	13048.0
4730	12844.0
4740	13068.0
4750	12909.0
4760	13029.0
4770	13187.0
4780	13027.0
4790	12934.0
4800	13157.0
4810	13050.0
4820	13197.0
4830	13318.0
4840	12777.0
4850	12935.0
4860	13016.0
4870	12954.0
4880	13062.0
4890	13230.0
4900	13055.0
4910	13115.0
4920	13291.0
4930	13197.0
4940	12842.0
4950	13017.0
4960	12981.0
4970	12811.0
4980	13221.0
4990	13000.0
5000	13053.0
5010	12850.0
5020	13122.0
5030	13099.0
5040	13163.0
5050	12986.0
5060	12970.0
5070	12932.0
5080	13089.0
5090	13039.0
5100	13070.0
5110	13451.0
5120	13255.0
5130	12983.0
5140	13172.0
5150	13148.0
5160	13419.0
5170	12903.0
5180	12801.0
5190	13253.0
5200	13182.0
5210	13283.0
5220	12896.0
5230	13285.0
5240	13340.0
5250	13064.0
5260	12919.0
5270	13160.0
5280	13043.0
5290	13274.0
5300	12845.0
5310	13159.0
5320	12942.0
5330	13264.0
5340	13169.0
5350	13022.0
5360	13018.0
5370	13010.0
5380	13186.0
5390	13044.0
5400	13146.0
5410	12908.0
5420	13317.0
5430	13373.0
5440	13196.0
5450	13201.0
5460	13190.0
5470	13183.0
5480	12889.0
5490	13215.0
5500	13141.0
5510	13226.0
5520	13196.0
5530	13141.0
5540	13088.0
5550	13222.0
5560	13199.0
5570	12952.0
5580	13271.0
5590	13252.0
5600	13218.0
5610	13246.0
5620	13214.0
5630	13114.0
5640	13151.0
5650	13202.0
5660	13173.0
5670	13439.0
5680	13096.0
5690	13093.0
5700	12966.0
5710	13389.0
5720	13162.0
5730	12867.0
5740	13010.0
5750	12937.0
5760	13339.0
5770	13136.0
5780	13357.0
5790	13182.0
5800	13415.0
5810	13166.0
5820	13195.0
5830	13283.0
5840	13211.0
5850	13482.0
5860	13144.0
5870	13374.0
5880	13268.0
5890	13083.0
5900	13199.0
5910	13266.0
5920	13423.0
5930	13191.0
5940	13048.0
5950	13053.0
5960	13275.0
5970	13257.0
5980	13249.0
5990	13235.0
6000	13303.0
6010	13337.0
6020	13129.0
6030	13612.0
6040	13233.0
6050	12878.0
6060	13458.0
6070	13386.0
6080	13161.0
6090	13031.0
6100	13226.0
6110	12985.0
6120	13055.0
6130	13246.0
6140	12953.0
6150	13241.0
6160	13153.0
6170	13057.0
6180	13197.0
6190	13178.0
6200	13109.0
6210	12898.0
6220	13323.0
6230	13168.0
6240	13392.0
6250	13319.0
6260	13483.0
6270	13446.0
6280	13250.0
6290	13129.0
6300	13282.0
6310	12939.0
6320	13226.0
6330	13154.0
6340	13188.0
6350	13248.0
6360	13146.0
6370	13219.0
6380	13065.0
6390	13404.0
6400	13151.0
6410	13217.0
6420	12988.0
6430	13317.0
6440	13141.0
6450	13150.0
6460	13276.0
6470	13004.0
6480	13159.0
6490	13145.0
6500	13226.0
6510	13300.0
6520	13161.0
6530	13232.0
6540	13408.0
6550	13134.0
6560	13339.0
6570	13190.0
6580	13154.0
6590	13232.0
6600	13199.0
6610	13274.0
6620	13120.0
6630	13176.0
6640	13019.0
6650	13186.0
6660	13185.0
6670	13364.0
6680	13080.0
6690	13039.0
6700	13164.0
6710	13041.0
6720	13211.0
6730	13093.0
6740	13419.0
6750	13348.0
6760	13371.0
6770	13383.0
6780	13185.0
6790	12927.0
6800	13329.0
6810	13117.0
6820	13388.0
6830	13096.0
6840	13152.0
6850	13009.0
6860	13053.0
6870	13257.0
6880	13168.0
6890	13097.0
6900	13294.0
6910	13273.0
6920	13198.0
6930	13148.0
6940	13143.0
6950	12967.0
6960	13000.0
6970	13084.0
6980	12949.0
6990	12844.0
7000	13153.0
7010	13081.0
7020	12891.0
7030	12921.0
7040	13033.0
7050	12957.0
7060	12952.0
7070	13094.0
7080	13022.0
7090	13042.0
7100	12979.0
7110	13136.0
7120	13096.0
7130	13177.0
7140	13196.0
7150	13298.0
7160	12965.0
7170	12892.0
7180	13107.0
7190	13055.0
7200	13127.0
7210	13109.0
7220	12702.0
7230	12852.0
7240	12947.0
7250	13055.0
7260	13134.0
7270	13260.0
7280	13168.0
7290	13105.0
7300	13145.0
7310	13212.0
7320	13118.0
7330	12916.0
7340	13074.0
7350	13282.0
7360	13229.0
7370	12940.0
7380	13127.0
7390	13237.0
7400	13236.0
7410	13265.0
7420	13166.0
7430	12980.0
7440	13015.0
7450	13118.0
7460	13119.0
7470	13707.0
7480	13245.0
7490	13241.0
7500	13076.0
7510	13540.0
7520	13404.0
7530	13221.0
7540	13128.0
7550	13149.0
7560	12931.0
7570	13230.0
7580	13127.0
7590	13093.0
7600	13084.0
7610	13185.0
7620	13137.0
7630	13289.0
7640	13248.0
7650	13064.0
7660	13299.0
7670	13093.0
7680	13175.0
7690	13411.0
7700	13254.0
7710	13362.0
7720	13304.0
7730	13184.0
7740	13040.0
7750	13032.0
7760	13375.0
7770	13076.0
7780	13171.0
7790	12941.0
7800	13243.0
7810	13114.0
7820	12911.0
7830	13066.0
7840	12999.0
7850	13153.0
7860	13146.0
7870	13119.0
7880	12973.0
7890	13242.0
7900	13151.0
7910	13375.0
7920	13376.0
7930	13201.0
7940	13438.0
7950	13217.0
7960	13211.0
7970	13138.0
7980	13421.0
7990	13707.0
8000	13199.0
8010	13164.0
8020	13518.0
8030	13077.0
8040	13184.0
8050	13310.0
8060	13014.0
8070	13049.0
8080	13275.0
8090	13260.0
8100	13415.0
8110	13365.0
8120	13657.0
8130	13133.0
8140	13219.0
8150	12839.0
8160	13418.0
8170	13197.0
8180	13056.0
8190	13257.0
8200	13077.0
8210	13308.0
8220	13052.0
8230	12947.0
8240	12818.0
8250	13109.0
8260	13131.0
8270	13193.0
8280	13170.0
8290	13178.0
8300	13058.0
8310	13100.0
8320	13278.0
8330	13314.0
8340	13247.0
8350	13172.0
8360	13156.0
8370	13234.0
8380	12943.0
8390	13082.0
8400	13052.0
8410	12883.0
8420	13206.0
8430	13211.0
8440	13101.0
8450	12827.0
8460	12911.0
8470	13006.0
8480	12895.0
8490	13032.0
8500	13233.0
8510	13050.0
8520	13134.0
8530	13186.0
8540	12911.0
8550	12963.0
8560	13309.0
8570	13196.0
8580	13037.0
8590	13236.0
8600	12994.0
8610	13090.0
8620	13233.0
8630	12918.0
8640	13224.0
8650	13084.0
8660	13187.0
8670	13130.0
8680	13132.0
8690	12959.0
8700	12992.0
8710	12895.0
8720	13065.0
8730	13155.0
8740	13060.0
8750	12910.0
8760	13144.0
8770	13122.0
8780	12924.0
8790	13010.0
8800	13188.0
8810	13138.0
8820	13093.0
8830	13147.0
8840	12985.0
8850	13226.0
8860	13123.0
8870	13294.0
8880	13215.0
8890	13066.0
8900	13069.0
8910	13057.0
8920	13106.0
8930	13286.0
8940	13186.0
8950	13286.0
8960	13059.0
8970	12955.0
8980	13257.0
8990	13121.0
9000	13138.0
9010	13135.0
9020	12928.0
9030	12976.0
9040	12979.0
9050	13246.0
9060	13195.0
9070	13169.0
9080	12879.0
9090	13137.0
9100	13246.0
9110	13084.0
9120	13214.0
9130	12970.0
9140	12798.0
9150	12822.0
9160	13238.0
9170	12874.0
9180	12851.0
9190	13121.0
9200	13052.0
9210	13145.0
9220	13118.0
9230	13047.0
9240	12895.0
9250	12791.0
9260	13202.0
9270	13062.0
9280	13222.0
9290	13258.0
9300	12917.0
9310	13126.0
9320	12929.0
9330	13108.0
9340	12975.0
9350	13070.0
9360	13070.0
9370	13147.0
9380	13090.0
9390	13284.0
9400	12992.0
9410	12872.0
9420	12902.0
9430	12889.0
9440	12945.0
9450	13058.0
9460	12969.0
9470	12973.0
9480	13100.0
9490	13364.0
9500	13252.0
9510	13005.0
9520	12758.0
9530	12856.0
9540	13028.0
9550	13169.0
9560	13111.0
9570	13004.0
9580	13250.0
9590	12964.0
9600	13029.0
9610	13122.0
9620	12907.0
9630	12806.0
9640	12959.0
9650	12994.0
9660	12971.0
9670	12825.0
9680	13112.0
9690	13134.0
9700	12813.0
9710	12850.0
9720	12964.0
9730	13203.0
9740	13314.0
9750	13285.0
9760	13077.0
9770	13066.0
9780	13119.0
9790	13030.0
9800	13230.0
9810	13256.0
9820	12788.0
9830	13105.0
9840	13071.0
9850	13014.0
9860	13198.0
9870	13106.0
9880	13181.0
9890	12958.0
9900	12898.0
9910	12972.0
9920	13122.0
9930	13183.0
9940	13189.0
9950	13065.0
9960	13110.0
9970	13038.0
9980	13183.0
9990	12774.0
