#MCS	TotalEnergy
0	18020.0
10	16615.0
20	16051.0
30	15252.0
40	14850.0
50	15060.0
60	15057.0
70	14659.0
80	15106.0
90	14929.0
100	14624.0
110	14881.0
120	14823.0
130	14574.0
140	14948.0
150	14728.0
160	14769.0
170	14717.0
180	14548.0
190	15270.0
200	14874.0
210	14546.0
220	14754.0
230	14408.0
240	14462.0
250	14852.0
260	14529.0
270	14753.0
280	14634.0
290	14852.0
300	15120.0
310	14567.0
320	14839.0
330	14359.0
340	14387.0
350	14382.0
360	14598.0
370	14826.0
380	14414.0
390	14300.0
400	14396.0
410	14705.0
420	14678.0
430	14994.0
440	14830.0
450	14537.0
460	14185.0
470	14370.0
480	14322.0
490	14835.0
500	14466.0
510	14712.0
520	14357.0
530	14666.0
540	14838.0
550	14618.0
560	14533.0
570	14951.0
580	14845.0
590	14879.0
600	14780.0
610	14659.0
620	14283.0
630	14479.0
640	14826.0
650	14845.0
660	14674.0
670	14608.0
680	14637.0
690	14688.0
700	14420.0
710	14529.0
720	14946.0
730	14503.0
740	14599.0
750	14665.0
760	14642.0
770	14961.0
780	14662.0
790	14301.0
800	14416.0
810	14563.0
820	14396.0
830	14493.0
840	14704.0
850	14799.0
860	14500.0
870	14876.0
880	14702.0
890	14726.0
900	14824.0
910	14879.0
920	14957.0
930	14577.0
940	14799.0
950	14514.0
960	14649.0
970	14392.0
980	14775.0
990	14991.0
1000	14635.0
1010	14459.0
1020	14344.0
1030	14871.0
1040	14579.0
1050	14536.0
1060	14545.0
1070	14877.0
1080	14730.0
1090	14703.0
1100	14546.0
1110	15061.0
1120	14591.0
1130	14561.0
1140	14782.0
1150	14353.0
1160	14534.0
1170	14596.0
1180	14890.0
1190	14602.0
1200	14539.0
1210	14812.0
1220	14237.0
1230	14884.0
1240	14842.0
1250	14887.0
1260	14771.0
1270	14535.0
1280	14347.0
1290	14306.0
1300	14661.0
1310	14790.0
1320	14278.0
1330	14805.0
1340	14356.0
1350	14365.0
1360	14617.0
1370	14639.0
1380	14357.0
1390	14674.0
1400	14333.0
1410	14524.0
1420	14696.0
1430	14516.0
1440	14703.0
1450	14514.0
1460	14262.0
1470	14771.0
1480	14368.0
1490	14134.0
1500	14074.0
1510	14567.0
1520	14426.0
1530	14472.0
1540	14476.0
1550	14597.0
1560	14281.0
1570	14216.0
1580	14284.0
1590	14602.0
1600	14107.0
1610	14243.0
1620	14379.0
1630	14415.0
1640	14393.0
1650	14541.0
1660	14401.0
1670	14296.0
1680	14447.0
1690	14461.0
1700	14570.0
1710	14474.0
1720	14303.0
1730	14265.0
1740	14435.0
1750	14347.0
1760	14253.0
1770	14389.0
1780	14189.0
1790	14434.0
1800	14576.0
1810	14321.0
1820	14307.0
1830	14260.0
1840	14381.0
1850	14469.0
1860	14211.0
1870	14532.0
1880	14388.0
1890	14486.0
1900	14472.0
1910	13938.0
1920	14069.0
1930	14542.0
1940	14631.0
1950	14613.0
1960	14352.0
1970	14278.0
1980	14254.0
1990	14348.0
2000	14398.0
2010	14223.0
2020	14267.0
2030	14287.0
2040	14239.0
2050	14397.0
2060	14336.0
2070	14401.0
2080	14290.0
2090	14076.0
2100	14502.0
2110	14456.0
2120	14570.0
2130	14340.0
2140	14165.0
2150	14303.0
2160	14509.0
2170	14223.0
2180	14188.0
2190	14085.0
2200	14526.0
2210	14227.0
2220	14050.0
2230	14355.0
2240	14532.0
2250	14422.0
2260	14547.0
2270	14515.0
2280	14803.0
2290	14757.0
2300	14339.0
2310	14249.0
2320	14427.0
2330	14327.0
2340	14302.0
2350	14427.0
2360	14676.0
2370	14439.0
2380	14849.0
2390	14772.0
2400	14004.0
2410	14641.0
2420	14489.0
2430	14151.0
2440	14324.0
2450	14370.0
2460	14270.0
2470	14416.0
2480	14095.0
2490	14803.0
2500	14406.0
2510	14292.0
2520	14495.0
2530	14502.0
2540	14251.0
2550	14123.0
2560	14362.0
2570	14536.0
2580	14376.0
2590	14229.0
2600	14379.0
2610	14464.0
2620	14317.0
2630	14649.0
2640	14269.0
2650	14397.0
2660	14571.0
2670	14712.0
2680	14635.0
2690	14688.0
2700	14702.0
2710	14768.0
2720	14565.0
2730	14713.0
2740	14443.0
2750	14253.0
2760	14705.0
2770	14175.0
2780	14604.0
2790	14628.0
2800	14653.0
2810	14288.0
2820	14389.0
2830	14404.0
2840	14513.0
2850	14600.0
2860	14417.0
2870	14228.0
2880	14706.0
2890	14463.0
2900	14516.0
2910	14332.0
2920	14523.0
2930	14269.0
2940	14410.0
2950	14411.0
2960	14421.0
2970	14325.0
2980	14550.0
2990	14535.0
3000	14495.0
3010	14321.0
3020	14478.0
3030	14192.0
3040	14493.0
3050	14451.0
3060	14333.0
3070	14289.0
3080	14191.0
3090	14594.0
3100	14346.0
3110	14291.0
3120	14436.0
3130	14483.0
3140	14447.0
3150	14567.0
3160	14692.0
3170	14671.0
3180	14190.0
3190	14306.0
3200	14402.0
3210	14691.0
3220	14305.0
3230	14766.0
3240	14228.0
3250	14723.0
3260	14510.0
3270	14644.0
3280	14450.0
3290	14461.0
3300	14542.0
3310	14535.0
3320	14344.0
3330	14214.0
3340	14523.0
3350	14396.0
3360	14246.0
3370	14339.0
3380	14023.0
3390	14398.0
3400	13994.0
3410	14446.0
3420	14318.0
3430	14742.0
3440	14547.0
3450	14441.0
3460	14468.0
3470	14614.0
3480	14277.0
3490	14723.0
3500	14384.0
3510	14438.0
3520	14599.0
3530	14492.0
3540	14581.0
3550	14550.0
3560	14311.0
3570	14247.0
3580	14437.0
3590	14584.0
3600	14590.0
3610	14674.0
3620	14094.0
3630	14347.0
3640	14383.0
3650	14303.0
3660	14452.0
3670	14019.0
3680	14581.0
3690	14356.0
3700	14465.0
3710	14482.0
3720	14223.0
3730	14095.0
3740	14452.0
3750	14402.0
3760	14350.0
3770	14473.0
3780	14035.0
3790	14374.0
3800	14524.0
3810	14319.0
3820	14345.0
3830	14126.0
3840	14903.0
3850	13952.0
3860	14154.0
3870	14498.0
3880	14278.0
3890	14389.0
3900	14263.0
3910	14530.0
3920	14431.0
3930	13909.0
3940	14457.0
3950	14221.0
3960	14387.0
3970	14294.0
3980	14346.0
3990	14139.0
4000	14298.0
4010	14230.0
4020	14334.0
4030	14093.0
4040	14440.0
4050	14612.0
4060	13970.0
4070	14230.0
4080	14198.0
4090	14114.0
4100	14133.0
4110	14108.0
4120	14198.0
4130	14152.0
4140	13933.0
4150	13992.0
4160	14366.0
4170	14823.0
4180	14128.0
4190	14136.0
4200	14220.0
4210	14479.0
4220	14534.0
4230	14474.0
4240	14264.0
4250	14234.0
4260	14419.0
4270	14140.0
4280	14198.0
4290	14184.0
4300	14696.0
4310	14000.0
4320	14348.0
4330	14457.0
4340	14587.0
4350	14262.0
4360	14647.0
4370	14649.0
4380	14355.0
4390	14436.0
4400	14559.0
4410	14300.0
4420	14220.0
4430	14684.0
4440	14257.0
4450	14226.0
4460	14232.0
4470	14565.0
4480	14315.0
4490	14249.0
4500	14130.0
4510	14428.0
4520	14276.0
4530	14413.0
4540	14112.0
4550	14143.0
4560	14169.0
4570	14412.0
4580	14384.0
4590	14473.0
4600	14152.0
4610	14291.0
4620	14546.0
4630	14297.0
4640	14592.0
4650	14217.0
4660	14359.0
4670	14211.0
4680	14406.0
4690	14659.0
4700	14183.0
4710	14509.0
4720	14338.0
4730	14232.0
4740	14314.0
4750	14123.0
4760	14265.0
4770	14507.0
4780	14155.0
4790	13942.0
4800	14135.0
4810	14306.0
4820	14473.0
4830	14530.0
4840	14027.0
4850	14257.0
4860	14150.0
4870	14228.0
4880	14604.0
4890	14458.0
4900	14293.0
4910	14439.0
4920	14743.0
4930	14425.0
4940	14098.0
4950	14413.0
4960	14337.0
4970	14037.0
4980	14565.0
4990	14372.0
5000	14273.0
5010	14132.0
5020	14358.0
5030	14303.0
5040	14495.0
5050	14248.0
5060	14304.0
5070	14406.0
5080	14333.0
5090	14405.0
5100	14114.0
5110	14597.0
5120	14607.0
5130	14193.0
5140	14238.0
5150	14418.0
5160	14563.0
5170	14197.0
5180	14119.0
5190	14693.0
5200	14518.0
5210	14601.0
5220	14188.0
5230	14611.0
5240	14590.0
5250	14544.0
5260	14359.0
5270	14410.0
5280	14521.0
5290	14614.0
5300	14193.0
5310	14631.0
5320	14382.0
5330	14856.0
5340	14405.0
5350	14324.0
5360	14252.0
5370	14230.0
5380	14344.0
5390	14048.0
5400	14308.0
5410	14058.0
5420	14599.0
5430	14651.0
5440	14312.0
5450	14211.0
5460	14434.0
5470	14417.0
5480	13995.0
5490	14365.0
5500	14305.0
5510	14628.0
5520	14406.0
5530	14535.0
5540	14286.0
5550	14316.0
5560	14349.0
5570	14152.0
5580	14407.0
5590	14566.0
5600	14320.0
5610	14420.0
5620	14624.0
5630	14332.0
5640	14385.0
5650	14368.0
5660	14345.0
5670	14613.0
5680	14312.0
5690	14261.0
5700	14114.0
5710	14633.0
5720	14652.0
5730	14057.0
5740	14396.0
5750	14151.0
5760	14459.0
5770	14270.0
5780	14569.0
5790	14274.0
5800	14641.0
5810	14522.0
5820	14573.0
5830	14521.0
5840	14369.0
5850	14812.0
5860	14380.0
5870	14524.0
5880	14430.0
5890	14451.0
5900	14511.0
5910	14794.0
5920	14715.0
5930	14579.0
5940	14426.0
5950	14381.0
5960	14571.0
5970	14477.0
5980	14625.0
5990	14505.0
6000	14569.0
6010	14663.0
6020	14419.0
6030	14810.0
6040	14463.0
6050	14046.0
6060	14454.0
6070	14580.0
6080	14309.0
6090	14139.0
6100	14416.0
6110	14331.0
6120	14275.0
6130	14628.0
6140	14161.0
6150	14589.0
6160	14627.0
6170	14233.0
6180	14415.0
6190	14510.0
6200	14199.0
6210	14138.0
6220	14489.0
6230	14204.0
6240	14662.0
6250	14687.0
6260	14919.0
6270	14614.0
6280	14740.0
6290	14427.0
6300	14528.0
6310	14279.0
6320	14564.0
6330	14568.0
6340	14374.0
6350	14472.0
6360	14466.0
6370	14537.0
6380	14409.0
6390	14610.0
6400	14465.0
6410	14515.0
6420	14226.0
6430	14575.0
6440	14361.0
6450	14458.0
6460	14522.0
6470	14210.0
6480	14523.0
6490	14335.0
6500	14390.0
6510	14518.0
6520	14383.0
6530	14406.0
6540	14684.0
6550	14312.0
6560	14483.0
6570	14604.0
6580	14646.0
6590	14560.0
6600	14407.0
6610	14622.0
6620	14146.0
6630	14348.0
6640	14163.0
6650	14498.0
6660	14337.0
6670	14634.0
6680	14354.0
6690	14089.0
6700	14230.0
6710	14319.0
6720	14439.0
6730	14347.0
6740	14513.0
6750	14440.0
6760	14781.0
6770	14465.0
6780	14505.0
6790	14221.0
6800	14705.0
6810	14547.0
6820	14684.0
6830	14146.0
6840	14628.0
6850	14369.0
6860	14397.0
6870	14489.0
6880	14402.0
6890	14263.0
6900	14680.0
6910	14485.0
6920	14344.0
6930	14474.0
6940	14291.0
6950	14239.0
6960	14312.0
6970	14148.0
6980	14271.0
6990	13968.0
7000	14533.0
7010	14415.0
7020	14373.0
7030	14381.0
7040	14505.0
7050	14557.0
7060	14264.0
7070	14410.0
7080	14202.0
7090	14334.0
7100	14207.0
7110	14536.0
7120	14416.0
7130	14713.0
7140	14600.0
7150	14740.0
7160	14285.0
7170	14094.0
7180	14407.0
7190	14265.0
7200	14221.0
7210	14377.0
7220	14022.0
7230	13950.0
7240	14269.0
7250	14361.0
7260	14438.0
7270	14588.0
7280	14592.0
7290	14595.0
7300	14365.0
7310	14230.0
7320	14232.0
7330	14196.0
7340	14224.0
7350	14630.0
7360	14631.0
7370	14212.0
7380	14363.0
7390	14389.0
7400	14494.0
7410	14709.0
7420	14426.0
7430	14324.0
7440	14303.0
7450	14236.0
7460	14239.0
7470	14739.0
7480	14425.0
7490	14485.0
7500	14516.0
7510	14632.0
7520	14648.0
7530	14443.0
7540	14324.0
7550	14211.0
7560	14067.0
7570	14416.0
7580	14377.0
7590	14213.0
7600	14394.0
7610	14509.0
7620	14443.0
7630	14431.0
7640	14488.0
7650	14244.0
7660	14363.0
7670	14259.0
7680	14659.0
7690	14559.0
7700	14634.0
7710	14596.0
7720	14648.0
7730	14522.0
7740	14358.0
7750	14278.0
7760	14755.0
7770	14284.0
7780	14299.0
7790	14355.0
7800	14477.0
7810	14578.0
7820	14291.0
7830	14266.0
7840	14449.0
7850	14297.0
7860	14580.0
7870	14393.0
7880	14389.0
7890	14520.0
7900	14435.0
7910	14555.0
7920	14636.0
7930	14569.0
7940	14814.0
7950	14617.0
7960	14529.0
7970	14430.0
7980	14463.0
7990	14749.0
8000	14355.0
8010	14670.0
8020	14812.0
8030	14363.0
8040	14250.0
8050	14518.0
8060	14356.0
8070	14407.0
8080	14475.0
8090	14234.0
8100	14595.0
8110	14461.0
8120	14883.0
8130	14389.0
8140	14405.0
8150	13859.0
8160	14578.0
8170	14537.0
8180	14498.0
8190	14657.0
8200	14431.0
8210	14480.0
8220	14214.0
8230	14165.0
8240	14064.0
8250	14311.0
8260	14459.0
8270	14539.0
8280	14438.0
8290	14432.0
8300	14374.0
8310	14210.0
8320	14600.0
8330	14454.0
8340	14601.0
8350	14482.0
8360	14418.0
8370	14548.0
8380	14151.0
8390	14358.0
8400	14494.0
8410	14337.0
8420	14374.0
8430	14595.0
8440	14461.0
8450	14009.0
8460	14235.0
8470	14132.0
8480	14171.0
8490	14594.0
8500	14427.0
8510	14240.0
8520	14284.0
8530	14396.0
8540	14299.0
8550	14417.0
8560	14679.0
8570	14282.0
8580	14205.0
8590	14328.0
8600	14254.0
8610	14176.0
8620	14375.0
8630	14136.0
8640	14468.0
8650	14384.0
8660	14621.0
8670	14382.0
8680	14290.0
8690	14119.0
8700	14496.0
8710	14203.0
8720	14191.0
8730	14411.0
8740	14122.0
8750	13826.0
8760	14298.0
8770	14212.0
8780	14110.0
8790	14204.0
8800	14570.0
8810	14358.0
8820	14313.0
8830	14223.0
8840	14069.0
8850	14422.0
8860	14329.0
8870	14430.0
8880	14357.0
8890	14472.0
8900	14309.0
8910	14385.0
8920	14418.0
8930	14282.0
8940	14658.0
8950	14526.0
8960	14235.0
8970	14545.0
8980	14553.0
8990	14415.0
9000	14400.0
9010	14691.0
9020	14228.0
9030	14392.0
9040	14533.0
9050	14590.0
9060	14401.0
9070	14369.0
9080	14425.0
9090	14389.0
9100	14548.0
9110	14448.0
9120	14374.0
9130	14242.0
9140	14262.0
9150	14170.0
9160	14642.0
9170	14134.0
9180	14161.0
9190	14431.0
9200	14300.0
9210	14563.0
9220	14594.0
9230	14471.0
9240	14183.0
9250	14069.0
9260	14466.0
9270	14380.0
9280	14484.0
9290	14470.0
9300	14153.0
9310	14520.0
9320	14253.0
9330	14272.0
9340	14307.0
9350	14500.0
9360	14128.0
9370	14189.0
9380	14222.0
9390	14374.0
9400	14138.0
9410	13872.0
9420	14010.0
9430	14031.0
9440	14163.0
9450	14240.0
9460	14333.0
9470	14237.0
9480	14326.0
9490	14614.0
9500	14502.0
9510	14179.0
9520	14192.0
9530	14232.0
9540	14372.0
9550	14293.0
9560	14357.0
9570	14360.0
9580	14438.0
9590	14192.0
9600	14215.0
9610	14150.0
9620	13897.0
9630	14158.0
9640	14145.0
9650	14266.0
9660	14087.0
9670	14045.0
9680	14332.0
9690	14326.0
9700	14127.0
9710	14092.0
9720	14304.0
9730	14293.0
9740	14428.0
9750	14501.0
9760	14159.0
9770	14048.0
9780	14481.0
9790	14336.0
9800	14478.0
9810	14728.0
9820	14292.0
9830	14467.0
9840	14539.0
9850	14634.0
9860	14660.0
9870	14500.0
9880	14489.0
9890	14424.0
9900	14142.0
9910	14414.0
9920	14296.0
9930	14459.0
9940	14385.0
9950	14305.0
9960	14446.0
9970	14158.0
9980	14653.0
9990	14052.0
