#MCS	Adhesion_energy
0	102172.5
100	85908.0
200	83818.5
300	83394.0
400	83496.0
500	81754.5
600	82060.5
700	82059.0
800	81705.0
900	82435.5
1000	82624.5
1100	81724.5
1200	82891.5
1300	81396.0
1400	83673.0
1500	83476.5
1600	83983.5
1700	82756.5
1800	81895.5
1900	82618.5
2000	84042.0
2100	82549.5
2200	82618.5
2300	82819.5
2400	83499.0
2500	83937.0
2600	82083.0
2700	84823.5
2800	82915.5
2900	83317.5
3000	84195.0
3100	83827.5
3200	83148.0
3300	85044.0
3400	83214.0
3500	83745.0
3600	85452.0
3700	83776.5
3800	84628.5
3900	85770.0
4000	84571.5
4100	85174.5
4200	84219.0
4300	84885.0
4400	84484.5
4500	85864.5
4600	86068.5
4700	88093.5
4800	86595.0
4900	87339.0
5000	87310.5
5100	86574.0
5200	87966.0
5300	87585.0
5400	89419.5
5500	87417.0
5600	87609.0
5700	89209.5
5800	89199.0
5900	89914.5
6000	87195.0
6100	90025.5
6200	89527.5
6300	91114.5
6400	91522.5
6500	89893.5
6600	91180.5
6700	90457.5
6800	89845.5
6900	89886.0
7000	90435.0
7100	91075.5
7200	91200.0
7300	91855.5
7400	91090.5
7500	92301.0
7600	91929.0
7700	93240.0
7800	92323.5
7900	93571.5
8000	93007.5
8100	94140.0
8200	92091.0
8300	93459.0
8400	93621.0
8500	94111.5
8600	94422.0
8700	93270.0
8800	93733.5
8900	94662.0
9000	94398.0
9100	94860.0
9200	94893.0
9300	95650.5
9400	95700.0
9500	96882.0
9600	95937.0
9700	96459.0
9800	96132.0
9900	95467.5
10000	96115.5
10100	97066.5
10200	96295.5
10300	97972.5
10400	97576.5
10500	98478.0
10600	98841.0
10700	99663.0
10800	98155.5
10900	97221.0
11000	98808.0
11100	99957.0
11200	99706.5
11300	99346.5
11400	99792.0
11500	102354.0
11600	101268.0
11700	99256.5
11800	101208.0
11900	101641.5
12000	100918.5
12100	101109.0
12200	100801.5
12300	101392.5
12400	102573.0
12500	101295.0
12600	102885.0
12700	102337.5
12800	102246.0
12900	103678.5
13000	104298.0
13100	101157.0
13200	103723.5
13300	104443.5
13400	103702.5
13500	105880.5
13600	105366.0
13700	105985.5
13800	105318.0
13900	106489.5
14000	105727.5
14100	107424.0
14200	107281.5
14300	106531.5
14400	106096.5
14500	107637.0
14600	107100.0
14700	108337.5
14800	107584.5
14900	108249.0
15000	110496.0
15100	108393.0
15200	109405.5
15300	109851.0
15400	111502.5
15500	108922.5
15600	110412.0
15700	109114.5
15800	110899.5
15900	111456.0
16000	111147.0
16100	112200.0
16200	111243.0
16300	111277.5
16400	113266.5
16500	112423.5
16600	112902.0
16700	113346.0
16800	111798.0
16900	113820.0
17000	113505.0
17100	112966.5
17200	114501.0
17300	115888.5
17400	115702.5
17500	116688.0
17600	115557.0
17700	116557.5
17800	116800.5
17900	116400.0
18000	117502.5
18100	115888.5
18200	117175.5
18300	118699.5
18400	120363.0
18500	117079.5
18600	119472.0
18700	119892.0
18800	119812.5
18900	120264.0
19000	119583.0
19100	118903.5
19200	120939.0
19300	120790.5
19400	120784.5
19500	122241.0
19600	120960.0
19700	121830.0
19800	121903.5
19900	121653.0
20000	123169.5
20100	123604.5
20200	124252.5
20300	124905.0
20400	123120.0
20500	123972.0
20600	123709.5
20700	123853.5
20800	124731.0
20900	123559.5
21000	125007.0
21100	125653.5
21200	125811.0
21300	124521.0
21400	125172.0
21500	126925.5
21600	127455.0
21700	127786.5
21800	128358.0
21900	127810.5
22000	127954.5
22100	128896.5
22200	126951.0
22300	127956.0
22400	129133.5
22500	128979.0
22600	128691.0
22700	128970.0
22800	128052.0
22900	129945.0
23000	130536.0
23100	130312.5
23200	131730.0
23300	130936.5
23400	130468.5
23500	130356.0
23600	132795.0
23700	133453.5
23800	131923.5
23900	133468.5
24000	133546.5
24100	132421.5
24200	132507.0
24300	132241.5
24400	133674.0
24500	133677.0
24600	133345.5
24700	134553.0
24800	134842.5
24900	134247.0
25000	135544.5
25100	134793.0
25200	136038.0
25300	134728.5
25400	135289.5
25500	135909.0
25600	136320.0
25700	136657.5
25800	136000.5
25900	135201.0
26000	137130.0
26100	138304.5
26200	139255.5
26300	138649.5
26400	137896.5
26500	139285.5
26600	138489.0
26700	139177.5
26800	138499.5
26900	139345.5
27000	140316.0
27100	138525.0
27200	138738.0
27300	140146.5
27400	141318.0
27500	140143.5
27600	141387.0
27700	141673.5
27800	142378.5
27900	140727.0
28000	141313.5
28100	143617.5
28200	142525.5
28300	142950.0
28400	142696.5
28500	143016.0
28600	143083.5
28700	144147.0
28800	144195.0
28900	144109.5
29000	145809.0
29100	144586.5
29200	145537.5
29300	145903.5
29400	146524.5
29500	147301.5
29600	146371.5
29700	145749.0
29800	147591.0
29900	146745.0
30000	147598.5
30100	148138.5
30200	148434.0
30300	147544.5
30400	147598.5
30500	147594.0
30600	149157.0
30700	149538.0
30800	150589.5
30900	150090.0
31000	150946.5
31100	150574.5
31200	150634.5
31300	150502.5
31400	151635.0
31500	151902.0
31600	151423.5
31700	152715.0
31800	152496.0
31900	153456.0
32000	152052.0
32100	153237.0
32200	155335.5
32300	153271.5
32400	153975.0
32500	154773.0
32600	154678.5
32700	154977.0
32800	156034.5
32900	155118.0
33000	155505.0
33100	157188.0
33200	155248.5
33300	158395.5
33400	157141.5
33500	157617.0
33600	157051.5
33700	158136.0
33800	160270.5
33900	158035.5
34000	158359.5
34100	158749.5
34200	159103.5
34300	159619.5
34400	159849.0
34500	159483.0
34600	160992.0
34700	160510.5
34800	159372.0
34900	160587.0
35000	160753.5
35100	160401.0
35200	161280.0
35300	162138.0
35400	162310.5
35500	162445.5
35600	163239.0
35700	161602.5
35800	162996.0
35900	163870.5
36000	163777.5
36100	163689.0
36200	162990.0
36300	164478.0
36400	164220.0
36500	164007.0
36600	164577.0
36700	164023.5
36800	165645.0
36900	164700.0
37000	165805.5
37100	165091.5
37200	164983.5
37300	166507.5
37400	165640.5
37500	166260.0
37600	165679.5
37700	165613.5
37800	165931.5
37900	166996.5
38000	167077.5
38100	167787.0
38200	167965.5
38300	167241.0
38400	167880.0
38500	168111.0
38600	167599.5
38700	168687.0
38800	168265.5
38900	169317.0
39000	168823.5
39100	169072.5
39200	168853.5
39300	168951.0
39400	169426.5
39500	170482.5
39600	170200.5
39700	171051.0
39800	170074.5
39900	170253.0
40000	171477.0
40100	171216.0
40200	170602.5
40300	170919.0
40400	171172.5
40500	170908.5
40600	172507.5
40700	171838.5
40800	171978.0
40900	170470.5
41000	171351.0
41100	170535.0
41200	173202.0
41300	172735.5
41400	171586.5
41500	172210.5
41600	172926.0
41700	172731.0
41800	172053.0
41900	172521.0
42000	172351.5
42100	173589.0
42200	173515.5
42300	173424.0
42400	175369.5
42500	175293.0
42600	175152.0
42700	174552.0
42800	173682.0
42900	174271.5
43000	175920.0
43100	176010.0
43200	175417.5
43300	175770.0
43400	174300.0
43500	175500.0
43600	175614.0
43700	175947.0
43800	175917.0
43900	177345.0
44000	176412.0
44100	176700.0
44200	176797.5
44300	177126.0
44400	176809.5
44500	176536.5
44600	177283.5
44700	176686.5
44800	177450.0
44900	177210.0
45000	176544.0
45100	178422.0
45200	178768.5
45300	177558.0
45400	178501.5
45500	178777.5
45600	178411.5
45700	179526.0
45800	177531.0
45900	179254.5
46000	179722.5
46100	179052.0
46200	180192.0
46300	180234.0
46400	179131.5
46500	178222.5
46600	180541.5
46700	179466.0
46800	179920.5
46900	180226.5
47000	179533.5
47100	180336.0
47200	180825.0
47300	178950.0
47400	180838.5
47500	180213.0
47600	182463.0
47700	180312.0
47800	181108.5
47900	182682.0
48000	181471.5
48100	181012.5
48200	183240.0
48300	182448.0
48400	182178.0
48500	184053.0
48600	183052.5
48700	182905.5
48800	182356.5
48900	182976.0
49000	182949.0
49100	183193.5
49200	183369.0
49300	184692.0
49400	183447.0
49500	183822.0
49600	184435.5
49700	184723.5
49800	184080.0
49900	184560.0
50000	184219.5
50100	184216.5
50200	185502.0
50300	185601.0
50400	186714.0
50500	184735.5
50600	185419.5
50700	184644.0
50800	185679.0
50900	186718.5
51000	186001.5
51100	186426.0
51200	186198.0
51300	186340.5
51400	187132.5
51500	187152.0
51600	187446.0
51700	186303.0
51800	186591.0
51900	187915.5
52000	188665.5
52100	187270.5
52200	187810.5
52300	187302.0
52400	187995.0
52500	188172.0
52600	187909.5
52700	188437.5
52800	188682.0
52900	189691.5
53000	190780.5
53100	188878.5
53200	190249.5
53300	189741.0
53400	189255.0
53500	189456.0
53600	190402.5
53700	189328.5
53800	190710.0
53900	189381.0
54000	189358.5
54100	189975.0
54200	191791.5
54300	190687.5
54400	190933.5
54500	191344.5
54600	190681.5
54700	189640.5
54800	191472.0
54900	191907.0
55000	192622.5
55100	191110.5
55200	191499.0
55300	193597.5
55400	192019.5
55500	193026.0
55600	192573.0
55700	193677.0
55800	193420.5
55900	193792.5
56000	195640.5
56100	194398.5
56200	194796.0
56300	193840.5
56400	195466.5
56500	194329.5
56600	195354.0
56700	193767.0
56800	195673.5
56900	195688.5
57000	195118.5
57100	195120.0
57200	195633.0
57300	195991.5
57400	195646.5
57500	196413.0
57600	196263.0
57700	196278.0
57800	198445.5
57900	198507.0
58000	197104.5
58100	197860.5
58200	198649.5
58300	199146.0
58400	199492.5
58500	199962.0
58600	198832.5
58700	200829.0
58800	197478.0
58900	198609.0
59000	200356.5
59100	199368.0
59200	201042.0
59300	200146.5
59400	201057.0
59500	200904.0
59600	200832.0
59700	200406.0
59800	202594.5
59900	202419.0
60000	201129.0
60100	201634.5
60200	200989.5
60300	200505.0
60400	202536.0
60500	202939.5
60600	202848.0
60700	203206.5
60800	203184.0
60900	203439.0
61000	203550.0
61100	202948.5
61200	202873.5
61300	202935.0
61400	204343.5
61500	204346.5
61600	203736.0
61700	204855.0
61800	205230.0
61900	204786.0
62000	204559.5
62100	206071.5
62200	204646.5
62300	206029.5
62400	205603.5
62500	206845.5
62600	207765.0
62700	206472.0
62800	206914.5
62900	206425.5
63000	207771.0
63100	208549.5
63200	208390.5
63300	207766.5
63400	208566.0
63500	208477.5
63600	208401.0
63700	209809.5
63800	208179.0
63900	209041.5
64000	209331.0
64100	209650.5
64200	209572.5
64300	210846.0
64400	211080.0
64500	210730.5
64600	209133.0
64700	210453.0
64800	211350.0
64900	210315.0
65000	212424.0
65100	212173.5
65200	211621.5
65300	213655.5
65400	212208.0
65500	213724.5
65600	213136.5
65700	213642.0
65800	212040.0
65900	213385.5
66000	214353.0
66100	214074.0
66200	213750.0
66300	213727.5
66400	213735.0
66500	213865.5
66600	214519.5
66700	214902.0
66800	215904.0
66900	214752.0
67000	215967.0
67100	215677.5
67200	216126.0
67300	214894.5
67400	215038.5
67500	214870.5
67600	216631.5
67700	215431.5
67800	216144.0
67900	216948.0
68000	216130.5
68100	216594.0
68200	217833.0
68300	217326.0
68400	218029.5
68500	218092.5
68600	217185.0
68700	220233.0
68800	218797.5
68900	219288.0
69000	219108.0
69100	219585.0
69200	220119.0
69300	218955.0
69400	221017.5
69500	220533.0
69600	219865.5
69700	220750.5
69800	222028.5
69900	221335.5
70000	221709.0
70100	222099.0
70200	223251.0
70300	222511.5
70400	221821.5
70500	222361.5
70600	221368.5
70700	222193.5
70800	223930.5
70900	223320.0
71000	224701.5
71100	223921.5
71200	224547.0
71300	225496.5
71400	224623.5
71500	225711.0
71600	225667.5
71700	226023.0
71800	225343.5
71900	225676.5
72000	226969.5
72100	225772.5
72200	227076.0
72300	227082.0
72400	227355.0
72500	228700.5
72600	228118.5
72700	228441.0
72800	228945.0
72900	229252.5
73000	228661.5
73100	229264.5
73200	227289.0
73300	229693.5
73400	228691.5
73500	229876.5
73600	230784.0
73700	228691.5
73800	230935.5
73900	230881.5
74000	231825.0
74100	230316.0
74200	231495.0
74300	231676.5
74400	232521.0
74500	232975.5
74600	233790.0
74700	232536.0
74800	232741.5
74900	232491.0
75000	234535.5
75100	233325.0
75200	234054.0
75300	233286.0
75400	234471.0
75500	233817.0
75600	235426.5
75700	234720.0
75800	235080.0
75900	235797.0
76000	235594.5
76100	236908.5
76200	235044.0
76300	236586.0
76400	236536.5
76500	237517.5
76600	237385.5
76700	237804.0
76800	237111.0
76900	239083.5
77000	238426.5
77100	237820.5
77200	238216.5
77300	240327.0
77400	239977.5
77500	239218.5
77600	240147.0
77700	241726.5
77800	241630.5
77900	242101.5
78000	240912.0
78100	240823.5
78200	243045.0
78300	243870.0
78400	242271.0
78500	243550.5
78600	243777.0
78700	245209.5
78800	244624.5
78900	245169.0
79000	245007.0
79100	245463.0
79200	246829.5
79300	245278.5
79400	245196.0
79500	246391.5
79600	245434.5
79700	247705.5
79800	246489.0
79900	247549.5
80000	247890.0
80100	248593.5
80200	248277.0
80300	248481.0
80400	249325.5
80500	249343.5
80600	249486.0
80700	249976.5
80800	248235.0
80900	248541.0
81000	249975.0
81100	248980.5
81200	248587.5
81300	250408.5
81400	250290.0
81500	251869.5
81600	251470.5
81700	251947.5
81800	251305.5
81900	252222.0
82000	251566.5
82100	252885.0
82200	251610.0
82300	252186.0
82400	253771.5
82500	252498.0
82600	254820.0
82700	253861.5
82800	254374.5
82900	253851.0
83000	255771.0
83100	256432.5
83200	253683.0
83300	255021.0
83400	255315.0
83500	255474.0
83600	255106.5
83700	255754.5
83800	256177.5
83900	255808.5
84000	256861.5
84100	256089.0
84200	256689.0
84300	255505.5
84400	257415.0
84500	256735.5
84600	255994.5
84700	258439.5
84800	257742.0
84900	257431.5
85000	258816.0
85100	257617.5
85200	257899.5
85300	258244.5
85400	259800.0
85500	259275.0
85600	259132.5
85700	258979.5
85800	260208.0
85900	260467.5
86000	260170.5
86100	260335.5
86200	260845.5
86300	262080.0
86400	260776.5
86500	261234.0
86600	262209.0
86700	261715.5
86800	263692.5
86900	263095.5
87000	263190.0
87100	264271.5
87200	262669.5
87300	263446.5
87400	264525.0
87500	266011.5
87600	265054.5
87700	263931.0
87800	267417.0
87900	266314.5
88000	267727.5
88100	268204.5
88200	265855.5
88300	267361.5
88400	266920.5
88500	267013.5
88600	268443.0
88700	269991.0
88800	268960.5
88900	269511.0
89000	269236.5
89100	268893.0
89200	268960.5
89300	269574.0
89400	270358.5
89500	270682.5
89600	271173.0
89700	271153.5
89800	270579.0
89900	271585.5
90000	272341.5
90100	272464.5
90200	271996.5
90300	270949.5
90400	271540.5
90500	271323.0
90600	272142.0
90700	274419.0
90800	274062.0
90900	271417.5
91000	273366.0
91100	273490.5
91200	274704.0
91300	275263.5
91400	274818.0
91500	275112.0
91600	274620.0
91700	274507.5
91800	274812.0
91900	276352.5
92000	275215.5
92100	275031.0
92200	276582.0
92300	275301.0
92400	276333.0
92500	276879.0
92600	278458.5
92700	279517.5
92800	276978.0
92900	278454.0
93000	279036.0
93100	280104.0
93200	279004.5
93300	279073.5
93400	279801.0
93500	278965.5
93600	282040.5
93700	280761.0
93800	282216.0
93900	282243.0
94000	282172.5
94100	281886.0
94200	283236.0
94300	282378.0
94400	283236.0
94500	283599.0
94600	283258.5
94700	284910.0
94800	284821.5
94900	283333.5
95000	285399.0
95100	285097.5
95200	284650.5
95300	285759.0
95400	284529.0
95500	286672.5
95600	285616.5
95700	287463.0
95800	287404.5
95900	286072.5
96000	285546.0
96100	287283.0
96200	286402.5
96300	288532.5
96400	287022.0
96500	288340.5
96600	289837.5
96700	290206.5
96800	288744.0
96900	289767.0
97000	291124.5
97100	290265.0
97200	290967.0
97300	291097.5
97400	292281.0
97500	290493.0
97600	291946.5
97700	291879.0
97800	291931.5
97900	290982.0
98000	293880.0
98100	292887.0
98200	294498.0
98300	294693.0
98400	294297.0
98500	293532.0
98600	293982.0
98700	292795.5
98800	295659.0
98900	297084.0
99000	295737.0
99100	294405.0
99200	296707.5
99300	295992.0
99400	295935.0
99500	295729.5
99600	297354.0
99700	296820.0
99800	296809.5
99900	297526.5
100000	298051.5
100100	298552.5
100200	297576.0
100300	299025.0
100400	297832.5
100500	299874.0
100600	299187.0
100700	300073.5
100800	300742.5
100900	301267.5
101000	300411.0
101100	297651.0
101200	301606.5
101300	299665.5
101400	298654.5
101500	300081.0
101600	301843.5
101700	300924.0
101800	301623.0
101900	301887.0
102000	300505.5
102100	303048.0
102200	301722.0
102300	301711.5
102400	301645.5
102500	301128.0
102600	303307.5
102700	303372.0
102800	304203.0
102900	304482.0
103000	303715.5
103100	303489.0
103200	303912.0
103300	305430.0
103400	305734.5
103500	304693.5
103600	304969.5
103700	305550.0
103800	306754.5
103900	306033.0
104000	306067.5
104100	307180.5
104200	306687.0
104300	306913.5
104400	306526.5
104500	308481.0
104600	307329.0
104700	307387.5
104800	307861.5
104900	305638.5
105000	308395.5
105100	307671.0
105200	307314.0
105300	306895.5
105400	307491.0
105500	310020.0
105600	309208.5
105700	310272.0
105800	310776.0
105900	309409.5
106000	310375.5
106100	311154.0
106200	310176.0
106300	311454.0
106400	310557.0
106500	313018.5
106600	310366.5
106700	311331.0
106800	313764.0
106900	312112.5
107000	312672.0
107100	313407.0
107200	312792.0
107300	313516.5
107400	314589.0
107500	313443.0
107600	314662.5
107700	316098.0
107800	314682.0
107900	317397.0
108000	315255.0
108100	316251.0
108200	314728.5
108300	317062.5
108400	317691.0
108500	318760.5
108600	316903.5
108700	317478.0
108800	317608.5
108900	317886.0
109000	318169.5
109100	318787.5
109200	319275.0
109300	318897.0
109400	318898.5
109500	320754.0
109600	319944.0
109700	320281.5
109800	321307.5
109900	319162.5
110000	320844.0
110100	320274.0
110200	320830.5
110300	321915.0
110400	320827.5
110500	322333.5
110600	322092.0
110700	322185.0
110800	323047.5
110900	325876.5
111000	325318.5
111100	323341.5
111200	324892.5
111300	325569.0
111400	323673.0
111500	326224.5
111600	325501.5
111700	326953.5
111800	326245.5
111900	325143.0
112000	326101.5
112100	327670.5
112200	325321.5
112300	326149.5
112400	327666.0
112500	329292.0
112600	329616.0
112700	329919.0
112800	331044.0
112900	330717.0
113000	330474.0
113100	330633.0
113200	331629.0
113300	333015.0
113400	330885.0
113500	332800.5
113600	330975.0
113700	332514.0
113800	334339.5
113900	332866.5
114000	333439.5
114100	334540.5
114200	334362.0
114300	333630.0
114400	335013.0
114500	334315.5
114600	335194.5
114700	335773.5
114800	337075.5
114900	336309.0
115000	336513.0
115100	336046.5
115200	337869.0
115300	336859.5
115400	337266.0
115500	338827.5
115600	338602.5
115700	338425.5
115800	337948.5
115900	339397.5
116000	340254.0
116100	340801.5
116200	339762.0
116300	339729.0
116400	340060.5
116500	340401.0
116600	342786.0
116700	343597.5
116800	342234.0
116900	343740.0
117000	341946.0
117100	343252.5
117200	344745.0
117300	343128.0
117400	343899.0
117500	343872.0
117600	344328.0
117700	344404.5
117800	345411.0
117900	345885.0
118000	346002.0
118100	345987.0
118200	346251.0
118300	347589.0
118400	347014.5
118500	349098.0
118600	347806.5
118700	348690.0
118800	347310.0
118900	348369.0
119000	348735.0
119100	349383.0
119200	351004.5
119300	349437.0
119400	350200.5
119500	351159.0
119600	351633.0
119700	351169.5
119800	350910.0
119900	351399.0
120000	352125.0
120100	352660.5
120200	350136.0
120300	351483.0
120400	352033.5
120500	353334.0
120600	353347.5
120700	352695.0
120800	353716.5
120900	353106.0
121000	353910.0
121100	354634.5
121200	354136.5
121300	355128.0
121400	355366.5
121500	355560.0
121600	356257.5
121700	355654.5
121800	355269.0
121900	356646.0
122000	356025.0
122100	356512.5
122200	357843.0
122300	356055.0
122400	358416.0
122500	357274.5
122600	356958.0
122700	359746.5
122800	358938.0
122900	358987.5
123000	357532.5
123100	358995.0
123200	360447.0
123300	360535.5
123400	358608.0
123500	359215.5
123600	358398.0
123700	361167.0
123800	360601.5
123900	361329.0
124000	361458.0
124100	361692.0
124200	363229.5
124300	360912.0
124400	363531.0
124500	362649.0
124600	364144.5
124700	362557.5
124800	363696.0
124900	362175.0
125000	363076.5
125100	364489.5
125200	364036.5
125300	365116.5
125400	365074.5
125500	365218.5
125600	365466.0
125700	364978.5
125800	366295.5
125900	367678.5
126000	368304.0
126100	368479.5
126200	367842.0
126300	369598.5
126400	368413.5
126500	370332.0
126600	369688.5
126700	370938.0
126800	370113.0
126900	369556.5
127000	371181.0
127100	370932.0
127200	372187.5
127300	371875.5
127400	371272.5
127500	372112.5
127600	372579.0
127700	374317.5
127800	373137.0
127900	374986.5
128000	373668.0
128100	374995.5
128200	374851.5
128300	375775.5
128400	375024.0
128500	375967.5
128600	377161.5
128700	377341.5
128800	377092.5
128900	378082.5
129000	378189.0
129100	378634.5
129200	378234.0
129300	379477.5
129400	380188.5
129500	380347.5
129600	380352.0
129700	382887.0
129800	382680.0
129900	382359.0
130000	382462.5
130100	380538.0
130200	383430.0
130300	382627.5
130400	382857.0
130500	382368.0
130600	383326.5
130700	382654.5
130800	383929.5
130900	385560.0
131000	383422.5
131100	385494.0
131200	384483.0
131300	385698.0
131400	383322.0
131500	386967.0
131600	387778.5
131700	387826.5
131800	387909.0
131900	388953.0
132000	387363.0
132100	388498.5
132200	388338.0
132300	388542.0
132400	389116.5
132500	390378.0
132600	390889.5
132700	392518.5
132800	389595.0
132900	392278.5
133000	391645.5
133100	393907.5
133200	393910.5
133300	392307.0
133400	393532.5
133500	393424.5
133600	394759.5
133700	392755.5
133800	394545.0
133900	392545.5
134000	393415.5
134100	393250.5
134200	392622.0
134300	393750.0
134400	395505.0
134500	394438.5
134600	395313.0
134700	398250.0
134800	396667.5
134900	396760.5
135000	397728.0
135100	399087.0
135200	398250.0
135300	399897.0
135400	398121.0
135500	399747.0
135600	400213.5
135700	401784.0
135800	401817.0
135900	401391.0
136000	400590.0
136100	402669.0
136200	401223.0
136300	402879.0
136400	400983.0
136500	401973.0
136600	403576.5
136700	405480.0
136800	405165.0
136900	405052.5
137000	404385.0
137100	404734.5
137200	405162.0
137300	406392.0
137400	406639.5
137500	406834.5
137600	407772.0
137700	407451.0
137800	408111.0
137900	409270.5
138000	408981.0
138100	409327.5
138200	410292.0
138300	410685.0
138400	409326.0
138500	410917.5
138600	411195.0
138700	412501.5
138800	410856.0
138900	410374.5
139000	410776.5
139100	414288.0
139200	413227.5
139300	411810.0
139400	413845.5
139500	414354.0
139600	415405.5
139700	414829.5
139800	416002.5
139900	415479.0
140000	417306.0
140100	415425.0
140200	415770.0
140300	415738.5
140400	417454.5
140500	417733.5
140600	418993.5
140700	416862.0
140800	419208.0
140900	419496.0
141000	418348.5
141100	419236.5
141200	419476.5
141300	420004.5
141400	419716.5
141500	421165.5
141600	420724.5
141700	420003.0
141800	420871.5
141900	423178.5
142000	422550.0
142100	421131.0
142200	423333.0
142300	422557.5
142400	423180.0
142500	424590.0
142600	422982.0
142700	425041.5
142800	423972.0
142900	424663.5
143000	425908.5
143100	427974.0
143200	427893.0
143300	427347.0
143400	430005.0
143500	430299.0
143600	429348.0
143700	430947.0
143800	429454.5
143900	430435.5
144000	432045.0
144100	430780.5
144200	430269.0
144300	431794.5
144400	431707.5
144500	432351.0
144600	433539.0
144700	434580.0
144800	435664.5
144900	433636.5
145000	436873.5
145100	436786.5
145200	436608.0
145300	436705.5
145400	436156.5
145500	437982.0
145600	437175.0
145700	439521.0
145800	438480.0
145900	439186.5
146000	439542.0
146100	440700.0
146200	442956.0
146300	440988.0
146400	440899.5
146500	442618.5
146600	441298.5
146700	442515.0
146800	441841.5
146900	443140.5
147000	442926.0
147100	443080.5
147200	444031.5
147300	444103.5
147400	445261.5
147500	445720.5
147600	447513.0
147700	444676.5
147800	447124.5
147900	447061.5
148000	447073.5
148100	448212.0
148200	450261.0
148300	449112.0
148400	449115.0
148500	449619.0
148600	449875.5
148700	450463.5
148800	449673.0
148900	450427.5
149000	451527.0
149100	451135.5
149200	451902.0
149300	452358.0
149400	452968.5
149500	453712.5
149600	453597.0
149700	456111.0
149800	454248.0
149900	456265.5
150000	457201.5
150100	456588.0
150200	456852.0
150300	457095.0
150400	457375.5
150500	457057.5
150600	457542.0
150700	459790.5
150800	459520.5
150900	459546.0
151000	457920.0
151100	459999.0
151200	459966.0
151300	460863.0
151400	460599.0
151500	461976.0
151600	461983.5
151700	462201.0
151800	463851.0
151900	462241.5
152000	463311.0
152100	463432.5
152200	464817.0
152300	464949.0
152400	465763.5
152500	466620.0
152600	465994.5
152700	468711.0
152800	465697.5
152900	467043.0
153000	469195.5
153100	467388.0
153200	466843.5
153300	467055.0
153400	469938.0
153500	471121.5
153600	470967.0
153700	471769.5
153800	471552.0
153900	471700.5
154000	471789.0
154100	472861.5
154200	472665.0
154300	474495.0
154400	474414.0
154500	476313.0
154600	473925.0
154700	475872.0
154800	477316.5
154900	476935.5
155000	476872.5
155100	476335.5
155200	477745.5
155300	477577.5
155400	478759.5
155500	479736.0
155600	478038.0
155700	479082.0
155800	480168.0
155900	482574.0
156000	482256.0
156100	480855.0
156200	482340.0
156300	482415.0
156400	482775.0
156500	483196.5
156600	482113.5
156700	484047.0
156800	484822.5
156900	486958.5
157000	486846.0
157100	487587.0
157200	487189.5
157300	487986.0
157400	487482.0
157500	488145.0
157600	489478.5
157700	487812.0
157800	489930.0
157900	487612.5
158000	491773.5
158100	490155.0
158200	490548.0
158300	491700.0
158400	490599.0
158500	492673.5
158600	491755.5
158700	493872.0
158800	493749.0
158900	494044.5
159000	492900.0
159100	494235.0
159200	491769.0
159300	495667.5
159400	496948.5
159500	497530.5
159600	495739.5
159700	493690.5
159800	498282.0
159900	497491.5
160000	497104.5
160100	497223.0
160200	497284.5
160300	498946.5
160400	499731.0
160500	499776.0
160600	499773.0
160700	500830.5
160800	501136.5
160900	503179.5
161000	502254.0
161100	501006.0
161200	500295.0
161300	502230.0
161400	502024.5
161500	502338.0
161600	504271.5
161700	502452.0
161800	502204.5
161900	504072.0
162000	506031.0
162100	503514.0
162200	504640.5
162300	506308.5
162400	506355.0
162500	506457.0
162600	507921.0
162700	507313.5
162800	508395.0
162900	509364.0
163000	508744.5
163100	509245.5
163200	507327.0
163300	509712.0
163400	508860.0
163500	509935.5
163600	510477.0
163700	511407.0
163800	513051.0
163900	510811.5
164000	512950.5
164100	513216.0
164200	514182.0
164300	513717.0
164400	515625.0
164500	515280.0
164600	514315.5
164700	516198.0
164800	516910.5
164900	518641.5
165000	519184.5
165100	517480.5
165200	518842.5
165300	517819.5
165400	518134.5
165500	520017.0
165600	519879.0
165700	520753.5
165800	521910.0
165900	521701.5
166000	522282.0
166100	523651.5
166200	521668.5
166300	524037.0
166400	523264.5
166500	523341.0
166600	523281.0
166700	524457.0
166800	524853.0
166900	526009.5
167000	526635.0
167100	525750.0
167200	527295.0
167300	528124.5
167400	528349.5
167500	529600.5
167600	528675.0
167700	528550.5
167800	530802.0
167900	532041.0
168000	530947.5
168100	528654.0
168200	530236.5
168300	531183.0
168400	532456.5
168500	533748.0
168600	532840.5
168700	533443.5
168800	534667.5
168900	533824.5
169000	535207.5
169100	535683.0
169200	535123.5
169300	536379.0
169400	535872.0
169500	536917.5
169600	539646.0
169700	540180.0
169800	537112.5
169900	540261.0
170000	542089.5
170100	540945.0
170200	540543.0
170300	542992.5
170400	543931.5
170500	543141.0
170600	542389.5
170700	543376.5
170800	544576.5
170900	545239.5
171000	544455.0
171100	544401.0
171200	547059.0
171300	546291.0
171400	546045.0
171500	547383.0
171600	547812.0
171700	547302.0
171800	549591.0
171900	548821.5
172000	550425.0
172100	552357.0
172200	551473.5
172300	552441.0
172400	552717.0
172500	552300.0
172600	551809.5
172700	553182.0
172800	554817.0
172900	554563.5
173000	556216.5
173100	556281.0
173200	555792.0
173300	556602.0
173400	557913.0
173500	559390.5
173600	558681.0
173700	558732.0
173800	561528.0
173900	559744.5
174000	559887.0
174100	560125.5
174200	561930.0
174300	561046.5
174400	564120.0
174500	563107.5
174600	562239.0
174700	564553.5
174800	564613.5
174900	565998.0
175000	568390.5
175100	566977.5
175200	566632.5
175300	568417.5
175400	566085.0
175500	568417.5
175600	568320.0
175700	570561.0
175800	570361.5
175900	571416.0
176000	571017.0
176100	572073.0
176200	572946.0
176300	574458.0
176400	574908.0
176500	574554.0
176600	575809.5
176700	575091.0
176800	577200.0
176900	576364.5
177000	576448.5
177100	579000.0
177200	578077.5
177300	579855.0
177400	578439.0
177500	577761.0
177600	579174.0
177700	579633.0
177800	580507.5
177900	580900.5
178000	580810.5
178100	581605.5
178200	582457.5
178300	581025.0
178400	583440.0
178500	585351.0
178600	583609.5
178700	582357.0
178800	583629.0
178900	583707.0
179000	584374.5
179100	585159.0
179200	584913.0
179300	586563.0
179400	589209.0
179500	585753.0
179600	585310.5
179700	587889.0
179800	588931.5
179900	588096.0
180000	586912.5
180100	590799.0
180200	589869.0
180300	589288.5
180400	591204.0
180500	591621.0
180600	591189.0
180700	591762.0
180800	592516.5
180900	592810.5
181000	593322.0
181100	592485.0
181200	592885.5
181300	594397.5
181400	596650.5
181500	593970.0
181600	595222.5
181700	596707.5
181800	596631.0
181900	596539.5
182000	596259.0
182100	597111.0
182200	599938.5
182300	598567.5
182400	598932.0
182500	601027.5
182600	602695.5
182700	599487.0
182800	601827.0
182900	603445.5
183000	603157.5
183100	601677.0
183200	602433.0
183300	602973.0
183400	604086.0
183500	603246.0
183600	604501.5
183700	604822.5
183800	606013.5
183900	607194.0
184000	606526.5
184100	606997.5
184200	607702.5
184300	606882.0
184400	607129.5
184500	608002.5
184600	606673.5
184700	610740.0
184800	611467.5
184900	611929.5
185000	611730.0
185100	610653.0
185200	611098.5
185300	612423.0
185400	612498.0
185500	614587.5
185600	614305.5
185700	613653.0
185800	616567.5
185900	613299.0
186000	614160.0
186100	616344.0
186200	617094.0
186300	617389.5
186400	618780.0
186500	618084.0
186600	618894.0
186700	618742.5
186800	617376.0
186900	619498.5
187000	621400.5
187100	621469.5
187200	621562.5
187300	623097.0
187400	623019.0
187500	622764.0
187600	624997.5
187700	624774.0
187800	624094.5
187900	624891.0
188000	625945.5
188100	627622.5
188200	625804.5
188300	625836.0
188400	628224.0
188500	627063.0
188600	627630.0
188700	628566.0
188800	628525.5
188900	630427.5
189000	632259.0
189100	632346.0
189200	631597.5
189300	632718.0
189400	633453.0
189500	632109.0
189600	633409.5
189700	634516.5
189800	635124.0
189900	633097.5
190000	636720.0
190100	637116.0
190200	637543.5
190300	637056.0
190400	640194.0
190500	637369.5
190600	638811.0
190700	640504.5
190800	640753.5
190900	641494.5
191000	641353.5
191100	642591.0
191200	642178.5
191300	642582.0
191400	642567.0
191500	644089.5
191600	643020.0
191700	645969.0
191800	645952.5
191900	645226.5
192000	646602.0
192100	646801.5
192200	647461.5
192300	646333.5
192400	649626.0
192500	649722.0
192600	649602.0
192700	653494.5
192800	652971.0
192900	652156.5
193000	653337.0
193100	651981.0
193200	652912.5
193300	654790.5
193400	652689.0
193500	656091.0
193600	654435.0
193700	655956.0
193800	656947.5
193900	655701.0
194000	657718.5
194100	657906.0
194200	657216.0
194300	658108.5
194400	658872.0
194500	657529.5
194600	658864.5
194700	661035.0
194800	663009.0
194900	661425.0
195000	661908.0
195100	662376.0
195200	661722.0
195300	662779.5
195400	663250.5
195500	664600.5
195600	663826.5
195700	664522.5
195800	664677.0
195900	666178.5
196000	665770.5
196100	665541.0
196200	667447.5
196300	667161.0
196400	666508.5
196500	666373.5
196600	667819.5
196700	668232.0
196800	668985.0
196900	669648.0
197000	669879.0
197100	670428.0
197200	670885.5
197300	670360.5
197400	672913.5
197500	671259.0
197600	672957.0
197700	673701.0
197800	673678.5
197900	675586.5
198000	675186.0
198100	676075.5
198200	675577.5
198300	676419.0
198400	678843.0
198500	677308.5
198600	678217.5
198700	678109.5
198800	680688.0
198900	679647.0
199000	679932.0
199100	681024.0
199200	680283.0
199300	681126.0
199400	683835.0
199500	679750.5
199600	680224.5
199700	684150.0
199800	685575.0
199900	684019.5
200000	682533.0
200100	684430.5
200200	683244.0
200300	685114.5
200400	684829.5
200500	684048.0
200600	686074.5
200700	686962.5
200800	688047.0
200900	687468.0
201000	688347.0
201100	689208.0
201200	690631.5
201300	690760.5
201400	690660.0
201500	694194.0
201600	692614.5
201700	693154.5
201800	693846.0
201900	693243.0
202000	695811.0
202100	695041.5
202200	694996.5
202300	696961.5
202400	698686.5
202500	697360.5
202600	698509.5
202700	699259.5
202800	698407.5
202900	699885.0
203000	701527.5
203100	700321.5
203200	701781.0
203300	702202.5
203400	702966.0
203500	704301.0
203600	704206.5
203700	704907.0
203800	704673.0
203900	705186.0
204000	704472.0
204100	705073.5
204200	706851.0
204300	706912.5
204400	710106.0
204500	710403.0
204600	707734.5
204700	710788.5
204800	710394.0
204900	712149.0
205000	713179.5
205100	712987.5
205200	712497.0
205300	714819.0
205400	715330.5
205500	714981.0
205600	715197.0
205700	716991.0
205800	716259.0
205900	714880.5
206000	715998.0
206100	717927.0
206200	717883.5
206300	717657.0
206400	719076.0
206500	719583.0
206600	723463.5
206700	722544.0
206800	724342.5
206900	724941.0
207000	723619.5
207100	724387.5
207200	724131.0
207300	727512.0
207400	726007.5
207500	727197.0
207600	726988.5
207700	730176.0
207800	729717.0
207900	729072.0
208000	729094.5
208100	729885.0
208200	731331.0
208300	731328.0
208400	734688.0
208500	733387.5
208600	733252.5
208700	736749.0
208800	733777.5
