#MCS	TotalCells_Number	TCells_Number	ActivatedTCells_Number	Percentage_ActivatedTCells
0	100	93	7	7.000000000000001
100	100	85	15	15.0
200	100	83	17	17.0
300	100	81	19	19.0
400	100	78	22	22.0
500	100	76	24	24.0
600	100	75	25	25.0
700	100	73	27	27.0
800	100	72	28	28.000000000000004
900	100	72	28	28.000000000000004
1000	100	72	28	28.000000000000004
1100	100	72	28	28.000000000000004
1200	100	70	30	30.0
1300	100	69	31	31.0
1400	100	69	31	31.0
1500	100	69	31	31.0
1600	100	68	32	32.0
1700	100	66	34	34.0
1800	100	66	34	34.0
1900	100	66	34	34.0
2000	100	66	34	34.0
2100	100	66	34	34.0
2200	100	66	34	34.0
2300	100	66	34	34.0
2400	100	65	35	35.0
2500	100	64	36	36.0
2600	100	64	36	36.0
2700	100	64	36	36.0
2800	100	63	37	37.0
2900	100	63	37	37.0
3000	100	63	37	37.0
3100	100	63	37	37.0
3200	100	62	38	38.0
3300	100	61	39	39.0
3400	100	61	39	39.0
3500	100	60	40	40.0
3600	100	60	40	40.0
3700	100	59	41	41.0
3800	100	59	41	41.0
3900	100	59	41	41.0
4000	100	59	41	41.0
4100	100	59	41	41.0
4200	100	59	41	41.0
4300	100	59	41	41.0
4400	100	59	41	41.0
4500	100	58	42	42.0
4600	100	57	43	43.0
4700	100	56	44	44.0
4800	100	56	44	44.0
4900	100	54	46	46.0
5000	100	54	46	46.0
5100	100	54	46	46.0
5200	100	53	47	47.0
5300	100	53	47	47.0
5400	100	52	48	48.0
5500	100	52	48	48.0
5600	100	51	49	49.0
5700	100	50	50	50.0
5800	100	50	50	50.0
5900	100	50	50	50.0
6000	100	50	50	50.0
6100	100	50	50	50.0
6200	100	50	50	50.0
6300	100	50	50	50.0
6400	100	50	50	50.0
6500	100	50	50	50.0
6600	100	50	50	50.0
6700	100	50	50	50.0
6800	100	49	51	51.0
6900	100	49	51	51.0
7000	100	49	51	51.0
7100	100	49	51	51.0
7200	100	49	51	51.0
7300	100	49	51	51.0
7400	100	49	51	51.0
7500	100	49	51	51.0
7600	100	49	51	51.0
7700	100	49	51	51.0
7800	100	49	51	51.0
7900	100	49	51	51.0
8000	100	48	52	52.0
8100	100	48	52	52.0
8200	100	48	52	52.0
8300	100	48	52	52.0
8400	100	48	52	52.0
8500	100	47	53	53.0
8600	100	47	53	53.0
8700	100	47	53	53.0
8800	100	47	53	53.0
8900	100	46	54	54.0
9000	100	45	55	55.00000000000001
9100	100	44	56	56.00000000000001
9200	100	44	56	56.00000000000001
9300	100	44	56	56.00000000000001
9400	100	44	56	56.00000000000001
9500	100	44	56	56.00000000000001
9600	100	44	56	56.00000000000001
9700	100	44	56	56.00000000000001
9800	100	44	56	56.00000000000001
9900	100	44	56	56.00000000000001
10000	100	44	56	56.00000000000001
10100	100	44	56	56.00000000000001
10200	100	44	56	56.00000000000001
10300	100	44	56	56.00000000000001
10400	100	44	56	56.00000000000001
10500	100	44	56	56.00000000000001
10600	100	43	57	56.99999999999999
10700	100	43	57	56.99999999999999
10800	100	43	57	56.99999999999999
10900	100	43	57	56.99999999999999
11000	100	43	57	56.99999999999999
11100	100	43	57	56.99999999999999
11200	100	43	57	56.99999999999999
11300	100	42	58	57.99999999999999
11400	100	42	58	57.99999999999999
11500	100	42	58	57.99999999999999
11600	100	42	58	57.99999999999999
11700	100	42	58	57.99999999999999
11800	100	42	58	57.99999999999999
11900	100	42	58	57.99999999999999
12000	100	42	58	57.99999999999999
12100	100	42	58	57.99999999999999
12200	100	41	59	59.0
12300	100	40	60	60.0
12400	100	40	60	60.0
12500	100	40	60	60.0
12600	100	40	60	60.0
12700	100	39	61	61.0
12800	100	39	61	61.0
12900	100	38	62	62.0
13000	100	38	62	62.0
13100	100	38	62	62.0
13200	100	38	62	62.0
13300	100	37	63	63.0
13400	100	36	64	64.0
13500	100	36	64	64.0
13600	100	36	64	64.0
13700	100	36	64	64.0
13800	100	36	64	64.0
13900	100	36	64	64.0
14000	100	35	65	65.0
14100	100	35	65	65.0
14200	100	35	65	65.0
14300	100	35	65	65.0
14400	100	35	65	65.0
14500	100	35	65	65.0
14600	100	34	66	66.0
14700	100	33	67	67.0
14800	100	33	67	67.0
14900	100	33	67	67.0
15000	100	33	67	67.0
15100	100	33	67	67.0
15200	100	33	67	67.0
15300	100	33	67	67.0
15400	100	33	67	67.0
15500	100	33	67	67.0
15600	100	33	67	67.0
15700	100	33	67	67.0
15800	100	33	67	67.0
15900	100	33	67	67.0
16000	100	33	67	67.0
16100	100	33	67	67.0
16200	100	32	68	68.0
16300	100	32	68	68.0
16400	100	31	69	69.0
16500	100	31	69	69.0
16600	100	31	69	69.0
16700	100	31	69	69.0
16800	100	31	69	69.0
16900	100	31	69	69.0
17000	100	31	69	69.0
17100	100	31	69	69.0
17200	100	31	69	69.0
17300	100	31	69	69.0
17400	100	31	69	69.0
17500	100	31	69	69.0
17600	100	31	69	69.0
17700	100	31	69	69.0
17800	100	31	69	69.0
17900	100	31	69	69.0
18000	100	31	69	69.0
18100	100	31	69	69.0
18200	100	31	69	69.0
18300	100	31	69	69.0
18400	100	31	69	69.0
18500	100	30	70	70.0
18600	100	30	70	70.0
18700	100	30	70	70.0
18800	100	29	71	71.0
18900	100	29	71	71.0
19000	100	29	71	71.0
19100	100	29	71	71.0
19200	100	29	71	71.0
19300	100	29	71	71.0
19400	100	29	71	71.0
19500	100	29	71	71.0
19600	100	29	71	71.0
19700	100	29	71	71.0
19800	100	29	71	71.0
19900	100	29	71	71.0
20000	100	29	71	71.0
20100	100	29	71	71.0
20200	100	29	71	71.0
20300	100	29	71	71.0
20400	100	29	71	71.0
20500	100	29	71	71.0
20600	100	29	71	71.0
20700	100	29	71	71.0
20800	100	28	72	72.0
20900	100	28	72	72.0
21000	100	28	72	72.0
21100	100	28	72	72.0
21200	100	28	72	72.0
21300	100	27	73	73.0
21400	100	27	73	73.0
21500	100	27	73	73.0
21600	100	27	73	73.0
21700	100	27	73	73.0
21800	100	27	73	73.0
21900	100	27	73	73.0
22000	100	27	73	73.0
22100	100	26	74	74.0
22200	100	26	74	74.0
22300	100	26	74	74.0
22400	100	26	74	74.0
22500	100	26	74	74.0
22600	100	26	74	74.0
22700	100	26	74	74.0
22800	100	26	74	74.0
22900	100	26	74	74.0
23000	100	26	74	74.0
23100	100	26	74	74.0
23200	100	26	74	74.0
23300	100	26	74	74.0
23400	100	26	74	74.0
23500	100	26	74	74.0
23600	100	25	75	75.0
23700	100	25	75	75.0
23800	100	25	75	75.0
23900	100	25	75	75.0
24000	100	24	76	76.0
24100	100	24	76	76.0
24200	100	24	76	76.0
24300	100	24	76	76.0
24400	100	24	76	76.0
24500	100	24	76	76.0
24600	100	24	76	76.0
24700	100	24	76	76.0
24800	100	24	76	76.0
24900	100	24	76	76.0
25000	100	24	76	76.0
25100	100	24	76	76.0
25200	100	24	76	76.0
25300	100	24	76	76.0
25400	100	24	76	76.0
25500	100	24	76	76.0
25600	100	24	76	76.0
25700	100	24	76	76.0
25800	100	23	77	77.0
25900	100	23	77	77.0
26000	100	23	77	77.0
26100	100	23	77	77.0
26200	100	23	77	77.0
26300	100	23	77	77.0
26400	100	23	77	77.0
26500	100	23	77	77.0
26600	100	23	77	77.0
26700	100	23	77	77.0
26800	100	23	77	77.0
26900	100	23	77	77.0
27000	100	23	77	77.0
27100	100	23	77	77.0
27200	100	23	77	77.0
27300	100	22	78	78.0
27400	100	22	78	78.0
27500	100	22	78	78.0
27600	100	22	78	78.0
27700	100	22	78	78.0
27800	100	22	78	78.0
27900	100	22	78	78.0
28000	100	22	78	78.0
28100	100	22	78	78.0
28200	100	21	79	79.0
28300	100	21	79	79.0
28400	100	21	79	79.0
28500	100	21	79	79.0
28600	100	21	79	79.0
28700	100	21	79	79.0
28800	100	21	79	79.0
28900	100	21	79	79.0
29000	100	21	79	79.0
29100	100	21	79	79.0
29200	100	21	79	79.0
29300	100	21	79	79.0
29400	100	21	79	79.0
29500	100	21	79	79.0
29600	100	21	79	79.0
29700	100	21	79	79.0
29800	100	21	79	79.0
29900	100	21	79	79.0
30000	100	21	79	79.0
30100	100	21	79	79.0
30200	100	21	79	79.0
30300	100	21	79	79.0
30400	100	21	79	79.0
30500	100	21	79	79.0
30600	100	21	79	79.0
30700	100	21	79	79.0
30800	100	20	80	80.0
30900	100	20	80	80.0
31000	100	20	80	80.0
31100	100	20	80	80.0
31200	100	20	80	80.0
31300	100	20	80	80.0
31400	100	20	80	80.0
31500	100	20	80	80.0
31600	100	20	80	80.0
31700	100	20	80	80.0
31800	100	20	80	80.0
31900	100	20	80	80.0
32000	100	20	80	80.0
32100	100	20	80	80.0
32200	100	20	80	80.0
32300	100	20	80	80.0
32400	100	20	80	80.0
32500	100	20	80	80.0
32600	100	20	80	80.0
32700	100	20	80	80.0
32800	100	20	80	80.0
32900	100	20	80	80.0
33000	100	20	80	80.0
33100	100	20	80	80.0
33200	100	20	80	80.0
33300	100	20	80	80.0
33400	100	20	80	80.0
33500	100	20	80	80.0
33600	100	20	80	80.0
33700	100	20	80	80.0
33800	100	20	80	80.0
33900	100	20	80	80.0
34000	100	20	80	80.0
34100	100	20	80	80.0
34200	100	20	80	80.0
34300	100	20	80	80.0
34400	100	20	80	80.0
34500	100	20	80	80.0
34600	100	20	80	80.0
34700	100	20	80	80.0
34800	100	20	80	80.0
34900	100	20	80	80.0
35000	100	20	80	80.0
35100	100	20	80	80.0
35200	100	20	80	80.0
35300	100	20	80	80.0
35400	100	20	80	80.0
35500	100	20	80	80.0
35600	100	20	80	80.0
35700	100	20	80	80.0
35800	100	20	80	80.0
35900	100	20	80	80.0
36000	100	20	80	80.0
36100	100	20	80	80.0
36200	100	20	80	80.0
36300	100	20	80	80.0
36400	100	20	80	80.0
36500	100	19	81	81.0
36600	100	19	81	81.0
36700	100	19	81	81.0
36800	100	19	81	81.0
36900	100	19	81	81.0
37000	100	19	81	81.0
37100	100	19	81	81.0
37200	100	19	81	81.0
37300	100	19	81	81.0
37400	100	19	81	81.0
37500	100	19	81	81.0
37600	100	19	81	81.0
37700	100	19	81	81.0
37800	100	19	81	81.0
37900	100	19	81	81.0
38000	100	19	81	81.0
38100	100	19	81	81.0
38200	100	19	81	81.0
38300	100	19	81	81.0
38400	100	19	81	81.0
38500	100	19	81	81.0
38600	100	19	81	81.0
38700	100	19	81	81.0
38800	100	19	81	81.0
38900	100	19	81	81.0
39000	100	19	81	81.0
39100	100	19	81	81.0
39200	100	19	81	81.0
39300	100	19	81	81.0
39400	100	19	81	81.0
39500	100	19	81	81.0
39600	100	19	81	81.0
39700	100	19	81	81.0
39800	100	19	81	81.0
39900	100	19	81	81.0
40000	100	19	81	81.0
40100	100	19	81	81.0
40200	100	19	81	81.0
40300	100	19	81	81.0
40400	100	19	81	81.0
40500	100	19	81	81.0
40600	100	19	81	81.0
40700	100	19	81	81.0
40800	100	19	81	81.0
40900	100	18	82	82.0
41000	100	17	83	83.0
41100	100	17	83	83.0
41200	100	17	83	83.0
41300	100	17	83	83.0
41400	100	17	83	83.0
41500	100	17	83	83.0
41600	100	17	83	83.0
41700	100	17	83	83.0
41800	100	17	83	83.0
41900	100	17	83	83.0
42000	100	16	84	84.0
42100	100	16	84	84.0
42200	100	16	84	84.0
42300	100	16	84	84.0
42400	100	16	84	84.0
42500	100	16	84	84.0
42600	100	16	84	84.0
42700	100	16	84	84.0
42800	100	16	84	84.0
42900	100	16	84	84.0
43000	100	16	84	84.0
43100	100	16	84	84.0
43200	100	16	84	84.0
43300	100	16	84	84.0
43400	100	16	84	84.0
43500	100	16	84	84.0
43600	100	16	84	84.0
43700	100	16	84	84.0
43800	100	15	85	85.0
43900	100	15	85	85.0
44000	100	15	85	85.0
44100	100	15	85	85.0
44200	100	15	85	85.0
44300	100	15	85	85.0
44400	100	15	85	85.0
44500	100	15	85	85.0
44600	100	15	85	85.0
44700	100	15	85	85.0
44800	100	15	85	85.0
44900	101	15	86	85.14851485148515
45000	101	15	86	85.14851485148515
45100	101	15	86	85.14851485148515
45200	101	15	86	85.14851485148515
45300	101	15	86	85.14851485148515
45400	101	15	86	85.14851485148515
45500	101	15	86	85.14851485148515
45600	101	15	86	85.14851485148515
45700	101	15	86	85.14851485148515
45800	101	15	86	85.14851485148515
45900	102	15	87	85.29411764705883
46000	102	15	87	85.29411764705883
46100	102	15	87	85.29411764705883
46200	102	15	87	85.29411764705883
46300	102	15	87	85.29411764705883
46400	102	15	87	85.29411764705883
46500	102	15	87	85.29411764705883
46600	102	15	87	85.29411764705883
46700	102	15	87	85.29411764705883
46800	102	15	87	85.29411764705883
46900	103	15	88	85.43689320388349
47000	103	15	88	85.43689320388349
47100	103	15	88	85.43689320388349
47200	103	15	88	85.43689320388349
47300	103	15	88	85.43689320388349
47400	103	15	88	85.43689320388349
47500	103	15	88	85.43689320388349
47600	103	15	88	85.43689320388349
47700	103	14	89	86.40776699029125
47800	103	14	89	86.40776699029125
47900	103	14	89	86.40776699029125
48000	103	13	90	87.37864077669903
48100	103	13	90	87.37864077669903
48200	103	13	90	87.37864077669903
48300	103	13	90	87.37864077669903
48400	103	13	90	87.37864077669903
48500	103	13	90	87.37864077669903
48600	103	13	90	87.37864077669903
48700	103	13	90	87.37864077669903
48800	103	13	90	87.37864077669903
48900	104	13	91	87.5
49000	104	13	91	87.5
49100	104	13	91	87.5
49200	104	12	92	88.46153846153845
49300	104	12	92	88.46153846153845
49400	104	12	92	88.46153846153845
49500	104	12	92	88.46153846153845
49600	104	12	92	88.46153846153845
49700	104	12	92	88.46153846153845
49800	104	12	92	88.46153846153845
49900	104	11	93	89.42307692307693
50000	104	11	93	89.42307692307693
50100	104	11	93	89.42307692307693
50200	104	11	93	89.42307692307693
50300	104	11	93	89.42307692307693
50400	105	11	94	89.52380952380953
50500	105	11	94	89.52380952380953
50600	105	11	94	89.52380952380953
50700	105	11	94	89.52380952380953
50800	105	11	94	89.52380952380953
50900	106	11	95	89.62264150943396
51000	106	11	95	89.62264150943396
51100	106	11	95	89.62264150943396
51200	106	11	95	89.62264150943396
51300	106	11	95	89.62264150943396
51400	106	11	95	89.62264150943396
51500	107	11	96	89.7196261682243
51600	107	11	96	89.7196261682243
51700	107	11	96	89.7196261682243
51800	108	11	97	89.81481481481481
51900	108	11	97	89.81481481481481
52000	108	11	97	89.81481481481481
52100	108	11	97	89.81481481481481
52200	108	11	97	89.81481481481481
52300	108	11	97	89.81481481481481
52400	109	11	98	89.90825688073394
52500	109	11	98	89.90825688073394
52600	109	11	98	89.90825688073394
52700	109	11	98	89.90825688073394
52800	109	11	98	89.90825688073394
52900	109	11	98	89.90825688073394
53000	109	11	98	89.90825688073394
53100	109	11	98	89.90825688073394
53200	109	11	98	89.90825688073394
53300	109	11	98	89.90825688073394
53400	110	11	99	90.0
53500	110	11	99	90.0
53600	110	11	99	90.0
53700	110	11	99	90.0
53800	111	11	100	90.09009009009009
53900	111	11	100	90.09009009009009
54000	111	11	100	90.09009009009009
54100	111	11	100	90.09009009009009
54200	111	11	100	90.09009009009009
54300	111	11	100	90.09009009009009
54400	111	11	100	90.09009009009009
54500	111	11	100	90.09009009009009
54600	111	11	100	90.09009009009009
54700	111	11	100	90.09009009009009
54800	111	11	100	90.09009009009009
54900	111	11	100	90.09009009009009
55000	111	11	100	90.09009009009009
55100	111	11	100	90.09009009009009
55200	111	11	100	90.09009009009009
55300	111	11	100	90.09009009009009
55400	111	11	100	90.09009009009009
55500	111	11	100	90.09009009009009
55600	111	11	100	90.09009009009009
55700	111	11	100	90.09009009009009
55800	111	11	100	90.09009009009009
55900	111	11	100	90.09009009009009
56000	111	11	100	90.09009009009009
56100	111	11	100	90.09009009009009
56200	111	11	100	90.09009009009009
56300	111	11	100	90.09009009009009
56400	112	11	101	90.17857142857143
56500	112	11	101	90.17857142857143
56600	112	11	101	90.17857142857143
56700	112	11	101	90.17857142857143
56800	112	11	101	90.17857142857143
56900	112	11	101	90.17857142857143
57000	112	11	101	90.17857142857143
57100	112	11	101	90.17857142857143
57200	112	11	101	90.17857142857143
57300	112	11	101	90.17857142857143
57400	112	11	101	90.17857142857143
57500	112	11	101	90.17857142857143
57600	112	11	101	90.17857142857143
57700	112	11	101	90.17857142857143
57800	112	11	101	90.17857142857143
57900	112	11	101	90.17857142857143
58000	112	11	101	90.17857142857143
58100	112	11	101	90.17857142857143
58200	112	11	101	90.17857142857143
58300	112	11	101	90.17857142857143
58400	114	11	103	90.35087719298247
58500	114	11	103	90.35087719298247
58600	114	11	103	90.35087719298247
58700	114	11	103	90.35087719298247
58800	114	11	103	90.35087719298247
58900	115	11	104	90.43478260869566
59000	115	11	104	90.43478260869566
59100	115	11	104	90.43478260869566
59200	115	11	104	90.43478260869566
59300	115	11	104	90.43478260869566
59400	115	11	104	90.43478260869566
59500	115	11	104	90.43478260869566
59600	115	10	105	91.30434782608695
59700	115	10	105	91.30434782608695
59800	115	10	105	91.30434782608695
59900	115	10	105	91.30434782608695
60000	115	10	105	91.30434782608695
60100	115	10	105	91.30434782608695
60200	115	9	106	92.17391304347827
60300	115	9	106	92.17391304347827
60400	115	9	106	92.17391304347827
60500	116	9	107	92.24137931034483
60600	116	9	107	92.24137931034483
60700	116	9	107	92.24137931034483
60800	117	9	108	92.3076923076923
60900	117	9	108	92.3076923076923
61000	117	9	108	92.3076923076923
61100	117	9	108	92.3076923076923
61200	117	9	108	92.3076923076923
61300	117	9	108	92.3076923076923
61400	117	9	108	92.3076923076923
61500	117	9	108	92.3076923076923
61600	117	9	108	92.3076923076923
61700	118	9	109	92.37288135593221
61800	118	9	109	92.37288135593221
61900	118	9	109	92.37288135593221
62000	118	9	109	92.37288135593221
62100	118	9	109	92.37288135593221
62200	118	9	109	92.37288135593221
62300	118	9	109	92.37288135593221
62400	118	9	109	92.37288135593221
62500	118	9	109	92.37288135593221
62600	119	9	110	92.43697478991596
62700	119	9	110	92.43697478991596
62800	119	9	110	92.43697478991596
62900	119	9	110	92.43697478991596
63000	119	9	110	92.43697478991596
63100	119	9	110	92.43697478991596
63200	119	9	110	92.43697478991596
63300	119	9	110	92.43697478991596
63400	119	9	110	92.43697478991596
63500	119	9	110	92.43697478991596
63600	119	9	110	92.43697478991596
63700	119	9	110	92.43697478991596
63800	119	9	110	92.43697478991596
63900	119	9	110	92.43697478991596
64000	119	9	110	92.43697478991596
64100	119	9	110	92.43697478991596
64200	119	9	110	92.43697478991596
64300	119	9	110	92.43697478991596
64400	120	9	111	92.5
64500	120	9	111	92.5
64600	121	9	112	92.56198347107438
64700	122	9	113	92.62295081967213
64800	122	9	113	92.62295081967213
64900	122	9	113	92.62295081967213
65000	122	8	114	93.44262295081968
65100	123	8	115	93.4959349593496
65200	123	8	115	93.4959349593496
65300	123	8	115	93.4959349593496
65400	123	8	115	93.4959349593496
65500	123	8	115	93.4959349593496
65600	123	8	115	93.4959349593496
65700	124	8	116	93.54838709677419
65800	124	8	116	93.54838709677419
65900	124	8	116	93.54838709677419
66000	124	8	116	93.54838709677419
66100	124	8	116	93.54838709677419
66200	124	8	116	93.54838709677419
66300	124	8	116	93.54838709677419
66400	124	8	116	93.54838709677419
66500	124	8	116	93.54838709677419
66600	124	8	116	93.54838709677419
66700	124	8	116	93.54838709677419
66800	124	8	116	93.54838709677419
66900	124	8	116	93.54838709677419
67000	124	8	116	93.54838709677419
67100	124	8	116	93.54838709677419
67200	124	8	116	93.54838709677419
67300	124	8	116	93.54838709677419
67400	124	8	116	93.54838709677419
67500	124	8	116	93.54838709677419
67600	124	8	116	93.54838709677419
67700	125	8	117	93.60000000000001
67800	126	8	118	93.65079365079364
67900	126	8	118	93.65079365079364
68000	126	8	118	93.65079365079364
68100	126	8	118	93.65079365079364
68200	126	8	118	93.65079365079364
68300	126	8	118	93.65079365079364
68400	126	8	118	93.65079365079364
68500	126	7	119	94.44444444444444
68600	126	7	119	94.44444444444444
68700	126	7	119	94.44444444444444
68800	126	7	119	94.44444444444444
68900	126	7	119	94.44444444444444
69000	126	7	119	94.44444444444444
69100	126	7	119	94.44444444444444
69200	126	7	119	94.44444444444444
69300	127	7	120	94.48818897637796
69400	127	7	120	94.48818897637796
69500	127	7	120	94.48818897637796
69600	127	7	120	94.48818897637796
69700	127	7	120	94.48818897637796
69800	127	7	120	94.48818897637796
69900	127	7	120	94.48818897637796
70000	127	7	120	94.48818897637796
70100	127	7	120	94.48818897637796
70200	127	7	120	94.48818897637796
70300	127	7	120	94.48818897637796
70400	127	7	120	94.48818897637796
70500	127	7	120	94.48818897637796
70600	127	7	120	94.48818897637796
70700	127	7	120	94.48818897637796
70800	127	7	120	94.48818897637796
70900	127	7	120	94.48818897637796
71000	127	7	120	94.48818897637796
71100	127	7	120	94.48818897637796
71200	127	7	120	94.48818897637796
71300	127	7	120	94.48818897637796
71400	127	7	120	94.48818897637796
71500	127	7	120	94.48818897637796
71600	127	7	120	94.48818897637796
71700	127	7	120	94.48818897637796
71800	127	7	120	94.48818897637796
71900	127	7	120	94.48818897637796
72000	128	7	121	94.53125
72100	129	7	122	94.57364341085271
72200	129	7	122	94.57364341085271
72300	129	7	122	94.57364341085271
72400	129	7	122	94.57364341085271
72500	129	7	122	94.57364341085271
72600	129	7	122	94.57364341085271
72700	129	7	122	94.57364341085271
72800	130	7	123	94.61538461538461
72900	130	7	123	94.61538461538461
73000	130	7	123	94.61538461538461
73100	130	7	123	94.61538461538461
73200	130	7	123	94.61538461538461
73300	130	7	123	94.61538461538461
73400	130	7	123	94.61538461538461
73500	130	7	123	94.61538461538461
73600	131	7	124	94.65648854961832
73700	131	7	124	94.65648854961832
73800	131	7	124	94.65648854961832
73900	131	7	124	94.65648854961832
74000	131	7	124	94.65648854961832
74100	131	7	124	94.65648854961832
74200	131	7	124	94.65648854961832
74300	131	7	124	94.65648854961832
74400	131	7	124	94.65648854961832
74500	131	7	124	94.65648854961832
74600	131	7	124	94.65648854961832
74700	131	7	124	94.65648854961832
74800	131	7	124	94.65648854961832
74900	131	7	124	94.65648854961832
75000	131	7	124	94.65648854961832
75100	131	7	124	94.65648854961832
75200	131	7	124	94.65648854961832
75300	131	7	124	94.65648854961832
75400	131	7	124	94.65648854961832
75500	134	7	127	94.77611940298507
75600	134	6	128	95.52238805970148
75700	134	6	128	95.52238805970148
75800	134	6	128	95.52238805970148
75900	134	6	128	95.52238805970148
76000	134	6	128	95.52238805970148
76100	134	6	128	95.52238805970148
76200	134	6	128	95.52238805970148
76300	134	6	128	95.52238805970148
76400	134	6	128	95.52238805970148
76500	134	6	128	95.52238805970148
76600	135	6	129	95.55555555555556
76700	135	6	129	95.55555555555556
76800	135	6	129	95.55555555555556
76900	135	6	129	95.55555555555556
77000	135	6	129	95.55555555555556
77100	135	6	129	95.55555555555556
77200	135	6	129	95.55555555555556
77300	135	6	129	95.55555555555556
77400	135	6	129	95.55555555555556
77500	136	6	130	95.58823529411765
77600	136	6	130	95.58823529411765
77700	136	6	130	95.58823529411765
77800	136	6	130	95.58823529411765
77900	136	6	130	95.58823529411765
78000	136	6	130	95.58823529411765
78100	136	6	130	95.58823529411765
78200	136	6	130	95.58823529411765
78300	136	6	130	95.58823529411765
78400	137	6	131	95.62043795620438
78500	139	6	133	95.68345323741008
78600	139	6	133	95.68345323741008
78700	139	6	133	95.68345323741008
78800	139	6	133	95.68345323741008
78900	139	6	133	95.68345323741008
79000	139	6	133	95.68345323741008
79100	139	6	133	95.68345323741008
79200	140	6	134	95.71428571428572
79300	140	6	134	95.71428571428572
79400	140	6	134	95.71428571428572
79500	140	6	134	95.71428571428572
79600	140	6	134	95.71428571428572
79700	140	6	134	95.71428571428572
79800	140	6	134	95.71428571428572
79900	140	6	134	95.71428571428572
80000	140	6	134	95.71428571428572
80100	140	6	134	95.71428571428572
80200	140	5	135	96.42857142857143
80300	140	5	135	96.42857142857143
80400	141	5	136	96.45390070921985
80500	141	5	136	96.45390070921985
80600	141	5	136	96.45390070921985
80700	141	5	136	96.45390070921985
80800	141	5	136	96.45390070921985
80900	141	5	136	96.45390070921985
81000	141	5	136	96.45390070921985
81100	141	5	136	96.45390070921985
81200	142	5	137	96.47887323943662
81300	142	5	137	96.47887323943662
81400	142	5	137	96.47887323943662
81500	142	5	137	96.47887323943662
81600	142	5	137	96.47887323943662
81700	142	5	137	96.47887323943662
81800	142	5	137	96.47887323943662
81900	142	5	137	96.47887323943662
82000	142	5	137	96.47887323943662
82100	142	5	137	96.47887323943662
82200	142	5	137	96.47887323943662
82300	142	5	137	96.47887323943662
82400	142	5	137	96.47887323943662
82500	143	5	138	96.5034965034965
82600	143	5	138	96.5034965034965
82700	143	5	138	96.5034965034965
82800	143	5	138	96.5034965034965
82900	143	5	138	96.5034965034965
83000	144	5	139	96.52777777777779
83100	144	5	139	96.52777777777779
83200	144	5	139	96.52777777777779
83300	144	5	139	96.52777777777779
83400	144	5	139	96.52777777777779
83500	145	5	140	96.55172413793103
83600	145	5	140	96.55172413793103
83700	145	5	140	96.55172413793103
83800	145	5	140	96.55172413793103
83900	145	5	140	96.55172413793103
84000	145	5	140	96.55172413793103
84100	145	5	140	96.55172413793103
84200	145	5	140	96.55172413793103
84300	145	5	140	96.55172413793103
84400	145	5	140	96.55172413793103
84500	145	5	140	96.55172413793103
84600	145	5	140	96.55172413793103
84700	145	5	140	96.55172413793103
84800	145	5	140	96.55172413793103
84900	145	5	140	96.55172413793103
85000	145	5	140	96.55172413793103
85100	145	4	141	97.24137931034483
85200	145	4	141	97.24137931034483
85300	145	4	141	97.24137931034483
85400	145	4	141	97.24137931034483
85500	145	4	141	97.24137931034483
85600	145	4	141	97.24137931034483
85700	145	4	141	97.24137931034483
85800	145	4	141	97.24137931034483
85900	145	4	141	97.24137931034483
86000	145	4	141	97.24137931034483
86100	145	3	142	97.93103448275862
86200	145	3	142	97.93103448275862
86300	145	3	142	97.93103448275862
86400	145	3	142	97.93103448275862
86500	145	3	142	97.93103448275862
86600	145	3	142	97.93103448275862
86700	145	3	142	97.93103448275862
86800	145	3	142	97.93103448275862
86900	145	3	142	97.93103448275862
87000	145	3	142	97.93103448275862
87100	145	3	142	97.93103448275862
87200	145	3	142	97.93103448275862
87300	145	3	142	97.93103448275862
87400	145	3	142	97.93103448275862
87500	145	3	142	97.93103448275862
87600	145	3	142	97.93103448275862
87700	146	3	143	97.94520547945206
87800	147	3	144	97.95918367346938
87900	147	3	144	97.95918367346938
88000	147	3	144	97.95918367346938
88100	147	3	144	97.95918367346938
88200	147	3	144	97.95918367346938
88300	147	3	144	97.95918367346938
88400	147	3	144	97.95918367346938
88500	147	3	144	97.95918367346938
88600	147	3	144	97.95918367346938
88700	147	3	144	97.95918367346938
88800	148	3	145	97.97297297297297
88900	148	3	145	97.97297297297297
89000	148	3	145	97.97297297297297
89100	148	3	145	97.97297297297297
89200	148	3	145	97.97297297297297
89300	148	3	145	97.97297297297297
89400	149	3	146	97.98657718120806
89500	150	3	147	98.0
89600	150	3	147	98.0
89700	150	3	147	98.0
89800	150	3	147	98.0
89900	150	3	147	98.0
90000	150	3	147	98.0
90100	150	3	147	98.0
90200	150	3	147	98.0
90300	150	3	147	98.0
90400	150	3	147	98.0
90500	150	3	147	98.0
90600	150	3	147	98.0
90700	150	3	147	98.0
90800	150	3	147	98.0
90900	150	3	147	98.0
91000	150	3	147	98.0
91100	150	3	147	98.0
91200	150	3	147	98.0
91300	150	3	147	98.0
91400	150	3	147	98.0
91500	150	3	147	98.0
91600	150	3	147	98.0
91700	150	3	147	98.0
91800	150	3	147	98.0
91900	150	3	147	98.0
92000	151	3	148	98.01324503311258
92100	151	3	148	98.01324503311258
92200	151	3	148	98.01324503311258
92300	151	3	148	98.01324503311258
92400	151	3	148	98.01324503311258
92500	153	3	150	98.0392156862745
92600	153	3	150	98.0392156862745
92700	153	3	150	98.0392156862745
92800	153	3	150	98.0392156862745
92900	153	3	150	98.0392156862745
93000	153	3	150	98.0392156862745
93100	153	3	150	98.0392156862745
93200	153	3	150	98.0392156862745
93300	153	3	150	98.0392156862745
93400	154	3	151	98.05194805194806
93500	154	2	152	98.7012987012987
93600	154	2	152	98.7012987012987
93700	154	2	152	98.7012987012987
93800	155	2	153	98.70967741935483
93900	155	2	153	98.70967741935483
94000	155	2	153	98.70967741935483
94100	155	2	153	98.70967741935483
94200	155	2	153	98.70967741935483
94300	155	2	153	98.70967741935483
94400	156	2	154	98.71794871794873
94500	157	2	155	98.72611464968153
94600	157	2	155	98.72611464968153
94700	157	2	155	98.72611464968153
94800	157	2	155	98.72611464968153
94900	157	2	155	98.72611464968153
95000	157	2	155	98.72611464968153
95100	157	2	155	98.72611464968153
95200	157	2	155	98.72611464968153
95300	157	2	155	98.72611464968153
95400	157	2	155	98.72611464968153
95500	157	2	155	98.72611464968153
95600	157	2	155	98.72611464968153
95700	157	2	155	98.72611464968153
95800	157	2	155	98.72611464968153
95900	157	2	155	98.72611464968153
96000	157	2	155	98.72611464968153
96100	157	2	155	98.72611464968153
96200	157	2	155	98.72611464968153
96300	157	2	155	98.72611464968153
96400	157	2	155	98.72611464968153
96500	157	2	155	98.72611464968153
96600	157	2	155	98.72611464968153
96700	157	2	155	98.72611464968153
96800	157	2	155	98.72611464968153
96900	157	2	155	98.72611464968153
97000	157	2	155	98.72611464968153
97100	158	2	156	98.73417721518987
97200	158	2	156	98.73417721518987
97300	158	2	156	98.73417721518987
97400	158	2	156	98.73417721518987
97500	159	2	157	98.74213836477988
97600	159	2	157	98.74213836477988
97700	160	2	158	98.75
97800	160	2	158	98.75
97900	160	2	158	98.75
98000	160	2	158	98.75
98100	160	2	158	98.75
98200	160	2	158	98.75
98300	160	2	158	98.75
98400	160	2	158	98.75
98500	160	2	158	98.75
98600	160	2	158	98.75
98700	160	2	158	98.75
98800	161	2	159	98.75776397515527
98900	162	2	160	98.76543209876543
99000	162	2	160	98.76543209876543
99100	162	2	160	98.76543209876543
99200	162	2	160	98.76543209876543
99300	163	2	161	98.77300613496932
99400	163	2	161	98.77300613496932
99500	163	2	161	98.77300613496932
99600	163	2	161	98.77300613496932
99700	163	2	161	98.77300613496932
99800	163	2	161	98.77300613496932
99900	163	2	161	98.77300613496932
100000	163	2	161	98.77300613496932
100100	163	2	161	98.77300613496932
100200	163	2	161	98.77300613496932
100300	163	2	161	98.77300613496932
100400	163	2	161	98.77300613496932
100500	163	2	161	98.77300613496932
100600	163	2	161	98.77300613496932
100700	164	2	162	98.78048780487805
100800	164	2	162	98.78048780487805
100900	164	2	162	98.78048780487805
101000	164	2	162	98.78048780487805
101100	164	2	162	98.78048780487805
101200	164	2	162	98.78048780487805
101300	165	2	163	98.7878787878788
101400	165	2	163	98.7878787878788
101500	166	2	164	98.79518072289156
101600	166	2	164	98.79518072289156
101700	166	2	164	98.79518072289156
101800	166	2	164	98.79518072289156
101900	166	2	164	98.79518072289156
102000	166	2	164	98.79518072289156
102100	166	2	164	98.79518072289156
102200	166	2	164	98.79518072289156
102300	166	2	164	98.79518072289156
102400	166	2	164	98.79518072289156
102500	166	2	164	98.79518072289156
102600	166	2	164	98.79518072289156
102700	166	2	164	98.79518072289156
102800	166	2	164	98.79518072289156
102900	166	2	164	98.79518072289156
103000	166	2	164	98.79518072289156
103100	166	2	164	98.79518072289156
103200	166	2	164	98.79518072289156
103300	166	2	164	98.79518072289156
103400	166	2	164	98.79518072289156
103500	166	2	164	98.79518072289156
103600	166	2	164	98.79518072289156
103700	166	2	164	98.79518072289156
103800	166	2	164	98.79518072289156
103900	166	2	164	98.79518072289156
104000	167	2	165	98.80239520958084
104100	167	2	165	98.80239520958084
104200	167	2	165	98.80239520958084
104300	167	2	165	98.80239520958084
104400	167	2	165	98.80239520958084
104500	167	2	165	98.80239520958084
104600	167	2	165	98.80239520958084
104700	167	2	165	98.80239520958084
104800	168	2	166	98.80952380952381
104900	168	2	166	98.80952380952381
105000	169	2	167	98.81656804733728
105100	169	2	167	98.81656804733728
105200	169	2	167	98.81656804733728
105300	170	2	168	98.82352941176471
105400	170	2	168	98.82352941176471
105500	170	2	168	98.82352941176471
105600	170	2	168	98.82352941176471
105700	170	2	168	98.82352941176471
105800	170	2	168	98.82352941176471
105900	170	2	168	98.82352941176471
106000	170	2	168	98.82352941176471
106100	170	2	168	98.82352941176471
106200	170	2	168	98.82352941176471
106300	170	2	168	98.82352941176471
106400	170	2	168	98.82352941176471
106500	170	2	168	98.82352941176471
106600	170	2	168	98.82352941176471
106700	170	2	168	98.82352941176471
106800	170	2	168	98.82352941176471
106900	171	2	169	98.83040935672514
107000	171	2	169	98.83040935672514
107100	172	2	170	98.83720930232558
107200	172	2	170	98.83720930232558
107300	172	2	170	98.83720930232558
107400	172	2	170	98.83720930232558
107500	172	2	170	98.83720930232558
107600	172	2	170	98.83720930232558
107700	172	2	170	98.83720930232558
107800	172	2	170	98.83720930232558
107900	173	2	171	98.84393063583815
108000	173	2	171	98.84393063583815
108100	173	2	171	98.84393063583815
108200	174	2	172	98.85057471264368
108300	176	2	174	98.86363636363636
108400	176	2	174	98.86363636363636
108500	176	2	174	98.86363636363636
108600	176	2	174	98.86363636363636
108700	176	2	174	98.86363636363636
108800	176	2	174	98.86363636363636
108900	177	2	175	98.87005649717514
109000	177	2	175	98.87005649717514
109100	177	2	175	98.87005649717514
109200	177	2	175	98.87005649717514
109300	178	2	176	98.87640449438202
109400	178	2	176	98.87640449438202
109500	178	2	176	98.87640449438202
109600	178	2	176	98.87640449438202
109700	179	2	177	98.88268156424581
109800	179	2	177	98.88268156424581
109900	179	2	177	98.88268156424581
110000	180	2	178	98.88888888888889
110100	180	2	178	98.88888888888889
110200	181	2	179	98.89502762430939
110300	181	2	179	98.89502762430939
110400	181	2	179	98.89502762430939
110500	181	2	179	98.89502762430939
110600	181	2	179	98.89502762430939
110700	181	2	179	98.89502762430939
110800	181	2	179	98.89502762430939
110900	181	2	179	98.89502762430939
111000	181	2	179	98.89502762430939
111100	182	2	180	98.9010989010989
111200	182	2	180	98.9010989010989
111300	182	2	180	98.9010989010989
111400	182	2	180	98.9010989010989
111500	182	2	180	98.9010989010989
111600	182	2	180	98.9010989010989
111700	182	2	180	98.9010989010989
111800	182	2	180	98.9010989010989
111900	182	2	180	98.9010989010989
112000	182	2	180	98.9010989010989
112100	182	2	180	98.9010989010989
112200	182	2	180	98.9010989010989
112300	182	2	180	98.9010989010989
112400	182	2	180	98.9010989010989
112500	183	2	181	98.90710382513662
112600	183	2	181	98.90710382513662
112700	183	2	181	98.90710382513662
112800	183	2	181	98.90710382513662
112900	183	2	181	98.90710382513662
113000	184	2	182	98.91304347826086
113100	185	2	183	98.91891891891892
113200	185	2	183	98.91891891891892
113300	185	2	183	98.91891891891892
113400	185	2	183	98.91891891891892
113500	185	2	183	98.91891891891892
113600	185	2	183	98.91891891891892
113700	186	2	184	98.9247311827957
113800	186	2	184	98.9247311827957
113900	187	2	185	98.93048128342245
114000	187	2	185	98.93048128342245
114100	188	2	186	98.93617021276596
114200	188	2	186	98.93617021276596
114300	188	2	186	98.93617021276596
114400	188	2	186	98.93617021276596
114500	190	2	188	98.94736842105263
114600	190	2	188	98.94736842105263
114700	190	2	188	98.94736842105263
114800	190	2	188	98.94736842105263
114900	190	2	188	98.94736842105263
115000	190	2	188	98.94736842105263
115100	190	2	188	98.94736842105263
115200	190	2	188	98.94736842105263
115300	191	2	189	98.95287958115183
115400	191	2	189	98.95287958115183
115500	191	2	189	98.95287958115183
115600	192	2	190	98.95833333333334
115700	193	2	191	98.96373056994818
115800	193	2	191	98.96373056994818
115900	193	2	191	98.96373056994818
116000	193	2	191	98.96373056994818
116100	193	2	191	98.96373056994818
116200	193	2	191	98.96373056994818
116300	193	2	191	98.96373056994818
116400	193	2	191	98.96373056994818
116500	193	2	191	98.96373056994818
116600	193	2	191	98.96373056994818
116700	193	2	191	98.96373056994818
116800	195	2	193	98.97435897435898
116900	195	2	193	98.97435897435898
117000	195	2	193	98.97435897435898
117100	195	2	193	98.97435897435898
117200	195	2	193	98.97435897435898
117300	195	2	193	98.97435897435898
117400	195	2	193	98.97435897435898
117500	195	2	193	98.97435897435898
117600	195	2	193	98.97435897435898
117700	195	2	193	98.97435897435898
117800	195	2	193	98.97435897435898
117900	195	2	193	98.97435897435898
118000	195	2	193	98.97435897435898
118100	195	2	193	98.97435897435898
118200	195	2	193	98.97435897435898
118300	195	2	193	98.97435897435898
118400	195	2	193	98.97435897435898
118500	195	2	193	98.97435897435898
118600	196	2	194	98.9795918367347
118700	196	2	194	98.9795918367347
118800	197	2	195	98.98477157360406
118900	197	2	195	98.98477157360406
119000	197	2	195	98.98477157360406
119100	197	2	195	98.98477157360406
119200	198	2	196	98.98989898989899
119300	198	2	196	98.98989898989899
119400	198	2	196	98.98989898989899
119500	198	2	196	98.98989898989899
119600	198	2	196	98.98989898989899
119700	198	2	196	98.98989898989899
119800	198	2	196	98.98989898989899
119900	198	2	196	98.98989898989899
120000	198	2	196	98.98989898989899
120100	198	2	196	98.98989898989899
120200	198	2	196	98.98989898989899
120300	198	2	196	98.98989898989899
120400	198	2	196	98.98989898989899
120500	198	2	196	98.98989898989899
120600	198	2	196	98.98989898989899
120700	199	2	197	98.99497487437185
120800	200	2	198	99.0
120900	200	2	198	99.0
121000	200	2	198	99.0
121100	200	2	198	99.0
121200	200	2	198	99.0
121300	200	2	198	99.0
121400	200	2	198	99.0
121500	200	2	198	99.0
121600	200	2	198	99.0
121700	201	2	199	99.00497512437812
121800	201	2	199	99.00497512437812
121900	201	2	199	99.00497512437812
122000	201	2	199	99.00497512437812
122100	201	2	199	99.00497512437812
122200	201	2	199	99.00497512437812
122300	201	2	199	99.00497512437812
122400	201	2	199	99.00497512437812
122500	201	2	199	99.00497512437812
122600	201	2	199	99.00497512437812
122700	201	2	199	99.00497512437812
122800	201	2	199	99.00497512437812
122900	201	2	199	99.00497512437812
123000	201	2	199	99.00497512437812
123100	201	2	199	99.00497512437812
123200	201	2	199	99.00497512437812
123300	201	2	199	99.00497512437812
123400	201	2	199	99.00497512437812
123500	201	1	200	99.50248756218906
123600	201	1	200	99.50248756218906
123700	201	1	200	99.50248756218906
123800	201	1	200	99.50248756218906
123900	201	1	200	99.50248756218906
124000	201	1	200	99.50248756218906
124100	201	1	200	99.50248756218906
124200	201	1	200	99.50248756218906
124300	201	1	200	99.50248756218906
124400	202	1	201	99.5049504950495
124500	202	1	201	99.5049504950495
124600	202	1	201	99.5049504950495
124700	202	1	201	99.5049504950495
124800	202	1	201	99.5049504950495
124900	202	1	201	99.5049504950495
125000	202	1	201	99.5049504950495
125100	202	1	201	99.5049504950495
125200	202	1	201	99.5049504950495
125300	203	1	202	99.50738916256158
125400	203	1	202	99.50738916256158
125500	204	1	203	99.50980392156863
125600	204	1	203	99.50980392156863
125700	204	1	203	99.50980392156863
125800	204	1	203	99.50980392156863
125900	204	1	203	99.50980392156863
126000	204	1	203	99.50980392156863
126100	204	1	203	99.50980392156863
126200	204	1	203	99.50980392156863
126300	205	1	204	99.51219512195122
126400	205	1	204	99.51219512195122
126500	205	1	204	99.51219512195122
126600	205	1	204	99.51219512195122
126700	206	1	205	99.51456310679612
126800	206	1	205	99.51456310679612
126900	206	1	205	99.51456310679612
127000	206	1	205	99.51456310679612
127100	206	1	205	99.51456310679612
127200	206	1	205	99.51456310679612
127300	207	1	206	99.51690821256038
127400	208	1	207	99.51923076923077
127500	208	1	207	99.51923076923077
127600	208	1	207	99.51923076923077
127700	208	1	207	99.51923076923077
127800	208	1	207	99.51923076923077
127900	208	1	207	99.51923076923077
128000	208	1	207	99.51923076923077
128100	209	1	208	99.52153110047847
128200	209	1	208	99.52153110047847
128300	210	1	209	99.52380952380952
128400	210	1	209	99.52380952380952
128500	210	1	209	99.52380952380952
128600	211	1	210	99.52606635071089
128700	212	1	211	99.52830188679245
128800	212	1	211	99.52830188679245
128900	213	1	212	99.53051643192488
129000	214	1	213	99.53271028037383
129100	215	1	214	99.53488372093024
129200	215	1	214	99.53488372093024
129300	215	1	214	99.53488372093024
129400	216	1	215	99.53703703703704
129500	216	1	215	99.53703703703704
129600	216	1	215	99.53703703703704
129700	216	1	215	99.53703703703704
129800	216	1	215	99.53703703703704
129900	216	1	215	99.53703703703704
130000	216	1	215	99.53703703703704
130100	217	1	216	99.53917050691244
130200	217	1	216	99.53917050691244
130300	217	1	216	99.53917050691244
130400	217	1	216	99.53917050691244
130500	217	1	216	99.53917050691244
130600	217	1	216	99.53917050691244
130700	217	1	216	99.53917050691244
130800	217	1	216	99.53917050691244
130900	217	1	216	99.53917050691244
131000	217	1	216	99.53917050691244
131100	217	1	216	99.53917050691244
131200	218	1	217	99.54128440366972
131300	218	1	217	99.54128440366972
131400	219	1	218	99.54337899543378
131500	219	1	218	99.54337899543378
131600	219	1	218	99.54337899543378
131700	219	1	218	99.54337899543378
131800	219	1	218	99.54337899543378
131900	220	1	219	99.54545454545455
132000	221	1	220	99.5475113122172
132100	221	1	220	99.5475113122172
132200	221	1	220	99.5475113122172
132300	221	1	220	99.5475113122172
132400	222	1	221	99.54954954954955
132500	222	1	221	99.54954954954955
132600	223	1	222	99.55156950672645
132700	223	1	222	99.55156950672645
132800	223	1	222	99.55156950672645
132900	223	1	222	99.55156950672645
133000	223	1	222	99.55156950672645
133100	223	1	222	99.55156950672645
133200	224	1	223	99.55357142857143
133300	224	1	223	99.55357142857143
133400	224	1	223	99.55357142857143
133500	224	1	223	99.55357142857143
133600	224	1	223	99.55357142857143
133700	225	1	224	99.55555555555556
133800	225	1	224	99.55555555555556
133900	226	1	225	99.5575221238938
134000	226	1	225	99.5575221238938
134100	226	1	225	99.5575221238938
134200	226	1	225	99.5575221238938
134300	226	1	225	99.5575221238938
134400	226	1	225	99.5575221238938
134500	226	1	225	99.5575221238938
134600	226	1	225	99.5575221238938
134700	226	1	225	99.5575221238938
134800	226	1	225	99.5575221238938
134900	226	1	225	99.5575221238938
135000	226	1	225	99.5575221238938
135100	226	1	225	99.5575221238938
135200	226	1	225	99.5575221238938
135300	226	1	225	99.5575221238938
135400	226	1	225	99.5575221238938
135500	226	1	225	99.5575221238938
135600	226	1	225	99.5575221238938
135700	226	1	225	99.5575221238938
135800	226	1	225	99.5575221238938
135900	226	1	225	99.5575221238938
136000	226	1	225	99.5575221238938
136100	226	1	225	99.5575221238938
136200	226	1	225	99.5575221238938
136300	226	1	225	99.5575221238938
136400	226	1	225	99.5575221238938
136500	227	1	226	99.55947136563876
136600	228	1	227	99.56140350877193
136700	228	1	227	99.56140350877193
136800	228	1	227	99.56140350877193
136900	228	1	227	99.56140350877193
137000	228	1	227	99.56140350877193
137100	228	1	227	99.56140350877193
137200	228	1	227	99.56140350877193
137300	228	1	227	99.56140350877193
137400	228	1	227	99.56140350877193
137500	229	1	228	99.56331877729258
137600	229	1	228	99.56331877729258
137700	229	1	228	99.56331877729258
137800	229	1	228	99.56331877729258
137900	229	1	228	99.56331877729258
138000	229	1	228	99.56331877729258
138100	229	1	228	99.56331877729258
138200	229	1	228	99.56331877729258
138300	229	1	228	99.56331877729258
138400	229	1	228	99.56331877729258
138500	229	1	228	99.56331877729258
138600	229	1	228	99.56331877729258
138700	229	1	228	99.56331877729258
138800	229	1	228	99.56331877729258
138900	229	1	228	99.56331877729258
139000	229	1	228	99.56331877729258
139100	229	1	228	99.56331877729258
139200	229	1	228	99.56331877729258
139300	230	1	229	99.56521739130434
139400	230	1	229	99.56521739130434
139500	230	1	229	99.56521739130434
139600	232	1	231	99.56896551724138
139700	232	1	231	99.56896551724138
139800	232	1	231	99.56896551724138
139900	232	1	231	99.56896551724138
140000	232	1	231	99.56896551724138
140100	232	1	231	99.56896551724138
140200	232	1	231	99.56896551724138
140300	233	1	232	99.57081545064378
140400	233	1	232	99.57081545064378
140500	233	1	232	99.57081545064378
140600	234	1	233	99.57264957264957
140700	234	1	233	99.57264957264957
140800	234	1	233	99.57264957264957
140900	234	1	233	99.57264957264957
141000	235	1	234	99.57446808510639
141100	237	1	236	99.57805907172997
141200	237	1	236	99.57805907172997
141300	237	1	236	99.57805907172997
141400	237	1	236	99.57805907172997
141500	237	1	236	99.57805907172997
141600	237	1	236	99.57805907172997
141700	237	1	236	99.57805907172997
141800	237	1	236	99.57805907172997
141900	237	1	236	99.57805907172997
142000	237	1	236	99.57805907172997
142100	237	1	236	99.57805907172997
142200	238	1	237	99.57983193277312
142300	238	1	237	99.57983193277312
142400	238	1	237	99.57983193277312
142500	239	1	238	99.581589958159
142600	239	1	238	99.581589958159
142700	239	1	238	99.581589958159
142800	239	1	238	99.581589958159
142900	239	1	238	99.581589958159
143000	240	1	239	99.58333333333333
143100	240	1	239	99.58333333333333
143200	240	1	239	99.58333333333333
143300	241	1	240	99.5850622406639
143400	241	1	240	99.5850622406639
143500	241	1	240	99.5850622406639
143600	242	1	241	99.58677685950413
143700	242	1	241	99.58677685950413
143800	242	1	241	99.58677685950413
143900	242	1	241	99.58677685950413
144000	242	1	241	99.58677685950413
144100	242	1	241	99.58677685950413
144200	242	1	241	99.58677685950413
144300	242	1	241	99.58677685950413
144400	242	1	241	99.58677685950413
144500	242	1	241	99.58677685950413
144600	243	1	242	99.58847736625515
144700	243	1	242	99.58847736625515
144800	243	1	242	99.58847736625515
144900	243	1	242	99.58847736625515
145000	243	1	242	99.58847736625515
145100	243	1	242	99.58847736625515
145200	243	1	242	99.58847736625515
145300	243	1	242	99.58847736625515
145400	244	1	243	99.59016393442623
145500	244	1	243	99.59016393442623
145600	245	1	244	99.59183673469387
145700	245	1	244	99.59183673469387
145800	245	1	244	99.59183673469387
145900	245	1	244	99.59183673469387
146000	245	1	244	99.59183673469387
146100	246	1	245	99.59349593495935
146200	246	1	245	99.59349593495935
146300	247	1	246	99.59514170040485
146400	247	1	246	99.59514170040485
146500	247	1	246	99.59514170040485
146600	247	1	246	99.59514170040485
146700	247	1	246	99.59514170040485
146800	249	1	248	99.59839357429718
146900	249	1	248	99.59839357429718
147000	249	1	248	99.59839357429718
147100	250	1	249	99.6
147200	250	1	249	99.6
147300	250	1	249	99.6
147400	250	1	249	99.6
147500	250	1	249	99.6
147600	250	1	249	99.6
147700	250	1	249	99.6
147800	250	1	249	99.6
147900	250	1	249	99.6
148000	250	1	249	99.6
148100	250	1	249	99.6
148200	250	1	249	99.6
148300	250	1	249	99.6
148400	250	1	249	99.6
148500	250	1	249	99.6
148600	250	1	249	99.6
148700	251	1	250	99.60159362549801
148800	251	1	250	99.60159362549801
148900	251	1	250	99.60159362549801
149000	252	1	251	99.60317460317461
149100	252	1	251	99.60317460317461
149200	252	1	251	99.60317460317461
149300	252	1	251	99.60317460317461
149400	252	1	251	99.60317460317461
149500	252	1	251	99.60317460317461
149600	253	1	252	99.60474308300395
149700	253	1	252	99.60474308300395
149800	253	1	252	99.60474308300395
149900	253	1	252	99.60474308300395
150000	253	1	252	99.60474308300395
150100	253	1	252	99.60474308300395
150200	253	1	252	99.60474308300395
150300	254	1	253	99.60629921259843
150400	255	1	254	99.6078431372549
150500	256	1	255	99.609375
150600	256	1	255	99.609375
150700	257	1	256	99.61089494163424
150800	257	1	256	99.61089494163424
150900	257	1	256	99.61089494163424
151000	257	1	256	99.61089494163424
151100	258	1	257	99.6124031007752
151200	258	1	257	99.6124031007752
151300	258	1	257	99.6124031007752
151400	259	1	258	99.61389961389962
151500	259	1	258	99.61389961389962
151600	259	1	258	99.61389961389962
151700	260	1	259	99.61538461538461
151800	261	1	260	99.61685823754789
151900	263	1	262	99.61977186311786
152000	263	1	262	99.61977186311786
152100	263	1	262	99.61977186311786
152200	263	1	262	99.61977186311786
152300	263	1	262	99.61977186311786
152400	263	1	262	99.61977186311786
152500	263	1	262	99.61977186311786
152600	263	1	262	99.61977186311786
152700	263	1	262	99.61977186311786
152800	263	1	262	99.61977186311786
152900	264	1	263	99.62121212121212
153000	264	1	263	99.62121212121212
153100	264	1	263	99.62121212121212
153200	264	1	263	99.62121212121212
153300	264	1	263	99.62121212121212
153400	264	1	263	99.62121212121212
153500	264	1	263	99.62121212121212
153600	264	1	263	99.62121212121212
153700	264	1	263	99.62121212121212
153800	264	1	263	99.62121212121212
153900	264	1	263	99.62121212121212
154000	265	1	264	99.62264150943396
154100	265	1	264	99.62264150943396
154200	265	1	264	99.62264150943396
154300	265	1	264	99.62264150943396
154400	266	1	265	99.62406015037594
154500	266	1	265	99.62406015037594
154600	266	1	265	99.62406015037594
154700	266	1	265	99.62406015037594
154800	266	1	265	99.62406015037594
154900	266	1	265	99.62406015037594
155000	266	1	265	99.62406015037594
155100	266	1	265	99.62406015037594
155200	266	1	265	99.62406015037594
155300	267	1	266	99.625468164794
155400	267	1	266	99.625468164794
155500	267	1	266	99.625468164794
155600	267	1	266	99.625468164794
155700	267	1	266	99.625468164794
155800	267	1	266	99.625468164794
155900	267	1	266	99.625468164794
156000	267	1	266	99.625468164794
156100	267	1	266	99.625468164794
156200	267	1	266	99.625468164794
156300	267	1	266	99.625468164794
156400	267	1	266	99.625468164794
156500	267	1	266	99.625468164794
156600	267	1	266	99.625468164794
156700	267	1	266	99.625468164794
156800	267	1	266	99.625468164794
156900	268	1	267	99.6268656716418
157000	268	1	267	99.6268656716418
157100	268	1	267	99.6268656716418
157200	268	1	267	99.6268656716418
157300	268	1	267	99.6268656716418
157400	268	1	267	99.6268656716418
157500	268	1	267	99.6268656716418
157600	269	1	268	99.62825278810409
157700	269	1	268	99.62825278810409
157800	269	1	268	99.62825278810409
157900	269	1	268	99.62825278810409
158000	269	1	268	99.62825278810409
158100	269	1	268	99.62825278810409
158200	270	1	269	99.62962962962963
158300	270	1	269	99.62962962962963
158400	270	1	269	99.62962962962963
158500	270	1	269	99.62962962962963
158600	270	1	269	99.62962962962963
158700	270	1	269	99.62962962962963
158800	270	1	269	99.62962962962963
158900	270	1	269	99.62962962962963
159000	270	1	269	99.62962962962963
159100	270	1	269	99.62962962962963
159200	270	1	269	99.62962962962963
159300	270	1	269	99.62962962962963
159400	270	1	269	99.62962962962963
159500	270	1	269	99.62962962962963
159600	272	1	271	99.63235294117648
159700	272	1	271	99.63235294117648
159800	273	1	272	99.63369963369964
159900	276	1	275	99.63768115942028
160000	276	1	275	99.63768115942028
160100	276	1	275	99.63768115942028
160200	276	1	275	99.63768115942028
160300	277	1	276	99.63898916967509
160400	277	1	276	99.63898916967509
160500	277	1	276	99.63898916967509
160600	277	1	276	99.63898916967509
160700	277	1	276	99.63898916967509
160800	277	1	276	99.63898916967509
160900	277	1	276	99.63898916967509
161000	277	1	276	99.63898916967509
161100	278	1	277	99.64028776978418
161200	278	1	277	99.64028776978418
161300	278	1	277	99.64028776978418
161400	278	1	277	99.64028776978418
161500	278	1	277	99.64028776978418
161600	279	1	278	99.6415770609319
161700	281	1	280	99.644128113879
161800	283	1	282	99.64664310954063
161900	283	1	282	99.64664310954063
162000	283	1	282	99.64664310954063
162100	284	1	283	99.64788732394366
162200	285	1	284	99.64912280701755
162300	285	1	284	99.64912280701755
162400	285	1	284	99.64912280701755
162500	285	1	284	99.64912280701755
162600	285	1	284	99.64912280701755
162700	286	1	285	99.65034965034964
162800	286	1	285	99.65034965034964
162900	286	1	285	99.65034965034964
163000	286	1	285	99.65034965034964
163100	286	1	285	99.65034965034964
163200	286	1	285	99.65034965034964
163300	286	1	285	99.65034965034964
163400	286	1	285	99.65034965034964
163500	286	1	285	99.65034965034964
163600	286	1	285	99.65034965034964
163700	286	1	285	99.65034965034964
163800	286	1	285	99.65034965034964
163900	286	1	285	99.65034965034964
164000	286	1	285	99.65034965034964
164100	286	1	285	99.65034965034964
164200	286	1	285	99.65034965034964
164300	287	1	286	99.65156794425087
164400	287	1	286	99.65156794425087
164500	289	1	288	99.65397923875432
164600	289	1	288	99.65397923875432
164700	290	1	289	99.6551724137931
164800	291	1	290	99.65635738831615
164900	291	1	290	99.65635738831615
165000	291	1	290	99.65635738831615
165100	292	1	291	99.65753424657534
165200	292	1	291	99.65753424657534
165300	294	1	293	99.65986394557824
165400	294	1	293	99.65986394557824
165500	295	1	294	99.66101694915255
165600	295	1	294	99.66101694915255
165700	297	1	296	99.66329966329967
165800	297	1	296	99.66329966329967
165900	297	1	296	99.66329966329967
166000	298	1	297	99.66442953020133
166100	298	1	297	99.66442953020133
166200	298	1	297	99.66442953020133
166300	298	1	297	99.66442953020133
166400	298	1	297	99.66442953020133
166500	298	1	297	99.66442953020133
166600	298	1	297	99.66442953020133
166700	298	1	297	99.66442953020133
166800	299	1	298	99.66555183946488
166900	299	1	298	99.66555183946488
167000	300	1	299	99.66666666666667
167100	300	1	299	99.66666666666667
167200	300	1	299	99.66666666666667
167300	300	1	299	99.66666666666667
167400	301	1	300	99.66777408637874
167500	301	1	300	99.66777408637874
167600	301	1	300	99.66777408637874
167700	301	1	300	99.66777408637874
167800	301	1	300	99.66777408637874
