#MCS	Initial_cells	Initial_cells_activated	Initial_cells_with_1_or_more_divisions	Percent_initial_cells_with_1_or_more_divisions_respect_totalinitial	Percent_initial_cells_with_1_or_more_divisions_respect_activatedinitial
0	100	1	0	0.0	0.0
100	100	8	0	0.0	0.0
200	100	13	0	0.0	0.0
300	100	15	0	0.0	0.0
400	100	16	0	0.0	0.0
500	100	16	0	0.0	0.0
600	100	18	0	0.0	0.0
700	100	19	0	0.0	0.0
800	100	22	0	0.0	0.0
900	100	23	0	0.0	0.0
1000	100	26	0	0.0	0.0
1100	100	26	0	0.0	0.0
1200	100	26	0	0.0	0.0
1300	100	27	0	0.0	0.0
1400	100	28	0	0.0	0.0
1500	100	30	0	0.0	0.0
1600	100	31	0	0.0	0.0
1700	100	32	0	0.0	0.0
1800	100	32	0	0.0	0.0
1900	100	34	0	0.0	0.0
2000	100	34	0	0.0	0.0
2100	100	36	0	0.0	0.0
2200	100	36	0	0.0	0.0
2300	100	37	0	0.0	0.0
2400	100	37	0	0.0	0.0
2500	100	38	0	0.0	0.0
2600	100	38	0	0.0	0.0
2700	100	39	0	0.0	0.0
2800	100	40	0	0.0	0.0
2900	100	40	0	0.0	0.0
3000	100	41	0	0.0	0.0
3100	100	41	0	0.0	0.0
3200	100	41	0	0.0	0.0
3300	100	42	0	0.0	0.0
3400	100	42	0	0.0	0.0
3500	100	42	0	0.0	0.0
3600	100	42	0	0.0	0.0
3700	100	42	0	0.0	0.0
3800	100	42	0	0.0	0.0
3900	100	42	0	0.0	0.0
4000	100	42	0	0.0	0.0
4100	100	42	0	0.0	0.0
4200	100	42	0	0.0	0.0
4300	100	42	0	0.0	0.0
4400	100	42	0	0.0	0.0
4500	100	42	0	0.0	0.0
4600	100	42	0	0.0	0.0
4700	100	43	0	0.0	0.0
4800	100	43	0	0.0	0.0
4900	100	43	0	0.0	0.0
5000	100	43	0	0.0	0.0
5100	100	43	0	0.0	0.0
5200	100	43	0	0.0	0.0
5300	100	43	0	0.0	0.0
5400	100	43	0	0.0	0.0
5500	100	44	0	0.0	0.0
5600	100	44	0	0.0	0.0
5700	100	45	0	0.0	0.0
5800	100	46	0	0.0	0.0
5900	100	46	0	0.0	0.0
6000	100	46	0	0.0	0.0
6100	100	46	0	0.0	0.0
6200	100	46	0	0.0	0.0
6300	100	46	0	0.0	0.0
6400	100	46	0	0.0	0.0
6500	100	46	0	0.0	0.0
6600	100	46	0	0.0	0.0
6700	100	46	0	0.0	0.0
6800	100	46	0	0.0	0.0
6900	100	47	0	0.0	0.0
7000	100	47	0	0.0	0.0
7100	100	47	0	0.0	0.0
7200	100	47	0	0.0	0.0
7300	100	47	0	0.0	0.0
7400	100	47	0	0.0	0.0
7500	100	47	0	0.0	0.0
7600	100	47	0	0.0	0.0
7700	100	47	0	0.0	0.0
7800	100	47	0	0.0	0.0
7900	100	47	0	0.0	0.0
8000	100	48	0	0.0	0.0
8100	100	48	0	0.0	0.0
8200	100	48	0	0.0	0.0
8300	100	48	0	0.0	0.0
8400	100	48	0	0.0	0.0
8500	100	48	0	0.0	0.0
8600	100	48	0	0.0	0.0
8700	100	48	0	0.0	0.0
8800	100	48	0	0.0	0.0
8900	100	49	0	0.0	0.0
9000	100	49	0	0.0	0.0
9100	100	50	0	0.0	0.0
9200	100	51	0	0.0	0.0
9300	100	51	0	0.0	0.0
9400	100	51	0	0.0	0.0
9500	100	52	0	0.0	0.0
9600	100	55	0	0.0	0.0
9700	100	56	0	0.0	0.0
9800	100	56	0	0.0	0.0
9900	100	56	0	0.0	0.0
10000	100	56	0	0.0	0.0
10100	100	56	0	0.0	0.0
10200	100	56	0	0.0	0.0
10300	100	56	0	0.0	0.0
10400	100	56	0	0.0	0.0
10500	100	56	0	0.0	0.0
10600	100	56	0	0.0	0.0
10700	100	56	0	0.0	0.0
10800	100	56	0	0.0	0.0
10900	100	56	0	0.0	0.0
11000	100	56	0	0.0	0.0
11100	100	56	0	0.0	0.0
11200	100	57	0	0.0	0.0
11300	100	57	0	0.0	0.0
11400	100	57	0	0.0	0.0
11500	100	57	0	0.0	0.0
11600	100	57	0	0.0	0.0
11700	100	57	0	0.0	0.0
11800	100	58	0	0.0	0.0
11900	100	58	0	0.0	0.0
12000	100	59	0	0.0	0.0
12100	100	59	0	0.0	0.0
12200	100	59	0	0.0	0.0
12300	100	59	0	0.0	0.0
12400	100	59	0	0.0	0.0
12500	100	59	0	0.0	0.0
12600	100	59	0	0.0	0.0
12700	100	59	0	0.0	0.0
12800	100	59	0	0.0	0.0
12900	100	59	0	0.0	0.0
13000	100	60	0	0.0	0.0
13100	100	60	0	0.0	0.0
13200	100	60	0	0.0	0.0
13300	100	60	0	0.0	0.0
13400	100	60	0	0.0	0.0
13500	100	60	0	0.0	0.0
13600	100	61	0	0.0	0.0
13700	100	61	0	0.0	0.0
13800	100	61	0	0.0	0.0
13900	100	61	0	0.0	0.0
14000	100	61	0	0.0	0.0
14100	100	61	0	0.0	0.0
14200	100	61	0	0.0	0.0
14300	100	62	0	0.0	0.0
14400	100	62	0	0.0	0.0
14500	100	62	0	0.0	0.0
14600	100	62	0	0.0	0.0
14700	100	62	0	0.0	0.0
14800	100	62	0	0.0	0.0
14900	100	62	0	0.0	0.0
15000	100	62	0	0.0	0.0
15100	100	62	0	0.0	0.0
15200	100	62	0	0.0	0.0
15300	100	62	0	0.0	0.0
15400	100	62	0	0.0	0.0
15500	100	62	0	0.0	0.0
15600	100	62	0	0.0	0.0
15700	100	64	0	0.0	0.0
15800	100	64	0	0.0	0.0
15900	100	64	0	0.0	0.0
16000	100	64	0	0.0	0.0
16100	100	64	0	0.0	0.0
16200	100	64	0	0.0	0.0
16300	100	64	0	0.0	0.0
16400	100	64	0	0.0	0.0
16500	100	64	0	0.0	0.0
16600	100	64	0	0.0	0.0
16700	100	65	0	0.0	0.0
16800	100	65	0	0.0	0.0
16900	100	65	0	0.0	0.0
17000	100	65	0	0.0	0.0
17100	100	66	0	0.0	0.0
17200	100	66	0	0.0	0.0
17300	100	66	0	0.0	0.0
17400	100	66	0	0.0	0.0
17500	100	66	0	0.0	0.0
17600	100	66	0	0.0	0.0
17700	100	66	0	0.0	0.0
17800	100	67	0	0.0	0.0
17900	100	67	0	0.0	0.0
18000	100	67	0	0.0	0.0
18100	100	67	0	0.0	0.0
18200	100	67	0	0.0	0.0
18300	100	67	0	0.0	0.0
18400	100	67	0	0.0	0.0
18500	100	67	0	0.0	0.0
18600	100	67	0	0.0	0.0
18700	100	68	0	0.0	0.0
18800	100	68	0	0.0	0.0
18900	100	69	0	0.0	0.0
19000	100	69	0	0.0	0.0
19100	100	70	0	0.0	0.0
19200	100	70	0	0.0	0.0
19300	100	70	0	0.0	0.0
19400	100	70	0	0.0	0.0
19500	100	70	0	0.0	0.0
19600	100	70	0	0.0	0.0
19700	100	70	0	0.0	0.0
19800	100	70	0	0.0	0.0
19900	100	70	0	0.0	0.0
20000	100	70	0	0.0	0.0
20100	100	70	0	0.0	0.0
20200	100	70	0	0.0	0.0
20300	100	70	0	0.0	0.0
20400	100	70	0	0.0	0.0
20500	100	70	0	0.0	0.0
20600	100	70	0	0.0	0.0
20700	100	70	0	0.0	0.0
20800	100	70	0	0.0	0.0
20900	100	71	0	0.0	0.0
21000	100	71	0	0.0	0.0
21100	100	71	0	0.0	0.0
21200	100	71	0	0.0	0.0
21300	100	71	0	0.0	0.0
21400	100	71	0	0.0	0.0
21500	100	72	0	0.0	0.0
21600	100	72	0	0.0	0.0
21700	100	72	0	0.0	0.0
21800	100	72	0	0.0	0.0
21900	100	72	0	0.0	0.0
22000	100	72	0	0.0	0.0
22100	100	73	0	0.0	0.0
22200	100	73	0	0.0	0.0
22300	100	73	0	0.0	0.0
22400	100	73	0	0.0	0.0
22500	100	73	0	0.0	0.0
22600	100	73	0	0.0	0.0
22700	100	73	0	0.0	0.0
22800	100	73	0	0.0	0.0
22900	100	73	0	0.0	0.0
23000	100	73	0	0.0	0.0
23100	100	73	0	0.0	0.0
23200	100	73	0	0.0	0.0
23300	100	73	0	0.0	0.0
23400	100	73	0	0.0	0.0
23500	100	73	0	0.0	0.0
23600	100	73	0	0.0	0.0
23700	100	73	0	0.0	0.0
23800	100	73	0	0.0	0.0
23900	100	73	0	0.0	0.0
24000	100	73	0	0.0	0.0
24100	100	73	0	0.0	0.0
24200	100	74	0	0.0	0.0
24300	100	74	0	0.0	0.0
24400	100	74	0	0.0	0.0
24500	100	74	0	0.0	0.0
24600	100	74	0	0.0	0.0
24700	100	74	0	0.0	0.0
24800	100	74	0	0.0	0.0
24900	100	74	0	0.0	0.0
25000	100	74	0	0.0	0.0
25100	100	74	0	0.0	0.0
25200	100	74	0	0.0	0.0
25300	100	74	0	0.0	0.0
25400	100	74	0	0.0	0.0
25500	100	74	0	0.0	0.0
25600	100	74	0	0.0	0.0
25700	100	74	0	0.0	0.0
25800	100	74	0	0.0	0.0
25900	100	74	0	0.0	0.0
26000	100	74	0	0.0	0.0
26100	100	74	0	0.0	0.0
26200	100	74	0	0.0	0.0
26300	100	74	0	0.0	0.0
26400	100	74	0	0.0	0.0
26500	100	74	0	0.0	0.0
26600	100	75	0	0.0	0.0
26700	100	75	0	0.0	0.0
26800	100	76	0	0.0	0.0
26900	100	76	0	0.0	0.0
27000	100	76	0	0.0	0.0
27100	100	77	0	0.0	0.0
27200	100	77	0	0.0	0.0
27300	100	77	0	0.0	0.0
27400	100	77	0	0.0	0.0
27500	100	77	0	0.0	0.0
27600	100	77	0	0.0	0.0
27700	100	77	0	0.0	0.0
27800	100	77	0	0.0	0.0
27900	100	77	0	0.0	0.0
28000	100	77	0	0.0	0.0
28100	100	77	0	0.0	0.0
28200	100	77	0	0.0	0.0
28300	100	77	0	0.0	0.0
28400	100	77	0	0.0	0.0
28500	100	77	0	0.0	0.0
28600	100	77	0	0.0	0.0
28700	100	77	0	0.0	0.0
28800	100	77	0	0.0	0.0
28900	100	77	0	0.0	0.0
29000	100	77	0	0.0	0.0
29100	100	77	0	0.0	0.0
29200	100	78	0	0.0	0.0
29300	100	78	0	0.0	0.0
29400	100	79	0	0.0	0.0
29500	100	79	0	0.0	0.0
29600	100	79	0	0.0	0.0
29700	100	79	0	0.0	0.0
29800	100	79	0	0.0	0.0
29900	100	80	0	0.0	0.0
30000	100	80	0	0.0	0.0
30100	100	80	0	0.0	0.0
30200	100	80	0	0.0	0.0
30300	100	80	0	0.0	0.0
30400	100	80	0	0.0	0.0
30500	100	80	0	0.0	0.0
30600	100	80	0	0.0	0.0
30700	100	80	0	0.0	0.0
30800	100	80	0	0.0	0.0
30900	100	80	0	0.0	0.0
31000	100	80	0	0.0	0.0
31100	100	80	0	0.0	0.0
31200	100	80	0	0.0	0.0
31300	100	81	0	0.0	0.0
31400	100	81	0	0.0	0.0
31500	100	81	0	0.0	0.0
31600	100	81	0	0.0	0.0
31700	100	81	0	0.0	0.0
31800	100	81	0	0.0	0.0
31900	100	81	0	0.0	0.0
32000	100	81	0	0.0	0.0
32100	100	81	0	0.0	0.0
32200	100	81	0	0.0	0.0
32300	100	81	0	0.0	0.0
32400	100	81	0	0.0	0.0
32500	100	81	0	0.0	0.0
32600	100	81	0	0.0	0.0
32700	100	81	0	0.0	0.0
32800	100	81	0	0.0	0.0
32900	100	81	0	0.0	0.0
33000	100	81	0	0.0	0.0
33100	100	81	0	0.0	0.0
33200	100	81	0	0.0	0.0
33300	100	81	0	0.0	0.0
33400	100	81	0	0.0	0.0
33500	100	81	0	0.0	0.0
33600	100	81	0	0.0	0.0
33700	100	81	0	0.0	0.0
33800	100	81	0	0.0	0.0
33900	100	81	0	0.0	0.0
34000	100	81	0	0.0	0.0
34100	100	81	0	0.0	0.0
34200	100	81	0	0.0	0.0
34300	100	81	0	0.0	0.0
34400	100	81	0	0.0	0.0
34500	100	81	0	0.0	0.0
34600	100	81	0	0.0	0.0
34700	100	81	0	0.0	0.0
34800	100	81	0	0.0	0.0
34900	100	81	0	0.0	0.0
35000	100	81	0	0.0	0.0
35100	100	81	0	0.0	0.0
35200	100	81	0	0.0	0.0
35300	100	81	0	0.0	0.0
35400	100	81	0	0.0	0.0
35500	100	81	0	0.0	0.0
35600	100	81	0	0.0	0.0
35700	100	81	0	0.0	0.0
35800	100	81	0	0.0	0.0
35900	100	81	0	0.0	0.0
36000	100	81	0	0.0	0.0
36100	100	81	0	0.0	0.0
36200	100	81	0	0.0	0.0
36300	100	81	0	0.0	0.0
36400	100	81	0	0.0	0.0
36500	100	81	0	0.0	0.0
36600	100	81	0	0.0	0.0
36700	100	81	0	0.0	0.0
36800	100	81	0	0.0	0.0
36900	100	81	0	0.0	0.0
37000	100	81	0	0.0	0.0
37100	100	81	0	0.0	0.0
37200	100	81	0	0.0	0.0
37300	100	81	0	0.0	0.0
37400	100	81	0	0.0	0.0
37500	100	81	0	0.0	0.0
37600	100	82	0	0.0	0.0
37700	100	82	0	0.0	0.0
37800	100	82	0	0.0	0.0
37900	100	82	0	0.0	0.0
38000	100	82	0	0.0	0.0
38100	100	82	0	0.0	0.0
38200	100	82	0	0.0	0.0
38300	100	82	0	0.0	0.0
38400	100	83	0	0.0	0.0
38500	100	83	0	0.0	0.0
38600	100	83	0	0.0	0.0
38700	100	83	0	0.0	0.0
38800	100	83	0	0.0	0.0
38900	100	83	0	0.0	0.0
39000	100	83	0	0.0	0.0
39100	100	83	0	0.0	0.0
39200	100	83	0	0.0	0.0
39300	100	83	0	0.0	0.0
39400	100	83	0	0.0	0.0
39500	100	83	0	0.0	0.0
39600	100	83	0	0.0	0.0
39700	100	83	0	0.0	0.0
39800	100	83	0	0.0	0.0
39900	100	83	0	0.0	0.0
40000	100	83	0	0.0	0.0
40100	100	83	0	0.0	0.0
40200	100	83	0	0.0	0.0
40300	100	83	0	0.0	0.0
40400	100	83	0	0.0	0.0
40500	100	83	0	0.0	0.0
40600	100	83	0	0.0	0.0
40700	100	84	0	0.0	0.0
40800	100	84	0	0.0	0.0
40900	100	84	0	0.0	0.0
41000	100	84	1	1.0	1.1904761904761905
41100	100	84	1	1.0	1.1904761904761905
41200	100	84	1	1.0	1.1904761904761905
41300	100	84	1	1.0	1.1904761904761905
41400	100	85	1	1.0	1.1764705882352942
41500	100	85	1	1.0	1.1764705882352942
41600	100	86	1	1.0	1.1627906976744187
41700	100	86	1	1.0	1.1627906976744187
41800	100	86	1	1.0	1.1627906976744187
41900	100	86	1	1.0	1.1627906976744187
42000	100	86	1	1.0	1.1627906976744187
42100	100	86	1	1.0	1.1627906976744187
42200	100	86	1	1.0	1.1627906976744187
42300	100	86	1	1.0	1.1627906976744187
42400	100	86	1	1.0	1.1627906976744187
42500	100	87	1	1.0	1.1494252873563218
42600	100	87	1	1.0	1.1494252873563218
42700	100	87	1	1.0	1.1494252873563218
42800	100	87	1	1.0	1.1494252873563218
42900	100	87	1	1.0	1.1494252873563218
43000	100	87	1	1.0	1.1494252873563218
43100	100	87	1	1.0	1.1494252873563218
43200	100	87	1	1.0	1.1494252873563218
43300	100	87	1	1.0	1.1494252873563218
43400	100	87	1	1.0	1.1494252873563218
43500	100	87	1	1.0	1.1494252873563218
43600	100	87	1	1.0	1.1494252873563218
43700	100	87	1	1.0	1.1494252873563218
43800	100	87	1	1.0	1.1494252873563218
43900	100	87	1	1.0	1.1494252873563218
44000	100	87	1	1.0	1.1494252873563218
44100	100	87	1	1.0	1.1494252873563218
44200	100	87	1	1.0	1.1494252873563218
44300	100	87	1	1.0	1.1494252873563218
44400	100	87	1	1.0	1.1494252873563218
44500	100	87	1	1.0	1.1494252873563218
44600	100	87	1	1.0	1.1494252873563218
44700	100	87	1	1.0	1.1494252873563218
44800	100	87	1	1.0	1.1494252873563218
44900	100	87	1	1.0	1.1494252873563218
45000	100	87	1	1.0	1.1494252873563218
45100	100	87	1	1.0	1.1494252873563218
45200	100	87	1	1.0	1.1494252873563218
45300	100	87	1	1.0	1.1494252873563218
45400	100	87	1	1.0	1.1494252873563218
45500	100	87	1	1.0	1.1494252873563218
45600	100	87	2	2.0	2.2988505747126435
45700	100	87	2	2.0	2.2988505747126435
45800	100	87	2	2.0	2.2988505747126435
45900	100	87	2	2.0	2.2988505747126435
46000	100	87	3	3.0	3.4482758620689653
46100	100	87	3	3.0	3.4482758620689653
46200	100	87	4	4.0	4.597701149425287
46300	100	87	4	4.0	4.597701149425287
46400	100	87	4	4.0	4.597701149425287
46500	100	87	4	4.0	4.597701149425287
46600	100	87	4	4.0	4.597701149425287
46700	100	87	4	4.0	4.597701149425287
46800	100	87	4	4.0	4.597701149425287
46900	100	87	4	4.0	4.597701149425287
47000	100	87	5	5.0	5.747126436781609
47100	100	87	5	5.0	5.747126436781609
47200	100	87	5	5.0	5.747126436781609
47300	100	87	5	5.0	5.747126436781609
47400	100	87	5	5.0	5.747126436781609
47500	100	87	5	5.0	5.747126436781609
47600	100	87	5	5.0	5.747126436781609
47700	100	87	5	5.0	5.747126436781609
47800	100	87	5	5.0	5.747126436781609
47900	100	87	5	5.0	5.747126436781609
48000	100	87	5	5.0	5.747126436781609
48100	100	87	5	5.0	5.747126436781609
48200	100	87	5	5.0	5.747126436781609
48300	100	87	5	5.0	5.747126436781609
48400	100	87	5	5.0	5.747126436781609
48500	100	87	5	5.0	5.747126436781609
48600	100	87	6	6.0	6.896551724137931
48700	100	87	6	6.0	6.896551724137931
48800	100	87	6	6.0	6.896551724137931
48900	100	87	6	6.0	6.896551724137931
49000	100	87	6	6.0	6.896551724137931
49100	100	87	6	6.0	6.896551724137931
49200	100	87	6	6.0	6.896551724137931
49300	100	87	6	6.0	6.896551724137931
49400	100	87	6	6.0	6.896551724137931
49500	100	87	6	6.0	6.896551724137931
49600	100	87	6	6.0	6.896551724137931
49700	100	87	6	6.0	6.896551724137931
49800	100	87	6	6.0	6.896551724137931
49900	100	87	6	6.0	6.896551724137931
50000	100	87	6	6.0	6.896551724137931
50100	100	87	6	6.0	6.896551724137931
50200	100	87	6	6.0	6.896551724137931
50300	100	88	6	6.0	6.8181818181818175
50400	100	88	6	6.0	6.8181818181818175
50500	100	88	6	6.0	6.8181818181818175
50600	100	88	6	6.0	6.8181818181818175
50700	100	88	6	6.0	6.8181818181818175
50800	100	88	6	6.0	6.8181818181818175
50900	100	88	6	6.0	6.8181818181818175
51000	100	88	6	6.0	6.8181818181818175
51100	100	88	6	6.0	6.8181818181818175
51200	100	89	6	6.0	6.741573033707865
51300	100	89	6	6.0	6.741573033707865
51400	100	89	6	6.0	6.741573033707865
51500	100	89	7	7.000000000000001	7.865168539325842
51600	100	89	7	7.000000000000001	7.865168539325842
51700	100	89	7	7.000000000000001	7.865168539325842
51800	100	89	7	7.000000000000001	7.865168539325842
51900	100	89	7	7.000000000000001	7.865168539325842
52000	100	89	9	9.0	10.112359550561797
52100	100	89	9	9.0	10.112359550561797
52200	100	89	9	9.0	10.112359550561797
52300	100	89	9	9.0	10.112359550561797
52400	100	89	10	10.0	11.235955056179774
52500	100	89	10	10.0	11.235955056179774
52600	100	89	10	10.0	11.235955056179774
52700	100	89	10	10.0	11.235955056179774
52800	100	89	10	10.0	11.235955056179774
52900	100	89	10	10.0	11.235955056179774
53000	100	89	10	10.0	11.235955056179774
53100	100	89	10	10.0	11.235955056179774
53200	100	89	10	10.0	11.235955056179774
53300	100	89	10	10.0	11.235955056179774
53400	100	89	11	11.0	12.359550561797752
53500	100	90	11	11.0	12.222222222222221
53600	100	90	11	11.0	12.222222222222221
53700	100	90	11	11.0	12.222222222222221
53800	100	90	11	11.0	12.222222222222221
53900	100	91	11	11.0	12.087912087912088
54000	100	91	11	11.0	12.087912087912088
54100	100	91	11	11.0	12.087912087912088
54200	100	91	11	11.0	12.087912087912088
54300	100	91	11	11.0	12.087912087912088
54400	100	91	11	11.0	12.087912087912088
54500	100	91	12	12.0	13.186813186813188
54600	100	91	12	12.0	13.186813186813188
54700	100	91	12	12.0	13.186813186813188
54800	100	91	12	12.0	13.186813186813188
54900	100	91	12	12.0	13.186813186813188
55000	100	91	12	12.0	13.186813186813188
55100	100	91	13	13.0	14.285714285714285
55200	100	91	13	13.0	14.285714285714285
55300	100	91	13	13.0	14.285714285714285
55400	100	91	13	13.0	14.285714285714285
55500	100	91	13	13.0	14.285714285714285
55600	100	91	13	13.0	14.285714285714285
55700	100	91	13	13.0	14.285714285714285
55800	100	91	13	13.0	14.285714285714285
55900	100	91	13	13.0	14.285714285714285
56000	100	91	13	13.0	14.285714285714285
56100	100	91	13	13.0	14.285714285714285
56200	100	91	13	13.0	14.285714285714285
56300	100	91	14	14.000000000000002	15.384615384615385
56400	100	91	14	14.000000000000002	15.384615384615385
56500	100	91	14	14.000000000000002	15.384615384615385
56600	100	91	14	14.000000000000002	15.384615384615385
56700	100	91	15	15.0	16.483516483516482
56800	100	91	15	15.0	16.483516483516482
56900	100	91	15	15.0	16.483516483516482
57000	100	91	15	15.0	16.483516483516482
57100	100	91	15	15.0	16.483516483516482
57200	100	91	15	15.0	16.483516483516482
57300	100	91	15	15.0	16.483516483516482
57400	100	91	15	15.0	16.483516483516482
57500	100	91	15	15.0	16.483516483516482
57600	100	91	15	15.0	16.483516483516482
57700	100	91	15	15.0	16.483516483516482
57800	100	91	15	15.0	16.483516483516482
57900	100	91	15	15.0	16.483516483516482
58000	100	91	15	15.0	16.483516483516482
58100	100	91	15	15.0	16.483516483516482
58200	100	91	15	15.0	16.483516483516482
58300	100	91	15	15.0	16.483516483516482
58400	100	91	15	15.0	16.483516483516482
58500	100	91	15	15.0	16.483516483516482
58600	100	91	15	15.0	16.483516483516482
58700	100	91	15	15.0	16.483516483516482
58800	100	91	15	15.0	16.483516483516482
58900	100	91	15	15.0	16.483516483516482
59000	100	91	15	15.0	16.483516483516482
59100	100	91	15	15.0	16.483516483516482
59200	100	91	15	15.0	16.483516483516482
59300	100	91	15	15.0	16.483516483516482
59400	100	91	15	15.0	16.483516483516482
59500	100	91	15	15.0	16.483516483516482
59600	100	91	15	15.0	16.483516483516482
59700	100	91	15	15.0	16.483516483516482
59800	100	91	15	15.0	16.483516483516482
59900	100	91	15	15.0	16.483516483516482
60000	100	92	15	15.0	16.304347826086957
60100	100	92	15	15.0	16.304347826086957
60200	100	92	17	17.0	18.478260869565215
60300	100	92	17	17.0	18.478260869565215
60400	100	92	17	17.0	18.478260869565215
60500	100	92	17	17.0	18.478260869565215
60600	100	92	17	17.0	18.478260869565215
60700	100	92	18	18.0	19.565217391304348
60800	100	92	18	18.0	19.565217391304348
60900	100	92	18	18.0	19.565217391304348
61000	100	92	18	18.0	19.565217391304348
61100	100	92	18	18.0	19.565217391304348
61200	100	92	18	18.0	19.565217391304348
61300	100	92	18	18.0	19.565217391304348
61400	100	92	18	18.0	19.565217391304348
61500	100	92	18	18.0	19.565217391304348
61600	100	92	18	18.0	19.565217391304348
61700	100	92	18	18.0	19.565217391304348
61800	100	92	18	18.0	19.565217391304348
61900	100	92	18	18.0	19.565217391304348
62000	100	92	18	18.0	19.565217391304348
62100	100	92	18	18.0	19.565217391304348
62200	100	92	18	18.0	19.565217391304348
62300	100	92	18	18.0	19.565217391304348
62400	100	92	18	18.0	19.565217391304348
62500	100	92	18	18.0	19.565217391304348
62600	100	92	18	18.0	19.565217391304348
62700	100	92	18	18.0	19.565217391304348
62800	100	92	18	18.0	19.565217391304348
62900	100	92	18	18.0	19.565217391304348
63000	100	92	18	18.0	19.565217391304348
63100	100	92	18	18.0	19.565217391304348
63200	100	92	18	18.0	19.565217391304348
63300	100	92	18	18.0	19.565217391304348
63400	100	93	18	18.0	19.35483870967742
63500	100	93	18	18.0	19.35483870967742
63600	100	93	18	18.0	19.35483870967742
63700	100	93	18	18.0	19.35483870967742
63800	100	93	18	18.0	19.35483870967742
63900	100	93	18	18.0	19.35483870967742
64000	100	93	18	18.0	19.35483870967742
64100	100	93	18	18.0	19.35483870967742
64200	100	93	18	18.0	19.35483870967742
64300	100	93	18	18.0	19.35483870967742
64400	100	93	18	18.0	19.35483870967742
64500	100	93	18	18.0	19.35483870967742
64600	100	93	18	18.0	19.35483870967742
64700	100	93	18	18.0	19.35483870967742
64800	100	93	19	19.0	20.43010752688172
64900	100	93	19	19.0	20.43010752688172
65000	100	93	19	19.0	20.43010752688172
65100	100	93	19	19.0	20.43010752688172
65200	100	93	19	19.0	20.43010752688172
65300	100	93	19	19.0	20.43010752688172
65400	100	93	19	19.0	20.43010752688172
65500	100	93	20	20.0	21.50537634408602
65600	100	93	20	20.0	21.50537634408602
65700	100	93	20	20.0	21.50537634408602
65800	100	93	20	20.0	21.50537634408602
65900	100	93	20	20.0	21.50537634408602
66000	100	93	20	20.0	21.50537634408602
66100	100	93	21	21.0	22.58064516129032
66200	100	93	21	21.0	22.58064516129032
66300	100	93	21	21.0	22.58064516129032
66400	100	93	21	21.0	22.58064516129032
66500	100	93	21	21.0	22.58064516129032
66600	100	93	22	22.0	23.655913978494624
66700	100	93	22	22.0	23.655913978494624
66800	100	93	22	22.0	23.655913978494624
66900	100	93	22	22.0	23.655913978494624
67000	100	93	23	23.0	24.731182795698924
67100	100	93	23	23.0	24.731182795698924
67200	100	93	23	23.0	24.731182795698924
67300	100	93	23	23.0	24.731182795698924
67400	100	93	23	23.0	24.731182795698924
67500	100	93	23	23.0	24.731182795698924
67600	100	93	23	23.0	24.731182795698924
67700	100	93	23	23.0	24.731182795698924
67800	100	93	24	24.0	25.806451612903224
67900	100	93	25	25.0	26.881720430107524
68000	100	93	25	25.0	26.881720430107524
68100	100	93	25	25.0	26.881720430107524
68200	100	93	26	26.0	27.956989247311824
68300	100	93	26	26.0	27.956989247311824
68400	100	93	26	26.0	27.956989247311824
68500	100	93	26	26.0	27.956989247311824
68600	100	93	26	26.0	27.956989247311824
68700	100	93	26	26.0	27.956989247311824
68800	100	93	26	26.0	27.956989247311824
68900	100	93	26	26.0	27.956989247311824
69000	100	93	26	26.0	27.956989247311824
69100	100	93	26	26.0	27.956989247311824
69200	100	93	26	26.0	27.956989247311824
69300	100	93	26	26.0	27.956989247311824
69400	100	93	26	26.0	27.956989247311824
69500	100	93	26	26.0	27.956989247311824
69600	100	94	26	26.0	27.659574468085108
69700	100	94	26	26.0	27.659574468085108
69800	100	94	26	26.0	27.659574468085108
69900	100	94	26	26.0	27.659574468085108
70000	100	94	26	26.0	27.659574468085108
70100	100	94	26	26.0	27.659574468085108
70200	100	95	26	26.0	27.368421052631582
70300	100	95	26	26.0	27.368421052631582
70400	100	95	26	26.0	27.368421052631582
70500	100	95	26	26.0	27.368421052631582
70600	100	95	27	27.0	28.421052631578945
70700	100	95	27	27.0	28.421052631578945
70800	100	95	27	27.0	28.421052631578945
70900	100	95	27	27.0	28.421052631578945
71000	100	95	27	27.0	28.421052631578945
71100	100	95	27	27.0	28.421052631578945
71200	100	95	27	27.0	28.421052631578945
71300	100	95	27	27.0	28.421052631578945
71400	100	95	27	27.0	28.421052631578945
71500	100	95	27	27.0	28.421052631578945
71600	100	95	27	27.0	28.421052631578945
71700	100	95	27	27.0	28.421052631578945
71800	100	95	28	28.000000000000004	29.47368421052631
71900	100	95	28	28.000000000000004	29.47368421052631
72000	100	95	28	28.000000000000004	29.47368421052631
72100	100	95	28	28.000000000000004	29.47368421052631
72200	100	95	28	28.000000000000004	29.47368421052631
72300	100	95	28	28.000000000000004	29.47368421052631
72400	100	95	28	28.000000000000004	29.47368421052631
72500	100	95	28	28.000000000000004	29.47368421052631
72600	100	95	28	28.000000000000004	29.47368421052631
72700	100	95	28	28.000000000000004	29.47368421052631
72800	100	95	28	28.000000000000004	29.47368421052631
72900	100	95	28	28.000000000000004	29.47368421052631
73000	100	95	28	28.000000000000004	29.47368421052631
73100	100	95	29	28.999999999999996	30.526315789473685
73200	100	95	29	28.999999999999996	30.526315789473685
73300	100	95	29	28.999999999999996	30.526315789473685
73400	100	95	29	28.999999999999996	30.526315789473685
73500	100	95	29	28.999999999999996	30.526315789473685
73600	100	95	29	28.999999999999996	30.526315789473685
73700	100	95	29	28.999999999999996	30.526315789473685
73800	100	95	29	28.999999999999996	30.526315789473685
73900	100	95	30	30.0	31.57894736842105
74000	100	95	30	30.0	31.57894736842105
74100	100	95	31	31.0	32.631578947368425
74200	100	95	31	31.0	32.631578947368425
74300	100	95	31	31.0	32.631578947368425
74400	100	95	31	31.0	32.631578947368425
74500	100	95	31	31.0	32.631578947368425
74600	100	95	31	31.0	32.631578947368425
74700	100	95	31	31.0	32.631578947368425
74800	100	95	32	32.0	33.68421052631579
74900	100	95	32	32.0	33.68421052631579
75000	100	95	32	32.0	33.68421052631579
75100	100	95	32	32.0	33.68421052631579
75200	100	95	32	32.0	33.68421052631579
75300	100	95	33	33.0	34.73684210526316
75400	100	95	33	33.0	34.73684210526316
75500	100	95	33	33.0	34.73684210526316
75600	100	95	33	33.0	34.73684210526316
75700	100	95	33	33.0	34.73684210526316
75800	100	95	33	33.0	34.73684210526316
75900	100	95	33	33.0	34.73684210526316
76000	100	95	33	33.0	34.73684210526316
76100	100	95	33	33.0	34.73684210526316
76200	100	95	33	33.0	34.73684210526316
76300	100	95	33	33.0	34.73684210526316
76400	100	95	33	33.0	34.73684210526316
76500	100	95	33	33.0	34.73684210526316
76600	100	95	33	33.0	34.73684210526316
76700	100	95	33	33.0	34.73684210526316
76800	100	95	34	34.0	35.78947368421053
76900	100	95	34	34.0	35.78947368421053
77000	100	95	34	34.0	35.78947368421053
77100	100	95	34	34.0	35.78947368421053
77200	100	95	34	34.0	35.78947368421053
77300	100	95	34	34.0	35.78947368421053
77400	100	95	34	34.0	35.78947368421053
77500	100	95	34	34.0	35.78947368421053
77600	100	95	34	34.0	35.78947368421053
77700	100	95	34	34.0	35.78947368421053
77800	100	95	34	34.0	35.78947368421053
77900	100	95	34	34.0	35.78947368421053
78000	100	95	34	34.0	35.78947368421053
78100	100	95	34	34.0	35.78947368421053
78200	100	95	34	34.0	35.78947368421053
78300	100	95	34	34.0	35.78947368421053
78400	100	95	34	34.0	35.78947368421053
78500	100	95	34	34.0	35.78947368421053
78600	100	95	34	34.0	35.78947368421053
78700	100	95	34	34.0	35.78947368421053
78800	100	95	34	34.0	35.78947368421053
78900	100	95	34	34.0	35.78947368421053
79000	100	95	34	34.0	35.78947368421053
79100	100	95	34	34.0	35.78947368421053
79200	100	95	34	34.0	35.78947368421053
79300	100	95	34	34.0	35.78947368421053
79400	100	95	34	34.0	35.78947368421053
79500	100	95	34	34.0	35.78947368421053
79600	100	95	34	34.0	35.78947368421053
79700	100	95	34	34.0	35.78947368421053
79800	100	95	34	34.0	35.78947368421053
79900	100	95	34	34.0	35.78947368421053
80000	100	95	34	34.0	35.78947368421053
80100	100	95	34	34.0	35.78947368421053
80200	100	95	34	34.0	35.78947368421053
80300	100	95	34	34.0	35.78947368421053
80400	100	95	34	34.0	35.78947368421053
80500	100	95	34	34.0	35.78947368421053
80600	100	95	34	34.0	35.78947368421053
80700	100	95	34	34.0	35.78947368421053
80800	100	95	34	34.0	35.78947368421053
80900	100	95	34	34.0	35.78947368421053
81000	100	95	34	34.0	35.78947368421053
81100	100	95	34	34.0	35.78947368421053
81200	100	95	34	34.0	35.78947368421053
81300	100	95	34	34.0	35.78947368421053
81400	100	95	34	34.0	35.78947368421053
81500	100	95	34	34.0	35.78947368421053
81600	100	96	34	34.0	35.41666666666667
81700	100	97	34	34.0	35.051546391752574
81800	100	97	34	34.0	35.051546391752574
81900	100	97	34	34.0	35.051546391752574
82000	100	97	34	34.0	35.051546391752574
82100	100	97	34	34.0	35.051546391752574
82200	100	97	34	34.0	35.051546391752574
82300	100	97	34	34.0	35.051546391752574
82400	100	97	34	34.0	35.051546391752574
82500	100	97	34	34.0	35.051546391752574
82600	100	97	34	34.0	35.051546391752574
82700	100	97	34	34.0	35.051546391752574
82800	100	97	34	34.0	35.051546391752574
82900	100	97	34	34.0	35.051546391752574
83000	100	97	34	34.0	35.051546391752574
83100	100	97	34	34.0	35.051546391752574
83200	100	97	34	34.0	35.051546391752574
83300	100	97	34	34.0	35.051546391752574
83400	100	97	34	34.0	35.051546391752574
83500	100	97	34	34.0	35.051546391752574
83600	100	97	35	35.0	36.08247422680412
83700	100	97	35	35.0	36.08247422680412
83800	100	97	35	35.0	36.08247422680412
83900	100	97	35	35.0	36.08247422680412
84000	100	97	35	35.0	36.08247422680412
84100	100	97	35	35.0	36.08247422680412
84200	100	97	35	35.0	36.08247422680412
84300	100	97	36	36.0	37.11340206185567
84400	100	97	36	36.0	37.11340206185567
84500	100	97	37	37.0	38.144329896907216
84600	100	97	37	37.0	38.144329896907216
84700	100	97	37	37.0	38.144329896907216
84800	100	97	37	37.0	38.144329896907216
84900	100	97	37	37.0	38.144329896907216
85000	100	97	37	37.0	38.144329896907216
85100	100	97	37	37.0	38.144329896907216
85200	100	97	38	38.0	39.175257731958766
85300	100	97	38	38.0	39.175257731958766
85400	100	97	38	38.0	39.175257731958766
85500	100	97	38	38.0	39.175257731958766
85600	100	97	38	38.0	39.175257731958766
85700	100	97	38	38.0	39.175257731958766
85800	100	97	38	38.0	39.175257731958766
85900	100	97	38	38.0	39.175257731958766
86000	100	97	38	38.0	39.175257731958766
86100	100	97	38	38.0	39.175257731958766
86200	100	97	38	38.0	39.175257731958766
86300	100	97	38	38.0	39.175257731958766
86400	100	97	38	38.0	39.175257731958766
86500	100	97	38	38.0	39.175257731958766
86600	100	97	39	39.0	40.20618556701031
86700	100	97	39	39.0	40.20618556701031
86800	100	97	39	39.0	40.20618556701031
86900	100	97	40	40.0	41.23711340206185
87000	100	97	40	40.0	41.23711340206185
87100	100	97	40	40.0	41.23711340206185
87200	100	97	40	40.0	41.23711340206185
87300	100	97	40	40.0	41.23711340206185
87400	100	97	40	40.0	41.23711340206185
87500	100	97	40	40.0	41.23711340206185
87600	100	97	40	40.0	41.23711340206185
87700	100	97	40	40.0	41.23711340206185
87800	100	97	40	40.0	41.23711340206185
87900	100	97	40	40.0	41.23711340206185
88000	100	97	40	40.0	41.23711340206185
88100	100	97	40	40.0	41.23711340206185
88200	100	97	40	40.0	41.23711340206185
88300	100	97	40	40.0	41.23711340206185
88400	100	97	40	40.0	41.23711340206185
88500	100	97	40	40.0	41.23711340206185
88600	100	97	40	40.0	41.23711340206185
88700	100	97	40	40.0	41.23711340206185
88800	100	97	40	40.0	41.23711340206185
88900	100	97	40	40.0	41.23711340206185
89000	100	97	40	40.0	41.23711340206185
89100	100	97	41	41.0	42.2680412371134
89200	100	97	41	41.0	42.2680412371134
89300	100	97	41	41.0	42.2680412371134
89400	100	97	41	41.0	42.2680412371134
89500	100	97	41	41.0	42.2680412371134
89600	100	97	41	41.0	42.2680412371134
89700	100	97	41	41.0	42.2680412371134
89800	100	97	41	41.0	42.2680412371134
89900	100	97	41	41.0	42.2680412371134
90000	100	97	42	42.0	43.29896907216495
90100	100	97	42	42.0	43.29896907216495
90200	100	97	42	42.0	43.29896907216495
90300	100	97	42	42.0	43.29896907216495
90400	100	97	42	42.0	43.29896907216495
90500	100	97	43	43.0	44.329896907216494
90600	100	97	43	43.0	44.329896907216494
90700	100	97	43	43.0	44.329896907216494
90800	100	97	43	43.0	44.329896907216494
90900	100	97	43	43.0	44.329896907216494
91000	100	97	43	43.0	44.329896907216494
91100	100	97	43	43.0	44.329896907216494
91200	100	97	43	43.0	44.329896907216494
91300	100	97	43	43.0	44.329896907216494
91400	100	97	43	43.0	44.329896907216494
91500	100	97	43	43.0	44.329896907216494
91600	100	97	43	43.0	44.329896907216494
91700	100	97	43	43.0	44.329896907216494
91800	100	97	43	43.0	44.329896907216494
91900	100	97	43	43.0	44.329896907216494
92000	100	97	43	43.0	44.329896907216494
92100	100	97	43	43.0	44.329896907216494
92200	100	97	43	43.0	44.329896907216494
92300	100	97	43	43.0	44.329896907216494
92400	100	97	43	43.0	44.329896907216494
92500	100	97	43	43.0	44.329896907216494
92600	100	97	43	43.0	44.329896907216494
92700	100	97	43	43.0	44.329896907216494
92800	100	97	43	43.0	44.329896907216494
92900	100	97	43	43.0	44.329896907216494
93000	100	97	43	43.0	44.329896907216494
93100	100	97	43	43.0	44.329896907216494
93200	100	97	43	43.0	44.329896907216494
93300	100	97	43	43.0	44.329896907216494
93400	100	97	43	43.0	44.329896907216494
93500	100	97	43	43.0	44.329896907216494
93600	100	97	43	43.0	44.329896907216494
93700	100	97	43	43.0	44.329896907216494
93800	100	97	43	43.0	44.329896907216494
93900	100	97	43	43.0	44.329896907216494
94000	100	97	43	43.0	44.329896907216494
94100	100	97	43	43.0	44.329896907216494
94200	100	97	43	43.0	44.329896907216494
94300	100	97	43	43.0	44.329896907216494
94400	100	97	43	43.0	44.329896907216494
94500	100	97	43	43.0	44.329896907216494
94600	100	97	43	43.0	44.329896907216494
94700	100	97	43	43.0	44.329896907216494
94800	100	97	43	43.0	44.329896907216494
94900	100	97	43	43.0	44.329896907216494
95000	100	97	43	43.0	44.329896907216494
95100	100	97	43	43.0	44.329896907216494
95200	100	97	43	43.0	44.329896907216494
95300	100	97	43	43.0	44.329896907216494
95400	100	97	43	43.0	44.329896907216494
95500	100	97	43	43.0	44.329896907216494
95600	100	97	43	43.0	44.329896907216494
95700	100	97	43	43.0	44.329896907216494
95800	100	97	43	43.0	44.329896907216494
95900	100	97	43	43.0	44.329896907216494
96000	100	97	43	43.0	44.329896907216494
96100	100	97	43	43.0	44.329896907216494
96200	100	97	43	43.0	44.329896907216494
96300	100	97	43	43.0	44.329896907216494
96400	100	97	43	43.0	44.329896907216494
96500	100	97	43	43.0	44.329896907216494
96600	100	97	43	43.0	44.329896907216494
96700	100	97	43	43.0	44.329896907216494
96800	100	97	43	43.0	44.329896907216494
96900	100	97	43	43.0	44.329896907216494
97000	100	97	43	43.0	44.329896907216494
97100	100	97	43	43.0	44.329896907216494
97200	100	97	43	43.0	44.329896907216494
97300	100	97	43	43.0	44.329896907216494
97400	100	97	43	43.0	44.329896907216494
97500	100	97	43	43.0	44.329896907216494
97600	100	97	43	43.0	44.329896907216494
97700	100	97	43	43.0	44.329896907216494
97800	100	97	43	43.0	44.329896907216494
97900	100	97	43	43.0	44.329896907216494
98000	100	97	43	43.0	44.329896907216494
98100	100	97	43	43.0	44.329896907216494
98200	100	97	43	43.0	44.329896907216494
98300	100	97	43	43.0	44.329896907216494
98400	100	97	43	43.0	44.329896907216494
98500	100	97	43	43.0	44.329896907216494
98600	100	97	44	44.0	45.36082474226804
98700	100	97	44	44.0	45.36082474226804
98800	100	97	44	44.0	45.36082474226804
98900	100	97	44	44.0	45.36082474226804
99000	100	97	44	44.0	45.36082474226804
99100	100	97	44	44.0	45.36082474226804
99200	100	97	44	44.0	45.36082474226804
99300	100	97	44	44.0	45.36082474226804
99400	100	97	44	44.0	45.36082474226804
99500	100	97	44	44.0	45.36082474226804
99600	100	97	44	44.0	45.36082474226804
99700	100	97	44	44.0	45.36082474226804
99800	100	97	44	44.0	45.36082474226804
99900	100	97	44	44.0	45.36082474226804
100000	100	97	44	44.0	45.36082474226804
100100	100	97	44	44.0	45.36082474226804
100200	100	97	44	44.0	45.36082474226804
100300	100	97	44	44.0	45.36082474226804
100400	100	97	44	44.0	45.36082474226804
100500	100	97	44	44.0	45.36082474226804
100600	100	97	44	44.0	45.36082474226804
100700	100	97	44	44.0	45.36082474226804
100800	100	97	44	44.0	45.36082474226804
100900	100	97	44	44.0	45.36082474226804
101000	100	97	45	45.0	46.391752577319586
101100	100	97	45	45.0	46.391752577319586
101200	100	97	45	45.0	46.391752577319586
101300	100	97	46	46.0	47.42268041237113
101400	100	97	46	46.0	47.42268041237113
101500	100	97	46	46.0	47.42268041237113
101600	100	97	46	46.0	47.42268041237113
101700	100	98	46	46.0	46.93877551020408
101800	100	98	46	46.0	46.93877551020408
101900	100	98	46	46.0	46.93877551020408
102000	100	98	46	46.0	46.93877551020408
102100	100	98	47	47.0	47.95918367346938
102200	100	98	47	47.0	47.95918367346938
102300	100	98	47	47.0	47.95918367346938
102400	100	98	47	47.0	47.95918367346938
102500	100	98	47	47.0	47.95918367346938
102600	100	98	47	47.0	47.95918367346938
102700	100	98	47	47.0	47.95918367346938
102800	100	98	47	47.0	47.95918367346938
102900	100	98	47	47.0	47.95918367346938
103000	100	98	47	47.0	47.95918367346938
103100	100	98	47	47.0	47.95918367346938
103200	100	98	47	47.0	47.95918367346938
103300	100	98	48	48.0	48.97959183673469
103400	100	98	48	48.0	48.97959183673469
103500	100	98	48	48.0	48.97959183673469
103600	100	98	48	48.0	48.97959183673469
103700	100	98	48	48.0	48.97959183673469
103800	100	98	48	48.0	48.97959183673469
103900	100	98	48	48.0	48.97959183673469
104000	100	98	49	49.0	50.0
104100	100	98	49	49.0	50.0
104200	100	98	49	49.0	50.0
104300	100	98	49	49.0	50.0
104400	100	98	49	49.0	50.0
104500	100	98	49	49.0	50.0
104600	100	98	49	49.0	50.0
104700	100	98	49	49.0	50.0
104800	100	98	49	49.0	50.0
104900	100	98	49	49.0	50.0
105000	100	98	49	49.0	50.0
105100	100	98	49	49.0	50.0
105200	100	98	49	49.0	50.0
105300	100	98	49	49.0	50.0
105400	100	98	49	49.0	50.0
105500	100	98	49	49.0	50.0
105600	100	98	49	49.0	50.0
105700	100	98	49	49.0	50.0
105800	100	98	49	49.0	50.0
105900	100	98	49	49.0	50.0
106000	100	98	49	49.0	50.0
106100	100	98	49	49.0	50.0
106200	100	98	49	49.0	50.0
106300	100	98	49	49.0	50.0
106400	100	98	49	49.0	50.0
106500	100	98	49	49.0	50.0
106600	100	98	49	49.0	50.0
106700	100	98	49	49.0	50.0
106800	100	98	49	49.0	50.0
106900	100	98	49	49.0	50.0
107000	100	98	49	49.0	50.0
107100	100	98	49	49.0	50.0
107200	100	98	49	49.0	50.0
107300	100	98	49	49.0	50.0
107400	100	98	49	49.0	50.0
107500	100	98	49	49.0	50.0
107600	100	98	49	49.0	50.0
107700	100	98	49	49.0	50.0
107800	100	98	49	49.0	50.0
107900	100	98	49	49.0	50.0
108000	100	98	49	49.0	50.0
108100	100	98	49	49.0	50.0
108200	100	98	49	49.0	50.0
108300	100	98	49	49.0	50.0
108400	100	98	49	49.0	50.0
108500	100	98	49	49.0	50.0
108600	100	98	49	49.0	50.0
108700	100	98	49	49.0	50.0
108800	100	98	49	49.0	50.0
108900	100	98	49	49.0	50.0
109000	100	98	49	49.0	50.0
109100	100	98	50	50.0	51.02040816326531
109200	100	98	50	50.0	51.02040816326531
109300	100	98	50	50.0	51.02040816326531
109400	100	98	50	50.0	51.02040816326531
109500	100	98	50	50.0	51.02040816326531
109600	100	98	50	50.0	51.02040816326531
109700	100	98	50	50.0	51.02040816326531
109800	100	98	50	50.0	51.02040816326531
109900	100	98	50	50.0	51.02040816326531
110000	100	98	50	50.0	51.02040816326531
110100	100	98	50	50.0	51.02040816326531
110200	100	98	51	51.0	52.04081632653062
110300	100	98	51	51.0	52.04081632653062
110400	100	98	51	51.0	52.04081632653062
110500	100	98	51	51.0	52.04081632653062
110600	100	98	51	51.0	52.04081632653062
110700	100	98	51	51.0	52.04081632653062
110800	100	98	51	51.0	52.04081632653062
110900	100	98	51	51.0	52.04081632653062
111000	100	98	51	51.0	52.04081632653062
111100	100	98	51	51.0	52.04081632653062
111200	100	98	51	51.0	52.04081632653062
111300	100	98	51	51.0	52.04081632653062
111400	100	98	51	51.0	52.04081632653062
111500	100	98	51	51.0	52.04081632653062
111600	100	98	51	51.0	52.04081632653062
111700	100	98	52	52.0	53.06122448979592
111800	100	98	52	52.0	53.06122448979592
111900	100	98	52	52.0	53.06122448979592
112000	100	98	52	52.0	53.06122448979592
112100	100	98	52	52.0	53.06122448979592
112200	100	98	52	52.0	53.06122448979592
112300	100	98	52	52.0	53.06122448979592
112400	100	98	52	52.0	53.06122448979592
112500	100	98	52	52.0	53.06122448979592
112600	100	98	52	52.0	53.06122448979592
112700	100	98	52	52.0	53.06122448979592
112800	100	98	52	52.0	53.06122448979592
112900	100	98	52	52.0	53.06122448979592
113000	100	98	52	52.0	53.06122448979592
113100	100	98	52	52.0	53.06122448979592
113200	100	98	52	52.0	53.06122448979592
113300	100	98	52	52.0	53.06122448979592
113400	100	98	52	52.0	53.06122448979592
113500	100	98	52	52.0	53.06122448979592
113600	100	98	53	53.0	54.08163265306123
113700	100	98	53	53.0	54.08163265306123
113800	100	98	53	53.0	54.08163265306123
113900	100	98	53	53.0	54.08163265306123
114000	100	98	53	53.0	54.08163265306123
114100	100	98	53	53.0	54.08163265306123
114200	100	98	53	53.0	54.08163265306123
114300	100	98	53	53.0	54.08163265306123
114400	100	98	54	54.0	55.10204081632652
114500	100	98	54	54.0	55.10204081632652
114600	100	98	54	54.0	55.10204081632652
114700	100	98	54	54.0	55.10204081632652
114800	100	98	54	54.0	55.10204081632652
114900	100	98	54	54.0	55.10204081632652
115000	100	98	54	54.0	55.10204081632652
115100	100	98	54	54.0	55.10204081632652
115200	100	98	54	54.0	55.10204081632652
115300	100	98	54	54.0	55.10204081632652
115400	100	98	54	54.0	55.10204081632652
115500	100	98	54	54.0	55.10204081632652
115600	100	98	54	54.0	55.10204081632652
115700	100	98	54	54.0	55.10204081632652
115800	100	98	54	54.0	55.10204081632652
115900	100	98	54	54.0	55.10204081632652
116000	100	98	54	54.0	55.10204081632652
116100	100	98	54	54.0	55.10204081632652
116200	100	98	54	54.0	55.10204081632652
116300	100	98	54	54.0	55.10204081632652
116400	100	98	54	54.0	55.10204081632652
116500	100	98	54	54.0	55.10204081632652
116600	100	98	54	54.0	55.10204081632652
116700	100	98	54	54.0	55.10204081632652
116800	100	98	54	54.0	55.10204081632652
116900	100	98	54	54.0	55.10204081632652
117000	100	98	54	54.0	55.10204081632652
117100	100	98	54	54.0	55.10204081632652
117200	100	98	54	54.0	55.10204081632652
117300	100	98	55	55.00000000000001	56.12244897959183
117400	100	98	55	55.00000000000001	56.12244897959183
117500	100	98	55	55.00000000000001	56.12244897959183
117600	100	98	55	55.00000000000001	56.12244897959183
117700	100	98	55	55.00000000000001	56.12244897959183
117800	100	98	55	55.00000000000001	56.12244897959183
117900	100	98	55	55.00000000000001	56.12244897959183
118000	100	98	55	55.00000000000001	56.12244897959183
118100	100	98	55	55.00000000000001	56.12244897959183
118200	100	98	55	55.00000000000001	56.12244897959183
118300	100	98	55	55.00000000000001	56.12244897959183
118400	100	98	55	55.00000000000001	56.12244897959183
118500	100	98	55	55.00000000000001	56.12244897959183
118600	100	98	55	55.00000000000001	56.12244897959183
118700	100	98	55	55.00000000000001	56.12244897959183
118800	100	98	55	55.00000000000001	56.12244897959183
118900	100	98	56	56.00000000000001	57.14285714285714
119000	100	98	56	56.00000000000001	57.14285714285714
119100	100	98	56	56.00000000000001	57.14285714285714
119200	100	98	56	56.00000000000001	57.14285714285714
119300	100	98	56	56.00000000000001	57.14285714285714
119400	100	98	56	56.00000000000001	57.14285714285714
119500	100	98	56	56.00000000000001	57.14285714285714
119600	100	98	56	56.00000000000001	57.14285714285714
119700	100	98	56	56.00000000000001	57.14285714285714
119800	100	98	56	56.00000000000001	57.14285714285714
119900	100	98	56	56.00000000000001	57.14285714285714
120000	100	98	56	56.00000000000001	57.14285714285714
120100	100	98	56	56.00000000000001	57.14285714285714
120200	100	98	57	56.99999999999999	58.16326530612245
120300	100	98	57	56.99999999999999	58.16326530612245
120400	100	98	57	56.99999999999999	58.16326530612245
120500	100	98	57	56.99999999999999	58.16326530612245
120600	100	98	57	56.99999999999999	58.16326530612245
120700	100	98	57	56.99999999999999	58.16326530612245
120800	100	98	57	56.99999999999999	58.16326530612245
120900	100	98	57	56.99999999999999	58.16326530612245
121000	100	98	57	56.99999999999999	58.16326530612245
121100	100	98	57	56.99999999999999	58.16326530612245
121200	100	98	57	56.99999999999999	58.16326530612245
121300	100	98	57	56.99999999999999	58.16326530612245
121400	100	98	57	56.99999999999999	58.16326530612245
121500	100	98	57	56.99999999999999	58.16326530612245
121600	100	98	57	56.99999999999999	58.16326530612245
121700	100	98	57	56.99999999999999	58.16326530612245
121800	100	98	57	56.99999999999999	58.16326530612245
121900	100	98	57	56.99999999999999	58.16326530612245
122000	100	98	57	56.99999999999999	58.16326530612245
122100	100	98	57	56.99999999999999	58.16326530612245
122200	100	98	57	56.99999999999999	58.16326530612245
122300	100	98	57	56.99999999999999	58.16326530612245
122400	100	98	57	56.99999999999999	58.16326530612245
122500	100	98	57	56.99999999999999	58.16326530612245
122600	100	98	57	56.99999999999999	58.16326530612245
122700	100	98	57	56.99999999999999	58.16326530612245
122800	100	98	57	56.99999999999999	58.16326530612245
122900	100	98	57	56.99999999999999	58.16326530612245
123000	100	98	57	56.99999999999999	58.16326530612245
123100	100	98	57	56.99999999999999	58.16326530612245
123200	100	98	57	56.99999999999999	58.16326530612245
123300	100	98	57	56.99999999999999	58.16326530612245
123400	100	98	57	56.99999999999999	58.16326530612245
123500	100	98	57	56.99999999999999	58.16326530612245
123600	100	98	57	56.99999999999999	58.16326530612245
123700	100	98	57	56.99999999999999	58.16326530612245
123800	100	98	57	56.99999999999999	58.16326530612245
123900	100	98	57	56.99999999999999	58.16326530612245
124000	100	98	57	56.99999999999999	58.16326530612245
124100	100	98	57	56.99999999999999	58.16326530612245
124200	100	98	57	56.99999999999999	58.16326530612245
124300	100	98	57	56.99999999999999	58.16326530612245
124400	100	98	57	56.99999999999999	58.16326530612245
124500	100	98	57	56.99999999999999	58.16326530612245
124600	100	98	57	56.99999999999999	58.16326530612245
124700	100	98	57	56.99999999999999	58.16326530612245
124800	100	98	57	56.99999999999999	58.16326530612245
124900	100	98	57	56.99999999999999	58.16326530612245
125000	100	98	57	56.99999999999999	58.16326530612245
125100	100	98	58	57.99999999999999	59.183673469387756
125200	100	98	58	57.99999999999999	59.183673469387756
125300	100	98	58	57.99999999999999	59.183673469387756
125400	100	98	58	57.99999999999999	59.183673469387756
125500	100	98	58	57.99999999999999	59.183673469387756
125600	100	98	58	57.99999999999999	59.183673469387756
125700	100	98	58	57.99999999999999	59.183673469387756
125800	100	98	58	57.99999999999999	59.183673469387756
125900	100	98	58	57.99999999999999	59.183673469387756
126000	100	98	58	57.99999999999999	59.183673469387756
126100	100	98	58	57.99999999999999	59.183673469387756
126200	100	98	58	57.99999999999999	59.183673469387756
126300	100	98	58	57.99999999999999	59.183673469387756
126400	100	98	58	57.99999999999999	59.183673469387756
126500	100	98	58	57.99999999999999	59.183673469387756
126600	100	98	58	57.99999999999999	59.183673469387756
126700	100	98	58	57.99999999999999	59.183673469387756
126800	100	98	58	57.99999999999999	59.183673469387756
126900	100	98	58	57.99999999999999	59.183673469387756
127000	100	98	58	57.99999999999999	59.183673469387756
127100	100	98	58	57.99999999999999	59.183673469387756
127200	100	98	58	57.99999999999999	59.183673469387756
127300	100	98	58	57.99999999999999	59.183673469387756
127400	100	98	58	57.99999999999999	59.183673469387756
127500	100	98	58	57.99999999999999	59.183673469387756
127600	100	98	58	57.99999999999999	59.183673469387756
127700	100	98	58	57.99999999999999	59.183673469387756
127800	100	98	58	57.99999999999999	59.183673469387756
127900	100	98	58	57.99999999999999	59.183673469387756
128000	100	98	58	57.99999999999999	59.183673469387756
128100	100	98	58	57.99999999999999	59.183673469387756
128200	100	98	58	57.99999999999999	59.183673469387756
128300	100	98	58	57.99999999999999	59.183673469387756
128400	100	98	58	57.99999999999999	59.183673469387756
128500	100	98	58	57.99999999999999	59.183673469387756
128600	100	98	58	57.99999999999999	59.183673469387756
128700	100	98	58	57.99999999999999	59.183673469387756
128800	100	98	58	57.99999999999999	59.183673469387756
128900	100	98	58	57.99999999999999	59.183673469387756
129000	100	98	58	57.99999999999999	59.183673469387756
129100	100	98	58	57.99999999999999	59.183673469387756
129200	100	98	58	57.99999999999999	59.183673469387756
129300	100	98	58	57.99999999999999	59.183673469387756
129400	100	98	58	57.99999999999999	59.183673469387756
129500	100	98	58	57.99999999999999	59.183673469387756
129600	100	98	58	57.99999999999999	59.183673469387756
129700	100	98	58	57.99999999999999	59.183673469387756
129800	100	98	58	57.99999999999999	59.183673469387756
129900	100	98	58	57.99999999999999	59.183673469387756
130000	100	98	58	57.99999999999999	59.183673469387756
130100	100	98	59	59.0	60.204081632653065
130200	100	98	59	59.0	60.204081632653065
130300	100	98	59	59.0	60.204081632653065
130400	100	98	59	59.0	60.204081632653065
130500	100	98	59	59.0	60.204081632653065
130600	100	98	59	59.0	60.204081632653065
130700	100	98	59	59.0	60.204081632653065
130800	100	98	59	59.0	60.204081632653065
130900	100	98	59	59.0	60.204081632653065
131000	100	98	59	59.0	60.204081632653065
131100	100	98	59	59.0	60.204081632653065
131200	100	98	59	59.0	60.204081632653065
131300	100	98	59	59.0	60.204081632653065
131400	100	98	59	59.0	60.204081632653065
131500	100	98	59	59.0	60.204081632653065
131600	100	98	59	59.0	60.204081632653065
131700	100	98	59	59.0	60.204081632653065
131800	100	98	59	59.0	60.204081632653065
131900	100	98	59	59.0	60.204081632653065
132000	100	98	59	59.0	60.204081632653065
132100	100	98	59	59.0	60.204081632653065
132200	100	98	59	59.0	60.204081632653065
132300	100	98	59	59.0	60.204081632653065
132400	100	98	59	59.0	60.204081632653065
132500	100	98	59	59.0	60.204081632653065
132600	100	98	59	59.0	60.204081632653065
132700	100	98	59	59.0	60.204081632653065
132800	100	98	59	59.0	60.204081632653065
132900	100	98	59	59.0	60.204081632653065
133000	100	98	59	59.0	60.204081632653065
133100	100	98	59	59.0	60.204081632653065
133200	100	98	59	59.0	60.204081632653065
133300	100	98	59	59.0	60.204081632653065
133400	100	98	59	59.0	60.204081632653065
133500	100	98	59	59.0	60.204081632653065
133600	100	98	59	59.0	60.204081632653065
133700	100	98	59	59.0	60.204081632653065
133800	100	98	59	59.0	60.204081632653065
133900	100	98	59	59.0	60.204081632653065
134000	100	98	60	60.0	61.224489795918366
134100	100	98	60	60.0	61.224489795918366
134200	100	98	60	60.0	61.224489795918366
134300	100	98	60	60.0	61.224489795918366
134400	100	98	60	60.0	61.224489795918366
134500	100	98	60	60.0	61.224489795918366
134600	100	98	60	60.0	61.224489795918366
134700	100	98	60	60.0	61.224489795918366
134800	100	98	60	60.0	61.224489795918366
134900	100	98	60	60.0	61.224489795918366
135000	100	98	60	60.0	61.224489795918366
135100	100	98	60	60.0	61.224489795918366
135200	100	98	60	60.0	61.224489795918366
135300	100	98	60	60.0	61.224489795918366
135400	100	98	60	60.0	61.224489795918366
135500	100	98	60	60.0	61.224489795918366
135600	100	98	60	60.0	61.224489795918366
135700	100	98	60	60.0	61.224489795918366
135800	100	98	60	60.0	61.224489795918366
135900	100	98	60	60.0	61.224489795918366
136000	100	98	60	60.0	61.224489795918366
136100	100	98	61	61.0	62.244897959183675
136200	100	98	61	61.0	62.244897959183675
136300	100	98	61	61.0	62.244897959183675
136400	100	98	61	61.0	62.244897959183675
136500	100	98	61	61.0	62.244897959183675
136600	100	98	61	61.0	62.244897959183675
136700	100	98	62	62.0	63.26530612244898
136800	100	98	62	62.0	63.26530612244898
136900	100	98	63	63.0	64.28571428571429
137000	100	98	63	63.0	64.28571428571429
137100	100	98	63	63.0	64.28571428571429
137200	100	98	63	63.0	64.28571428571429
137300	100	98	63	63.0	64.28571428571429
137400	100	98	63	63.0	64.28571428571429
137500	100	98	63	63.0	64.28571428571429
137600	100	98	63	63.0	64.28571428571429
137700	100	98	63	63.0	64.28571428571429
137800	100	98	63	63.0	64.28571428571429
137900	100	98	63	63.0	64.28571428571429
138000	100	98	63	63.0	64.28571428571429
138100	100	98	63	63.0	64.28571428571429
138200	100	98	63	63.0	64.28571428571429
138300	100	98	63	63.0	64.28571428571429
138400	100	98	63	63.0	64.28571428571429
138500	100	98	63	63.0	64.28571428571429
138600	100	98	63	63.0	64.28571428571429
138700	100	98	63	63.0	64.28571428571429
138800	100	98	63	63.0	64.28571428571429
138900	100	98	63	63.0	64.28571428571429
139000	100	98	63	63.0	64.28571428571429
139100	100	98	63	63.0	64.28571428571429
139200	100	98	63	63.0	64.28571428571429
139300	100	98	63	63.0	64.28571428571429
139400	100	98	63	63.0	64.28571428571429
139500	100	98	63	63.0	64.28571428571429
139600	100	98	63	63.0	64.28571428571429
139700	100	98	63	63.0	64.28571428571429
139800	100	98	63	63.0	64.28571428571429
139900	100	98	63	63.0	64.28571428571429
140000	100	98	63	63.0	64.28571428571429
140100	100	98	63	63.0	64.28571428571429
140200	100	98	63	63.0	64.28571428571429
140300	100	98	63	63.0	64.28571428571429
140400	100	98	63	63.0	64.28571428571429
140500	100	98	63	63.0	64.28571428571429
140600	100	98	63	63.0	64.28571428571429
140700	100	98	63	63.0	64.28571428571429
140800	100	98	63	63.0	64.28571428571429
140900	100	98	63	63.0	64.28571428571429
141000	100	98	63	63.0	64.28571428571429
141100	100	98	64	64.0	65.3061224489796
141200	100	98	64	64.0	65.3061224489796
141300	100	98	64	64.0	65.3061224489796
141400	100	98	64	64.0	65.3061224489796
141500	100	98	64	64.0	65.3061224489796
141600	100	98	64	64.0	65.3061224489796
141700	100	98	64	64.0	65.3061224489796
141800	100	98	64	64.0	65.3061224489796
141900	100	98	64	64.0	65.3061224489796
142000	100	98	64	64.0	65.3061224489796
142100	100	98	64	64.0	65.3061224489796
142200	100	98	64	64.0	65.3061224489796
142300	100	98	64	64.0	65.3061224489796
142400	100	98	64	64.0	65.3061224489796
142500	100	98	64	64.0	65.3061224489796
142600	100	98	64	64.0	65.3061224489796
142700	100	98	64	64.0	65.3061224489796
142800	100	98	64	64.0	65.3061224489796
142900	100	98	64	64.0	65.3061224489796
143000	100	98	64	64.0	65.3061224489796
143100	100	98	64	64.0	65.3061224489796
143200	100	98	64	64.0	65.3061224489796
143300	100	98	65	65.0	66.3265306122449
143400	100	98	65	65.0	66.3265306122449
143500	100	98	65	65.0	66.3265306122449
143600	100	98	65	65.0	66.3265306122449
143700	100	98	65	65.0	66.3265306122449
143800	100	98	65	65.0	66.3265306122449
143900	100	98	65	65.0	66.3265306122449
144000	100	98	65	65.0	66.3265306122449
144100	100	98	65	65.0	66.3265306122449
144200	100	98	65	65.0	66.3265306122449
144300	100	98	65	65.0	66.3265306122449
144400	100	98	65	65.0	66.3265306122449
144500	100	98	65	65.0	66.3265306122449
144600	100	98	65	65.0	66.3265306122449
144700	100	98	65	65.0	66.3265306122449
144800	100	98	65	65.0	66.3265306122449
144900	100	98	65	65.0	66.3265306122449
145000	100	98	65	65.0	66.3265306122449
145100	100	98	65	65.0	66.3265306122449
145200	100	98	65	65.0	66.3265306122449
145300	100	98	65	65.0	66.3265306122449
145400	100	98	65	65.0	66.3265306122449
145500	100	98	65	65.0	66.3265306122449
145600	100	98	65	65.0	66.3265306122449
145700	100	98	65	65.0	66.3265306122449
145800	100	98	65	65.0	66.3265306122449
145900	100	98	65	65.0	66.3265306122449
146000	100	98	65	65.0	66.3265306122449
146100	100	98	65	65.0	66.3265306122449
146200	100	98	65	65.0	66.3265306122449
146300	100	98	65	65.0	66.3265306122449
146400	100	98	65	65.0	66.3265306122449
146500	100	98	65	65.0	66.3265306122449
146600	100	98	65	65.0	66.3265306122449
146700	100	98	65	65.0	66.3265306122449
146800	100	98	65	65.0	66.3265306122449
146900	100	98	65	65.0	66.3265306122449
147000	100	98	65	65.0	66.3265306122449
147100	100	98	65	65.0	66.3265306122449
147200	100	98	65	65.0	66.3265306122449
147300	100	98	65	65.0	66.3265306122449
147400	100	98	65	65.0	66.3265306122449
147500	100	98	65	65.0	66.3265306122449
147600	100	98	65	65.0	66.3265306122449
147700	100	98	65	65.0	66.3265306122449
147800	100	98	65	65.0	66.3265306122449
147900	100	98	65	65.0	66.3265306122449
148000	100	98	65	65.0	66.3265306122449
148100	100	98	65	65.0	66.3265306122449
148200	100	98	65	65.0	66.3265306122449
148300	100	98	65	65.0	66.3265306122449
148400	100	98	65	65.0	66.3265306122449
148500	100	98	65	65.0	66.3265306122449
148600	100	98	65	65.0	66.3265306122449
148700	100	98	65	65.0	66.3265306122449
148800	100	98	66	66.0	67.3469387755102
148900	100	98	66	66.0	67.3469387755102
149000	100	98	66	66.0	67.3469387755102
149100	100	98	66	66.0	67.3469387755102
149200	100	98	66	66.0	67.3469387755102
149300	100	98	66	66.0	67.3469387755102
149400	100	98	66	66.0	67.3469387755102
149500	100	98	66	66.0	67.3469387755102
149600	100	98	66	66.0	67.3469387755102
149700	100	98	66	66.0	67.3469387755102
149800	100	98	66	66.0	67.3469387755102
149900	100	98	66	66.0	67.3469387755102
150000	100	98	66	66.0	67.3469387755102
150100	100	98	66	66.0	67.3469387755102
150200	100	98	66	66.0	67.3469387755102
150300	100	98	66	66.0	67.3469387755102
150400	100	98	66	66.0	67.3469387755102
150500	100	98	66	66.0	67.3469387755102
150600	100	98	66	66.0	67.3469387755102
150700	100	98	66	66.0	67.3469387755102
150800	100	98	66	66.0	67.3469387755102
150900	100	98	66	66.0	67.3469387755102
151000	100	98	66	66.0	67.3469387755102
151100	100	98	66	66.0	67.3469387755102
151200	100	98	66	66.0	67.3469387755102
151300	100	98	66	66.0	67.3469387755102
151400	100	98	66	66.0	67.3469387755102
151500	100	98	66	66.0	67.3469387755102
151600	100	98	66	66.0	67.3469387755102
151700	100	98	66	66.0	67.3469387755102
151800	100	98	66	66.0	67.3469387755102
151900	100	98	66	66.0	67.3469387755102
152000	100	98	66	66.0	67.3469387755102
152100	100	98	66	66.0	67.3469387755102
152200	100	98	66	66.0	67.3469387755102
152300	100	98	66	66.0	67.3469387755102
152400	100	98	66	66.0	67.3469387755102
152500	100	98	66	66.0	67.3469387755102
152600	100	98	66	66.0	67.3469387755102
152700	100	98	67	67.0	68.36734693877551
152800	100	98	67	67.0	68.36734693877551
152900	100	98	67	67.0	68.36734693877551
153000	100	98	67	67.0	68.36734693877551
153100	100	98	67	67.0	68.36734693877551
153200	100	98	67	67.0	68.36734693877551
153300	100	98	67	67.0	68.36734693877551
153400	100	98	67	67.0	68.36734693877551
153500	100	98	67	67.0	68.36734693877551
153600	100	98	67	67.0	68.36734693877551
153700	100	98	67	67.0	68.36734693877551
153800	100	98	67	67.0	68.36734693877551
153900	100	98	67	67.0	68.36734693877551
154000	100	98	67	67.0	68.36734693877551
154100	100	98	67	67.0	68.36734693877551
154200	100	98	67	67.0	68.36734693877551
154300	100	98	67	67.0	68.36734693877551
154400	100	98	67	67.0	68.36734693877551
154500	100	98	67	67.0	68.36734693877551
154600	100	98	67	67.0	68.36734693877551
154700	100	98	67	67.0	68.36734693877551
154800	100	98	67	67.0	68.36734693877551
154900	100	98	67	67.0	68.36734693877551
155000	100	98	67	67.0	68.36734693877551
155100	100	98	67	67.0	68.36734693877551
155200	100	98	67	67.0	68.36734693877551
155300	100	98	67	67.0	68.36734693877551
155400	100	98	67	67.0	68.36734693877551
155500	100	98	67	67.0	68.36734693877551
155600	100	98	67	67.0	68.36734693877551
155700	100	98	67	67.0	68.36734693877551
155800	100	98	67	67.0	68.36734693877551
155900	100	98	67	67.0	68.36734693877551
156000	100	98	67	67.0	68.36734693877551
156100	100	98	67	67.0	68.36734693877551
156200	100	98	67	67.0	68.36734693877551
156300	100	98	67	67.0	68.36734693877551
156400	100	98	67	67.0	68.36734693877551
156500	100	98	67	67.0	68.36734693877551
156600	100	98	67	67.0	68.36734693877551
156700	100	98	67	67.0	68.36734693877551
156800	100	98	67	67.0	68.36734693877551
156900	100	98	67	67.0	68.36734693877551
157000	100	98	67	67.0	68.36734693877551
157100	100	98	67	67.0	68.36734693877551
157200	100	98	67	67.0	68.36734693877551
157300	100	98	67	67.0	68.36734693877551
157400	100	98	67	67.0	68.36734693877551
157500	100	98	67	67.0	68.36734693877551
157600	100	98	67	67.0	68.36734693877551
157700	100	98	67	67.0	68.36734693877551
157800	100	98	67	67.0	68.36734693877551
157900	100	98	67	67.0	68.36734693877551
158000	100	98	67	67.0	68.36734693877551
158100	100	98	67	67.0	68.36734693877551
158200	100	98	67	67.0	68.36734693877551
158300	100	98	67	67.0	68.36734693877551
158400	100	98	67	67.0	68.36734693877551
158500	100	98	67	67.0	68.36734693877551
158600	100	98	67	67.0	68.36734693877551
158700	100	98	67	67.0	68.36734693877551
158800	100	98	67	67.0	68.36734693877551
158900	100	98	67	67.0	68.36734693877551
159000	100	98	67	67.0	68.36734693877551
159100	100	98	67	67.0	68.36734693877551
159200	100	98	67	67.0	68.36734693877551
159300	100	98	67	67.0	68.36734693877551
159400	100	98	67	67.0	68.36734693877551
159500	100	98	67	67.0	68.36734693877551
159600	100	98	67	67.0	68.36734693877551
159700	100	98	67	67.0	68.36734693877551
159800	100	98	67	67.0	68.36734693877551
159900	100	98	67	67.0	68.36734693877551
160000	100	98	67	67.0	68.36734693877551
160100	100	98	67	67.0	68.36734693877551
160200	100	98	67	67.0	68.36734693877551
160300	100	98	67	67.0	68.36734693877551
160400	100	98	67	67.0	68.36734693877551
160500	100	98	67	67.0	68.36734693877551
160600	100	98	67	67.0	68.36734693877551
160700	100	98	67	67.0	68.36734693877551
160800	100	98	67	67.0	68.36734693877551
160900	100	98	67	67.0	68.36734693877551
161000	100	98	67	67.0	68.36734693877551
161100	100	98	67	67.0	68.36734693877551
161200	100	98	67	67.0	68.36734693877551
161300	100	98	67	67.0	68.36734693877551
161400	100	98	67	67.0	68.36734693877551
161500	100	98	67	67.0	68.36734693877551
161600	100	98	67	67.0	68.36734693877551
161700	100	98	67	67.0	68.36734693877551
161800	100	98	67	67.0	68.36734693877551
161900	100	98	67	67.0	68.36734693877551
162000	100	98	67	67.0	68.36734693877551
162100	100	98	67	67.0	68.36734693877551
162200	100	98	67	67.0	68.36734693877551
162300	100	98	67	67.0	68.36734693877551
162400	100	98	67	67.0	68.36734693877551
162500	100	98	67	67.0	68.36734693877551
162600	100	98	67	67.0	68.36734693877551
162700	100	98	67	67.0	68.36734693877551
162800	100	98	67	67.0	68.36734693877551
162900	100	98	67	67.0	68.36734693877551
163000	100	98	67	67.0	68.36734693877551
163100	100	98	67	67.0	68.36734693877551
163200	100	98	67	67.0	68.36734693877551
163300	100	98	67	67.0	68.36734693877551
163400	100	98	67	67.0	68.36734693877551
163500	100	98	67	67.0	68.36734693877551
163600	100	98	67	67.0	68.36734693877551
163700	100	98	67	67.0	68.36734693877551
163800	100	98	67	67.0	68.36734693877551
163900	100	98	67	67.0	68.36734693877551
164000	100	98	67	67.0	68.36734693877551
164100	100	98	67	67.0	68.36734693877551
164200	100	98	67	67.0	68.36734693877551
164300	100	98	67	67.0	68.36734693877551
164400	100	98	67	67.0	68.36734693877551
164500	100	98	67	67.0	68.36734693877551
164600	100	98	67	67.0	68.36734693877551
164700	100	98	67	67.0	68.36734693877551
164800	100	98	67	67.0	68.36734693877551
164900	100	98	67	67.0	68.36734693877551
165000	100	98	67	67.0	68.36734693877551
165100	100	98	67	67.0	68.36734693877551
165200	100	98	67	67.0	68.36734693877551
165300	100	98	67	67.0	68.36734693877551
165400	100	98	67	67.0	68.36734693877551
165500	100	98	67	67.0	68.36734693877551
165600	100	98	67	67.0	68.36734693877551
165700	100	98	67	67.0	68.36734693877551
165800	100	98	67	67.0	68.36734693877551
165900	100	98	67	67.0	68.36734693877551
166000	100	98	67	67.0	68.36734693877551
166100	100	98	67	67.0	68.36734693877551
166200	100	98	67	67.0	68.36734693877551
166300	100	98	67	67.0	68.36734693877551
166400	100	98	67	67.0	68.36734693877551
166500	100	98	67	67.0	68.36734693877551
166600	100	98	67	67.0	68.36734693877551
166700	100	98	67	67.0	68.36734693877551
166800	100	98	68	68.0	69.38775510204081
166900	100	98	68	68.0	69.38775510204081
167000	100	98	68	68.0	69.38775510204081
167100	100	98	68	68.0	69.38775510204081
167200	100	98	68	68.0	69.38775510204081
167300	100	98	68	68.0	69.38775510204081
167400	100	98	69	69.0	70.40816326530613
167500	100	99	69	69.0	69.6969696969697
167600	100	99	70	70.0	70.70707070707071
167700	100	99	70	70.0	70.70707070707071
167800	100	99	70	70.0	70.70707070707071
167900	100	99	70	70.0	70.70707070707071
168000	100	99	70	70.0	70.70707070707071
168100	100	99	70	70.0	70.70707070707071
168200	100	99	70	70.0	70.70707070707071
168300	100	99	70	70.0	70.70707070707071
168400	100	99	70	70.0	70.70707070707071
168500	100	99	70	70.0	70.70707070707071
168600	100	99	70	70.0	70.70707070707071
168700	100	99	70	70.0	70.70707070707071
168800	100	99	70	70.0	70.70707070707071
168900	100	99	70	70.0	70.70707070707071
169000	100	99	70	70.0	70.70707070707071
169100	100	99	70	70.0	70.70707070707071
169200	100	99	70	70.0	70.70707070707071
169300	100	99	70	70.0	70.70707070707071
169400	100	99	70	70.0	70.70707070707071
169500	100	99	70	70.0	70.70707070707071
169600	100	99	71	71.0	71.71717171717171
169700	100	99	71	71.0	71.71717171717171
169800	100	99	71	71.0	71.71717171717171
169900	100	99	71	71.0	71.71717171717171
170000	100	99	71	71.0	71.71717171717171
170100	100	99	71	71.0	71.71717171717171
170200	100	99	71	71.0	71.71717171717171
170300	100	99	71	71.0	71.71717171717171
170400	100	99	71	71.0	71.71717171717171
170500	100	99	71	71.0	71.71717171717171
170600	100	99	71	71.0	71.71717171717171
170700	100	99	71	71.0	71.71717171717171
170800	100	99	71	71.0	71.71717171717171
170900	100	99	71	71.0	71.71717171717171
171000	100	99	71	71.0	71.71717171717171
171100	100	99	71	71.0	71.71717171717171
171200	100	99	71	71.0	71.71717171717171
171300	100	99	71	71.0	71.71717171717171
171400	100	99	71	71.0	71.71717171717171
171500	100	99	71	71.0	71.71717171717171
171600	100	99	71	71.0	71.71717171717171
171700	100	99	71	71.0	71.71717171717171
171800	100	99	71	71.0	71.71717171717171
171900	100	99	71	71.0	71.71717171717171
172000	100	99	71	71.0	71.71717171717171
172100	100	99	71	71.0	71.71717171717171
172200	100	99	71	71.0	71.71717171717171
172300	100	99	71	71.0	71.71717171717171
172400	100	99	71	71.0	71.71717171717171
172500	100	99	71	71.0	71.71717171717171
172600	100	99	71	71.0	71.71717171717171
172700	100	99	71	71.0	71.71717171717171
172800	100	99	71	71.0	71.71717171717171
172900	100	99	71	71.0	71.71717171717171
173000	100	99	71	71.0	71.71717171717171
173100	100	99	71	71.0	71.71717171717171
173200	100	99	71	71.0	71.71717171717171
173300	100	99	71	71.0	71.71717171717171
173400	100	99	71	71.0	71.71717171717171
173500	100	99	71	71.0	71.71717171717171
173600	100	99	71	71.0	71.71717171717171
173700	100	99	71	71.0	71.71717171717171
173800	100	99	71	71.0	71.71717171717171
173900	100	99	71	71.0	71.71717171717171
174000	100	99	71	71.0	71.71717171717171
174100	100	99	71	71.0	71.71717171717171
174200	100	99	71	71.0	71.71717171717171
174300	100	99	71	71.0	71.71717171717171
174400	100	99	71	71.0	71.71717171717171
174500	100	99	71	71.0	71.71717171717171
174600	100	99	71	71.0	71.71717171717171
174700	100	99	71	71.0	71.71717171717171
174800	100	99	71	71.0	71.71717171717171
174900	100	99	71	71.0	71.71717171717171
175000	100	99	71	71.0	71.71717171717171
175100	100	99	71	71.0	71.71717171717171
175200	100	99	71	71.0	71.71717171717171
175300	100	99	71	71.0	71.71717171717171
175400	100	99	71	71.0	71.71717171717171
175500	100	99	71	71.0	71.71717171717171
175600	100	99	71	71.0	71.71717171717171
175700	100	99	71	71.0	71.71717171717171
175800	100	99	71	71.0	71.71717171717171
175900	100	99	71	71.0	71.71717171717171
176000	100	99	71	71.0	71.71717171717171
176100	100	99	71	71.0	71.71717171717171
176200	100	99	71	71.0	71.71717171717171
176300	100	99	71	71.0	71.71717171717171
176400	100	99	71	71.0	71.71717171717171
176500	100	99	71	71.0	71.71717171717171
176600	100	99	71	71.0	71.71717171717171
176700	100	99	71	71.0	71.71717171717171
176800	100	99	71	71.0	71.71717171717171
176900	100	99	71	71.0	71.71717171717171
177000	100	99	71	71.0	71.71717171717171
177100	100	99	71	71.0	71.71717171717171
177200	100	99	71	71.0	71.71717171717171
177300	100	99	71	71.0	71.71717171717171
177400	100	99	71	71.0	71.71717171717171
177500	100	99	71	71.0	71.71717171717171
177600	100	99	71	71.0	71.71717171717171
177700	100	99	71	71.0	71.71717171717171
177800	100	99	71	71.0	71.71717171717171
177900	100	99	71	71.0	71.71717171717171
178000	100	99	71	71.0	71.71717171717171
178100	100	99	71	71.0	71.71717171717171
178200	100	99	71	71.0	71.71717171717171
178300	100	99	71	71.0	71.71717171717171
178400	100	99	71	71.0	71.71717171717171
178500	100	99	71	71.0	71.71717171717171
178600	100	99	71	71.0	71.71717171717171
178700	100	99	71	71.0	71.71717171717171
178800	100	99	71	71.0	71.71717171717171
178900	100	99	71	71.0	71.71717171717171
179000	100	99	71	71.0	71.71717171717171
179100	100	99	71	71.0	71.71717171717171
179200	100	99	71	71.0	71.71717171717171
179300	100	99	71	71.0	71.71717171717171
179400	100	99	71	71.0	71.71717171717171
179500	100	99	71	71.0	71.71717171717171
179600	100	99	71	71.0	71.71717171717171
179700	100	99	71	71.0	71.71717171717171
179800	100	99	71	71.0	71.71717171717171
179900	100	99	71	71.0	71.71717171717171
180000	100	99	71	71.0	71.71717171717171
180100	100	99	71	71.0	71.71717171717171
180200	100	99	71	71.0	71.71717171717171
180300	100	99	71	71.0	71.71717171717171
180400	100	99	71	71.0	71.71717171717171
180500	100	99	71	71.0	71.71717171717171
180600	100	99	71	71.0	71.71717171717171
180700	100	99	71	71.0	71.71717171717171
180800	100	99	71	71.0	71.71717171717171
180900	100	99	71	71.0	71.71717171717171
181000	100	99	71	71.0	71.71717171717171
181100	100	99	71	71.0	71.71717171717171
181200	100	99	71	71.0	71.71717171717171
181300	100	99	71	71.0	71.71717171717171
181400	100	99	71	71.0	71.71717171717171
181500	100	99	71	71.0	71.71717171717171
181600	100	99	71	71.0	71.71717171717171
181700	100	99	71	71.0	71.71717171717171
181800	100	99	71	71.0	71.71717171717171
181900	100	99	71	71.0	71.71717171717171
182000	100	99	71	71.0	71.71717171717171
182100	100	99	72	72.0	72.72727272727273
182200	100	99	72	72.0	72.72727272727273
182300	100	99	72	72.0	72.72727272727273
182400	100	99	72	72.0	72.72727272727273
182500	100	99	72	72.0	72.72727272727273
182600	100	99	72	72.0	72.72727272727273
182700	100	99	72	72.0	72.72727272727273
182800	100	99	72	72.0	72.72727272727273
182900	100	99	72	72.0	72.72727272727273
183000	100	99	72	72.0	72.72727272727273
183100	100	99	72	72.0	72.72727272727273
183200	100	99	72	72.0	72.72727272727273
183300	100	99	72	72.0	72.72727272727273
183400	100	99	72	72.0	72.72727272727273
183500	100	99	72	72.0	72.72727272727273
183600	100	99	72	72.0	72.72727272727273
183700	100	99	72	72.0	72.72727272727273
183800	100	99	72	72.0	72.72727272727273
183900	100	99	72	72.0	72.72727272727273
184000	100	99	72	72.0	72.72727272727273
184100	100	99	72	72.0	72.72727272727273
184200	100	99	72	72.0	72.72727272727273
184300	100	99	72	72.0	72.72727272727273
184400	100	99	72	72.0	72.72727272727273
184500	100	99	72	72.0	72.72727272727273
184600	100	99	72	72.0	72.72727272727273
184700	100	99	72	72.0	72.72727272727273
184800	100	99	72	72.0	72.72727272727273
184900	100	99	72	72.0	72.72727272727273
185000	100	99	72	72.0	72.72727272727273
185100	100	99	72	72.0	72.72727272727273
185200	100	99	72	72.0	72.72727272727273
185300	100	99	72	72.0	72.72727272727273
185400	100	99	72	72.0	72.72727272727273
185500	100	99	72	72.0	72.72727272727273
185600	100	99	72	72.0	72.72727272727273
185700	100	99	72	72.0	72.72727272727273
185800	100	99	72	72.0	72.72727272727273
185900	100	99	72	72.0	72.72727272727273
186000	100	99	72	72.0	72.72727272727273
186100	100	99	72	72.0	72.72727272727273
186200	100	99	72	72.0	72.72727272727273
186300	100	99	72	72.0	72.72727272727273
186400	100	99	73	73.0	73.73737373737373
186500	100	99	73	73.0	73.73737373737373
186600	100	99	73	73.0	73.73737373737373
186700	100	99	73	73.0	73.73737373737373
186800	100	99	73	73.0	73.73737373737373
186900	100	99	73	73.0	73.73737373737373
187000	100	99	73	73.0	73.73737373737373
187100	100	99	73	73.0	73.73737373737373
187200	100	99	73	73.0	73.73737373737373
187300	100	99	73	73.0	73.73737373737373
187400	100	99	73	73.0	73.73737373737373
187500	100	99	73	73.0	73.73737373737373
187600	100	99	73	73.0	73.73737373737373
187700	100	99	73	73.0	73.73737373737373
187800	100	99	73	73.0	73.73737373737373
187900	100	99	73	73.0	73.73737373737373
188000	100	99	73	73.0	73.73737373737373
188100	100	99	73	73.0	73.73737373737373
188200	100	99	73	73.0	73.73737373737373
188300	100	99	73	73.0	73.73737373737373
188400	100	99	73	73.0	73.73737373737373
188500	100	99	73	73.0	73.73737373737373
188600	100	99	73	73.0	73.73737373737373
188700	100	99	73	73.0	73.73737373737373
188800	100	99	73	73.0	73.73737373737373
188900	100	99	73	73.0	73.73737373737373
189000	100	99	73	73.0	73.73737373737373
189100	100	99	73	73.0	73.73737373737373
189200	100	99	73	73.0	73.73737373737373
189300	100	99	73	73.0	73.73737373737373
189400	100	99	73	73.0	73.73737373737373
189500	100	99	73	73.0	73.73737373737373
189600	100	99	73	73.0	73.73737373737373
189700	100	99	73	73.0	73.73737373737373
189800	100	99	73	73.0	73.73737373737373
189900	100	99	73	73.0	73.73737373737373
190000	100	99	73	73.0	73.73737373737373
190100	100	99	73	73.0	73.73737373737373
190200	100	99	73	73.0	73.73737373737373
190300	100	99	73	73.0	73.73737373737373
190400	100	99	73	73.0	73.73737373737373
190500	100	99	73	73.0	73.73737373737373
190600	100	99	73	73.0	73.73737373737373
190700	100	99	73	73.0	73.73737373737373
190800	100	99	73	73.0	73.73737373737373
190900	100	99	73	73.0	73.73737373737373
191000	100	99	73	73.0	73.73737373737373
191100	100	99	73	73.0	73.73737373737373
191200	100	99	73	73.0	73.73737373737373
191300	100	99	73	73.0	73.73737373737373
191400	100	99	73	73.0	73.73737373737373
191500	100	99	73	73.0	73.73737373737373
191600	100	99	73	73.0	73.73737373737373
191700	100	99	73	73.0	73.73737373737373
191800	100	99	73	73.0	73.73737373737373
191900	100	99	73	73.0	73.73737373737373
192000	100	99	73	73.0	73.73737373737373
192100	100	99	73	73.0	73.73737373737373
192200	100	99	73	73.0	73.73737373737373
192300	100	99	73	73.0	73.73737373737373
192400	100	99	73	73.0	73.73737373737373
192500	100	99	73	73.0	73.73737373737373
192600	100	99	73	73.0	73.73737373737373
192700	100	99	73	73.0	73.73737373737373
192800	100	99	73	73.0	73.73737373737373
192900	100	99	73	73.0	73.73737373737373
193000	100	99	73	73.0	73.73737373737373
193100	100	99	73	73.0	73.73737373737373
193200	100	99	73	73.0	73.73737373737373
193300	100	99	73	73.0	73.73737373737373
193400	100	99	73	73.0	73.73737373737373
193500	100	99	73	73.0	73.73737373737373
193600	100	99	73	73.0	73.73737373737373
193700	100	99	73	73.0	73.73737373737373
193800	100	99	73	73.0	73.73737373737373
193900	100	99	73	73.0	73.73737373737373
194000	100	99	73	73.0	73.73737373737373
194100	100	99	73	73.0	73.73737373737373
194200	100	99	73	73.0	73.73737373737373
194300	100	99	73	73.0	73.73737373737373
194400	100	99	73	73.0	73.73737373737373
194500	100	99	73	73.0	73.73737373737373
194600	100	99	73	73.0	73.73737373737373
194700	100	99	73	73.0	73.73737373737373
194800	100	99	73	73.0	73.73737373737373
194900	100	99	74	74.0	74.74747474747475
195000	100	99	74	74.0	74.74747474747475
195100	100	99	74	74.0	74.74747474747475
195200	100	99	74	74.0	74.74747474747475
195300	100	99	74	74.0	74.74747474747475
195400	100	99	74	74.0	74.74747474747475
195500	100	99	75	75.0	75.75757575757575
195600	100	99	75	75.0	75.75757575757575
195700	100	99	75	75.0	75.75757575757575
195800	100	99	75	75.0	75.75757575757575
195900	100	99	75	75.0	75.75757575757575
196000	100	99	75	75.0	75.75757575757575
196100	100	99	76	76.0	76.76767676767676
196200	100	99	76	76.0	76.76767676767676
196300	100	99	76	76.0	76.76767676767676
196400	100	99	76	76.0	76.76767676767676
196500	100	99	76	76.0	76.76767676767676
196600	100	99	76	76.0	76.76767676767676
196700	100	99	77	77.0	77.77777777777779
196800	100	99	77	77.0	77.77777777777779
196900	100	99	77	77.0	77.77777777777779
197000	100	99	78	78.0	78.78787878787878
197100	100	99	78	78.0	78.78787878787878
197200	100	99	78	78.0	78.78787878787878
197300	100	99	78	78.0	78.78787878787878
197400	100	99	78	78.0	78.78787878787878
197500	100	99	78	78.0	78.78787878787878
197600	100	99	78	78.0	78.78787878787878
197700	100	99	78	78.0	78.78787878787878
197800	100	99	78	78.0	78.78787878787878
197900	100	99	78	78.0	78.78787878787878
198000	100	99	78	78.0	78.78787878787878
198100	100	99	78	78.0	78.78787878787878
198200	100	99	78	78.0	78.78787878787878
198300	100	99	78	78.0	78.78787878787878
198400	100	99	78	78.0	78.78787878787878
198500	100	99	78	78.0	78.78787878787878
198600	100	99	78	78.0	78.78787878787878
198700	100	99	78	78.0	78.78787878787878
198800	100	99	78	78.0	78.78787878787878
198900	100	99	78	78.0	78.78787878787878
199000	100	99	78	78.0	78.78787878787878
199100	100	99	78	78.0	78.78787878787878
199200	100	99	78	78.0	78.78787878787878
199300	100	99	78	78.0	78.78787878787878
199400	100	99	78	78.0	78.78787878787878
199500	100	99	78	78.0	78.78787878787878
199600	100	99	78	78.0	78.78787878787878
199700	100	99	78	78.0	78.78787878787878
199800	100	99	78	78.0	78.78787878787878
199900	100	99	78	78.0	78.78787878787878
200000	100	99	78	78.0	78.78787878787878
200100	100	99	78	78.0	78.78787878787878
200200	100	99	78	78.0	78.78787878787878
200300	100	99	78	78.0	78.78787878787878
200400	100	99	78	78.0	78.78787878787878
200500	100	99	78	78.0	78.78787878787878
200600	100	99	78	78.0	78.78787878787878
200700	100	99	78	78.0	78.78787878787878
200800	100	99	78	78.0	78.78787878787878
200900	100	99	78	78.0	78.78787878787878
201000	100	99	78	78.0	78.78787878787878
201100	100	99	78	78.0	78.78787878787878
201200	100	100	78	78.0	78.0
201300	100	100	78	78.0	78.0
201400	100	100	78	78.0	78.0
201500	100	100	78	78.0	78.0
201600	100	100	78	78.0	78.0
201700	100	100	78	78.0	78.0
201800	100	100	78	78.0	78.0
201900	100	100	78	78.0	78.0
202000	100	100	78	78.0	78.0
202100	100	100	78	78.0	78.0
202200	100	100	78	78.0	78.0
202300	100	100	78	78.0	78.0
202400	100	100	78	78.0	78.0
202500	100	100	78	78.0	78.0
202600	100	100	78	78.0	78.0
202700	100	100	78	78.0	78.0
202800	100	100	78	78.0	78.0
202900	100	100	78	78.0	78.0
203000	100	100	78	78.0	78.0
203100	100	100	78	78.0	78.0
203200	100	100	78	78.0	78.0
203300	100	100	78	78.0	78.0
203400	100	100	78	78.0	78.0
203500	100	100	78	78.0	78.0
203600	100	100	78	78.0	78.0
203700	100	100	78	78.0	78.0
203800	100	100	78	78.0	78.0
203900	100	100	78	78.0	78.0
204000	100	100	78	78.0	78.0
204100	100	100	78	78.0	78.0
204200	100	100	78	78.0	78.0
204300	100	100	78	78.0	78.0
204400	100	100	78	78.0	78.0
204500	100	100	78	78.0	78.0
204600	100	100	78	78.0	78.0
204700	100	100	78	78.0	78.0
204800	100	100	78	78.0	78.0
204900	100	100	78	78.0	78.0
205000	100	100	78	78.0	78.0
205100	100	100	78	78.0	78.0
205200	100	100	78	78.0	78.0
205300	100	100	78	78.0	78.0
205400	100	100	78	78.0	78.0
205500	100	100	78	78.0	78.0
205600	100	100	78	78.0	78.0
205700	100	100	78	78.0	78.0
205800	100	100	78	78.0	78.0
205900	100	100	78	78.0	78.0
206000	100	100	78	78.0	78.0
206100	100	100	78	78.0	78.0
206200	100	100	78	78.0	78.0
206300	100	100	78	78.0	78.0
206400	100	100	78	78.0	78.0
206500	100	100	78	78.0	78.0
206600	100	100	78	78.0	78.0
206700	100	100	78	78.0	78.0
206800	100	100	78	78.0	78.0
206900	100	100	78	78.0	78.0
207000	100	100	78	78.0	78.0
207100	100	100	78	78.0	78.0
207200	100	100	78	78.0	78.0
207300	100	100	78	78.0	78.0
207400	100	100	78	78.0	78.0
207500	100	100	78	78.0	78.0
207600	100	100	78	78.0	78.0
207700	100	100	78	78.0	78.0
207800	100	100	78	78.0	78.0
207900	100	100	78	78.0	78.0
208000	100	100	78	78.0	78.0
208100	100	100	78	78.0	78.0
208200	100	100	78	78.0	78.0
208300	100	100	78	78.0	78.0
208400	100	100	78	78.0	78.0
208500	100	100	79	79.0	79.0
208600	100	100	79	79.0	79.0
208700	100	100	79	79.0	79.0
208800	100	100	79	79.0	79.0
