#MCS	Mean_volume
0	25.92
100	19.52
200	19.54
300	19.3
400	19.54
500	19.45
600	19.49
700	19.15
800	19.32
900	19.36
1000	19.45
1100	19.4
1200	19.34
1300	19.4
1400	19.61
1500	19.74
1600	19.93
1700	19.52
1800	19.75
1900	19.84
2000	19.92
2100	20.17
2200	20.01
2300	19.99
2400	20.25
2500	20.02
2600	19.98
2700	20.21
2800	20.15
2900	20.01
3000	20.18
3100	20.36
3200	20.26
3300	20.44
3400	20.44
3500	20.27
3600	20.4
3700	20.37
3800	20.57
3900	20.53
4000	20.89
4100	20.66
4200	20.57
4300	20.74
4400	20.97
4500	20.71
4600	21.14
4700	21.23
4800	20.86
4900	20.85
5000	20.88
5100	21.18
5200	21.17
5300	21.3
5400	21.5
5500	21.61
5600	21.54
5700	21.39
5800	21.53
5900	21.1
6000	21.32
6100	21.98
6200	21.87
6300	21.95
6400	22.07
6500	21.87
6600	22.06
6700	22.16
6800	22.24
6900	22.14
7000	22.13
7100	22.49
7200	22.39
7300	22.51
7400	22.88
7500	22.54
7600	22.59
7700	22.85
7800	23.07
7900	23.12
8000	22.97
8100	22.86
8200	22.88
8300	22.79
8400	23.21
8500	23.22
8600	23.31
8700	23.2
8800	23.54
8900	23.32
9000	23.2
9100	23.48
9200	23.89
9300	23.79
9400	24.24
9500	23.78
9600	24.06
9700	24.05
9800	23.93
9900	24.15
10000	24.2
10100	24.35
10200	24.1
10300	24.34
10400	24.18
10500	24.53
10600	24.58
10700	24.6
10800	24.83
10900	25.03
11000	24.86
11100	25.09
11200	25.03
11300	25.29
11400	25.26
11500	25.07
11600	25.21
11700	25.16
11800	25.45
11900	25.38
12000	25.66
12100	25.98
12200	25.53
12300	25.74
12400	25.87
12500	25.84
12600	26.07
12700	25.9
12800	25.77
12900	25.99
13000	26.07
13100	26.52
13200	26.31
13300	26.08
13400	26.63
13500	26.57
13600	26.68
13700	26.79
13800	26.68
13900	26.89
14000	26.95
14100	27.2
14200	27.2
14300	27.18
14400	27.34
14500	27.11
14600	27.63
14700	27.46
14800	27.65
14900	28.06
15000	27.75
15100	27.77
15200	28.08
15300	27.79
15400	28.62
15500	28.37
15600	28.33
15700	28.45
15800	28.56
15900	28.56
16000	28.53
16100	28.8
16200	28.81
16300	29.02
16400	28.45
16500	28.93
16600	28.96
16700	29.14
16800	29.19
16900	29.16
17000	29.5
17100	29.44
17200	29.3
17300	29.92
17400	29.77
17500	29.56
17600	30.1
17700	30.06
17800	29.97
17900	30.32
18000	30.38
18100	30.68
18200	30.41
18300	30.34
18400	30.58
18500	30.59
18600	31.0
18700	31.24
18800	31.04
18900	31.23
19000	31.18
19100	31.16
19200	31.25
19300	31.75
19400	31.52
19500	31.58
19600	31.79
19700	31.54
19800	31.76
19900	31.77
20000	32.05
20100	32.28
20200	32.25
20300	32.29
20400	32.03
20500	32.26
20600	32.39
20700	32.42
20800	32.2
20900	32.83
21000	32.68
21100	32.64
21200	33.04
21300	32.51
21400	32.95
21500	32.97
21600	33.01
21700	33.46
21800	33.18
21900	33.11
22000	33.46
22100	33.18
22200	33.57
22300	33.56
22400	33.65
22500	34.06
22600	33.9
22700	33.74
22800	33.89
22900	34.31
23000	34.14
23100	33.86
23200	34.11
23300	34.26
23400	34.3
23500	34.44
23600	34.51
23700	34.74
23800	34.92
23900	34.44
24000	34.71
24100	34.72
24200	34.97
24300	35.04
24400	35.09
24500	34.93
24600	35.27
24700	35.26
24800	35.56
24900	35.75
25000	35.89
25100	35.77
25200	35.68
25300	35.75
25400	36.01
25500	35.93
25600	36.03
25700	36.07
25800	36.26
25900	36.15
26000	36.17
26100	36.7
26200	36.42
26300	36.81
26400	36.61
26500	37.07
26600	36.91
26700	37.14
26800	37.12
26900	37.12
27000	37.03
27100	36.97
27200	37.24
27300	37.43
27400	37.71
27500	37.77
27600	37.54
27700	37.89
27800	37.93
27900	37.9
28000	38.03
28100	38.29
28200	38.53
28300	38.09
28400	38.51
28500	38.52
28600	38.54
28700	38.8
28800	38.62
28900	38.7
29000	38.69
29100	39.19
29200	38.99
29300	38.99
29400	39.33
29500	39.4
29600	39.53
29700	39.51
29800	39.43
29900	39.5
30000	39.89
30100	39.73
30200	40.23
30300	39.93
30400	40.3
30500	40.01
30600	40.3
30700	40.27
30800	40.37
30900	40.36
31000	40.32
31100	40.59
31200	40.61
31300	40.45
31400	40.97
31500	40.85
31600	40.66
31700	40.99
31800	40.86
31900	40.88
32000	41.02
32100	41.09
32200	41.52
32300	41.44
32400	41.43
32500	41.76
32600	41.35
32700	41.88
32800	41.67
32900	41.85
33000	41.89
33100	41.89
33200	42.0
33300	42.41
33400	42.34
33500	42.29
33600	42.08
33700	42.62
33800	42.29
33900	42.65
34000	42.77
34100	42.71
34200	42.6
34300	42.76
34400	42.86
34500	43.15
34600	42.97
34700	43.12
34800	42.91
34900	43.1
35000	43.46
35100	43.0
35200	43.44
35300	43.7
35400	43.54
35500	43.46
35600	43.21
35700	43.53
35800	43.38
35900	43.59
36000	43.79
36100	43.64
36200	44.12
36300	43.95
36400	43.77
36500	43.84
36600	44.02
36700	44.34
36800	44.25
36900	43.98
37000	44.15
37100	44.34
37200	44.26
37300	44.31
37400	44.83
37500	44.71
37600	44.69
37700	44.64
37800	44.71
37900	44.69
38000	44.79
38100	44.71
38200	44.86
38300	44.82
38400	44.91
38500	44.9
38600	44.89
38700	45.21
38800	45.0
38900	45.3
39000	45.3
39100	45.25
39200	45.37
39300	45.2
39400	45.15
39500	45.35
39600	45.48
39700	45.61
39800	45.56
39900	45.64
40000	45.69
40100	45.74
40200	45.76
40300	45.5
40400	45.76
40500	45.76
40600	45.65
40700	46.01
40800	46.13
40900	46.05
41000	45.97
41100	46.2
41200	46.42
41300	46.06
41400	46.12
41500	46.11
41600	46.17
41700	46.29
41800	46.27
41900	46.43
42000	46.23
42100	46.33
42200	46.25
42300	46.58
42400	46.42
42500	46.52
42600	46.74
42700	46.75
42800	46.69
42900	46.95
43000	46.73
43100	46.89
43200	46.77
43300	46.82
43400	47.1
43500	46.89
43600	47.0
43700	46.99
43800	46.94
43900	47.27
44000	47.23
44100	47.22
44200	47.19
44300	47.17
44400	47.29
44500	47.35
44600	47.36
44700	47.27
44800	47.42
44900	46.75247524752475
45000	46.87128712871287
45100	46.97029702970297
45200	46.881188118811885
45300	46.92079207920792
45400	47.118811881188115
45500	47.118811881188115
45600	47.26732673267327
45700	47.08910891089109
45800	47.04950495049505
45900	46.65686274509804
46000	46.411764705882355
46100	46.8235294117647
46200	47.009803921568626
46300	46.950980392156865
46400	46.911764705882355
46500	46.931372549019606
46600	46.63725490196079
46700	47.01960784313726
46800	47.14705882352941
46900	46.66990291262136
47000	46.38834951456311
47100	46.51456310679612
47200	46.601941747572816
47300	46.53398058252427
47400	46.53398058252427
47500	46.592233009708735
47600	46.80582524271845
47700	46.679611650485434
47800	46.75728155339806
47900	47.00970873786408
48000	46.86407766990291
48100	46.9126213592233
48200	47.13592233009709
48300	46.89320388349515
48400	46.932038834951456
48500	47.22330097087379
48600	47.00970873786408
48700	46.83495145631068
48800	46.922330097087375
48900	46.5
49000	46.60576923076923
49100	46.81730769230769
49200	46.67307692307692
49300	46.69230769230769
49400	46.78846153846154
49500	46.84615384615385
49600	46.98076923076923
49700	46.90384615384615
49800	46.88461538461539
49900	46.75
50000	46.95192307692308
50100	47.09615384615385
50200	47.18269230769231
50300	47.41346153846154
50400	46.97142857142857
50500	46.94285714285714
50600	46.59047619047619
50700	46.666666666666664
50800	46.94285714285714
50900	46.27358490566038
51000	46.25471698113208
51100	46.45283018867924
51200	46.386792452830186
51300	46.45283018867924
51400	46.4622641509434
51500	46.046728971962615
51600	46.14018691588785
51700	46.02803738317757
51800	45.342592592592595
51900	45.824074074074076
52000	45.73148148148148
52100	45.574074074074076
52200	45.98148148148148
52300	45.75925925925926
52400	45.3394495412844
52500	45.321100917431195
52600	45.38532110091743
52700	45.293577981651374
52800	45.678899082568805
52900	45.60550458715596
53000	45.57798165137615
53100	45.56880733944954
53200	45.76146788990825
53300	45.788990825688074
53400	45.41818181818182
53500	45.29090909090909
53600	45.28181818181818
53700	45.75454545454546
53800	44.828828828828826
53900	45.171171171171174
54000	45.153153153153156
54100	45.24324324324324
54200	45.4054054054054
54300	45.34234234234234
54400	45.414414414414416
54500	45.5945945945946
54600	45.306306306306304
54700	45.414414414414416
54800	45.630630630630634
54900	45.729729729729726
55000	45.57657657657658
55100	45.711711711711715
55200	45.513513513513516
55300	45.75675675675676
55400	45.549549549549546
55500	45.68468468468468
55600	45.95495495495496
55700	45.711711711711715
55800	45.88288288288288
55900	45.95495495495496
56000	46.01801801801802
56100	46.11711711711712
56200	46.37837837837838
56300	46.34234234234234
56400	45.86607142857143
56500	45.830357142857146
56600	45.88392857142857
56700	45.8125
56800	45.660714285714285
56900	45.982142857142854
57000	46.151785714285715
57100	46.267857142857146
57200	46.098214285714285
57300	46.276785714285715
57400	46.25
57500	46.25
57600	46.357142857142854
57700	46.473214285714285
57800	46.544642857142854
57900	46.6875
58000	46.38392857142857
58100	47.00892857142857
58200	46.535714285714285
58300	46.75
58400	45.94736842105263
58500	45.98245614035088
58600	45.6140350877193
58700	45.85087719298246
58800	45.92982456140351
58900	45.643478260869564
59000	45.45217391304348
59100	45.504347826086956
59200	45.678260869565214
59300	45.73913043478261
59400	45.78260869565217
59500	45.95652173913044
59600	45.93913043478261
59700	45.8
59800	45.93913043478261
59900	46.017391304347825
60000	46.28695652173913
60100	46.243478260869566
60200	46.36521739130435
60300	46.095652173913045
60400	46.04347826086956
60500	45.689655172413794
60600	45.6551724137931
60700	45.73275862068966
60800	45.63247863247863
60900	45.55555555555556
61000	45.675213675213676
61100	45.76068376068376
61200	45.675213675213676
61300	45.598290598290596
61400	45.8974358974359
61500	45.888888888888886
61600	46.162393162393165
61700	45.432203389830505
61800	45.432203389830505
61900	45.47457627118644
62000	45.440677966101696
62100	45.53389830508475
62200	45.728813559322035
62300	45.779661016949156
62400	45.75423728813559
62500	45.99152542372882
62600	45.53781512605042
62700	45.436974789915965
62800	45.680672268907564
62900	46.00840336134454
63000	45.80672268907563
63100	45.680672268907564
63200	45.79831932773109
63300	46.0
63400	45.705882352941174
63500	46.260504201680675
63600	46.016806722689076
63700	46.19327731092437
63800	46.134453781512605
63900	46.33613445378151
64000	46.51260504201681
64100	46.38655462184874
64200	46.53781512605042
64300	46.53781512605042
64400	46.09166666666667
64500	46.15
64600	45.53719008264463
64700	45.13934426229508
64800	45.221311475409834
64900	45.221311475409834
65000	45.51639344262295
65100	45.260162601626014
65200	45.13008130081301
65300	45.21951219512195
65400	45.016260162601625
65500	45.3739837398374
65600	45.36585365853659
65700	45.11290322580645
65800	45.13709677419355
65900	44.75
66000	45.016129032258064
66100	44.95161290322581
66200	45.185483870967744
66300	45.225806451612904
66400	45.516129032258064
66500	45.53225806451613
66600	45.443548387096776
66700	45.66935483870968
66800	45.645161290322584
66900	45.54838709677419
67000	45.58064516129032
67100	45.95161290322581
67200	45.75
67300	45.895161290322584
67400	45.96774193548387
67500	46.16935483870968
67600	46.03225806451613
67700	45.824
67800	45.34920634920635
67900	45.317460317460316
68000	45.23809523809524
68100	45.61904761904762
68200	45.53174603174603
68300	45.67460317460318
68400	45.65873015873016
68500	45.46825396825397
68600	45.84920634920635
68700	45.73015873015873
68800	45.76984126984127
68900	45.87301587301587
69000	46.08730158730159
69100	46.11904761904762
69200	46.20634920634921
69300	45.62204724409449
69400	45.98425196850393
69500	45.70866141732284
69600	45.75590551181102
69700	46.25196850393701
69800	45.77952755905512
69900	46.125984251968504
70000	46.36220472440945
70100	46.55118110236221
70200	46.46456692913386
70300	46.44881889763779
70400	46.67716535433071
70500	46.51968503937008
70600	46.53543307086614
70700	46.803149606299215
70800	46.803149606299215
70900	46.83464566929134
71000	46.51968503937008
71100	46.960629921259844
71200	47.10236220472441
71300	46.889763779527556
71400	46.92125984251968
71500	47.30708661417323
71600	47.32283464566929
71700	47.425196850393704
71800	47.338582677165356
71900	47.48031496062992
72000	47.2265625
72100	46.58914728682171
72200	46.70542635658915
72300	46.4031007751938
72400	46.968992248062015
72500	46.968992248062015
72600	47.2093023255814
72700	47.116279069767444
72800	46.66923076923077
72900	46.63846153846154
73000	47.08461538461538
73100	46.51538461538462
73200	47.13846153846154
73300	47.04615384615385
73400	46.83846153846154
73500	47.07692307692308
73600	46.770992366412216
73700	46.83206106870229
73800	46.770992366412216
73900	46.83969465648855
74000	47.083969465648856
74100	47.030534351145036
74200	47.343511450381676
74300	47.19847328244275
74400	47.61068702290076
74500	47.47328244274809
74600	47.63358778625954
74700	47.458015267175576
74800	47.49618320610687
74900	47.50381679389313
75000	47.89312977099237
75100	47.9236641221374
75200	47.88549618320611
75300	47.87786259541985
75400	47.87786259541985
75500	46.723880597014926
75600	46.92537313432836
75700	46.73134328358209
75800	46.92537313432836
75900	46.82089552238806
76000	47.12686567164179
76100	47.05223880597015
76200	47.04477611940298
76300	47.23134328358209
76400	47.25373134328358
76500	47.1044776119403
76600	46.93333333333333
76700	46.94074074074074
76800	47.148148148148145
76900	47.17037037037037
77000	47.148148148148145
77100	47.266666666666666
77200	47.17777777777778
77300	47.15555555555556
77400	47.44444444444444
77500	47.14705882352941
77600	47.125
77700	47.161764705882355
77800	46.970588235294116
77900	47.419117647058826
78000	47.25735294117647
78100	47.43382352941177
78200	47.35294117647059
78300	47.51470588235294
78400	47.09489051094891
78500	46.273381294964025
78600	46.62589928057554
78700	46.410071942446045
78800	46.47482014388489
78900	46.611510791366904
79000	46.798561151079134
79100	46.79136690647482
79200	46.55
79300	46.42857142857143
79400	46.93571428571428
79500	46.77857142857143
79600	46.50714285714286
79700	46.68571428571428
79800	46.92857142857143
79900	46.9
80000	47.114285714285714
80100	47.07142857142857
80200	47.17142857142857
80300	47.30714285714286
80400	46.801418439716315
80500	46.61702127659574
80600	46.851063829787236
80700	47.0
80800	47.205673758865245
80900	47.198581560283685
81000	47.276595744680854
81100	47.319148936170215
81200	46.95774647887324
81300	46.816901408450704
81400	46.80281690140845
81500	46.87323943661972
81600	46.92253521126761
81700	47.225352112676056
81800	47.07746478873239
81900	47.2887323943662
82000	47.54929577464789
82100	47.33098591549296
82200	47.37323943661972
82300	47.598591549295776
82400	47.809859154929576
82500	47.16083916083916
82600	47.13986013986014
82700	47.16083916083916
82800	47.44755244755245
82900	47.48251748251748
83000	47.3125
83100	47.263888888888886
83200	47.05555555555556
83300	47.138888888888886
83400	47.49305555555556
83500	46.96551724137931
83600	47.02068965517241
83700	47.16551724137931
83800	47.241379310344826
83900	47.38620689655173
84000	47.26896551724138
84100	47.3448275862069
84200	47.56551724137931
84300	47.66896551724138
84400	47.91724137931035
84500	47.92413793103448
84600	47.91034482758621
84700	47.744827586206895
84800	48.0
84900	47.91724137931035
85000	48.00689655172414
85100	48.110344827586204
85200	48.08275862068965
85300	48.234482758620686
85400	48.58620689655172
85500	48.641379310344824
85600	48.57931034482758
85700	48.48275862068966
85800	48.710344827586205
85900	48.48275862068966
86000	48.66206896551724
86100	48.86206896551724
86200	48.793103448275865
86300	48.779310344827586
86400	49.01379310344828
86500	49.10344827586207
86600	48.87586206896552
86700	49.06896551724138
86800	49.09655172413793
86900	48.95862068965517
87000	49.213793103448275
87100	49.52413793103448
87200	49.296551724137935
87300	49.234482758620686
87400	49.248275862068965
87500	49.648275862068964
87600	49.59310344827586
87700	49.24657534246575
87800	48.795918367346935
87900	48.993197278911566
88000	48.89795918367347
88100	49.204081632653065
88200	49.183673469387756
88300	49.224489795918366
88400	49.1156462585034
88500	49.38775510204081
88600	49.197278911564624
88700	49.34013605442177
88800	49.08108108108108
88900	49.195945945945944
89000	49.0
89100	49.16891891891892
89200	49.195945945945944
89300	49.608108108108105
89400	48.74496644295302
89500	48.373333333333335
89600	48.79333333333334
89700	48.8
89800	48.75333333333333
89900	48.973333333333336
90000	48.98
90100	48.85333333333333
90200	49.2
90300	49.14666666666667
90400	48.85333333333333
90500	49.16
90600	49.346666666666664
90700	49.28666666666667
90800	49.46666666666667
90900	49.56
91000	49.36
91100	49.63333333333333
91200	49.693333333333335
91300	49.61333333333334
91400	49.733333333333334
91500	49.50666666666667
91600	49.626666666666665
91700	49.82666666666667
91800	49.75333333333333
91900	49.96
92000	49.51655629139073
92100	49.62251655629139
92200	49.841059602649004
92300	49.64900662251656
92400	49.77483443708609
92500	48.98039215686274
92600	48.86274509803921
92700	49.30718954248366
92800	49.248366013071895
92900	49.28104575163399
93000	49.45751633986928
93100	49.47712418300654
93200	49.470588235294116
93300	49.3921568627451
93400	49.11038961038961
93500	49.16883116883117
93600	49.188311688311686
93700	49.45454545454545
93800	49.07741935483871
93900	49.10322580645161
94000	48.9741935483871
94100	49.23225806451613
94200	49.148387096774194
94300	49.24516129032258
94400	48.92948717948718
94500	48.605095541401276
94600	48.48407643312102
94700	48.63694267515923
94800	48.64331210191083
94900	48.76433121019108
95000	48.745222929936304
95100	48.7515923566879
95200	48.82802547770701
95300	49.152866242038215
95400	49.0
95500	49.152866242038215
95600	49.01910828025478
95700	49.038216560509554
95800	49.394904458598724
95900	49.50955414012739
96000	49.554140127388536
96100	49.29299363057325
96200	49.53503184713376
96300	49.63694267515923
96400	49.6687898089172
96500	49.560509554140125
96600	49.53503184713376
96700	49.77707006369427
96800	49.71337579617835
96900	49.98726114649681
97000	50.05095541401274
97100	49.67088607594937
97200	49.61392405063291
97300	49.81645569620253
97400	49.61392405063291
97500	49.57861635220126
97600	49.16352201257862
97700	49.14375
97800	49.31875
97900	49.1125
98000	49.25625
98100	49.4125
98200	49.5625
98300	49.4375
98400	49.48125
98500	49.65
98600	49.5625
98700	49.73125
98800	49.37888198757764
98900	49.098765432098766
99000	48.98148148148148
99100	49.074074074074076
99200	49.141975308641975
99300	48.828220858895705
99400	49.13496932515337
99500	49.16564417177914
99600	49.06748466257669
99700	49.214723926380366
99800	49.41104294478528
99900	49.20858895705521
100000	49.32515337423313
100100	49.558282208588956
100200	49.47239263803681
100300	49.65030674846626
100400	49.374233128834355
100500	49.65644171779141
100600	49.625766871165645
100700	49.40853658536585
100800	49.676829268292686
100900	49.63414634146341
101000	49.59756097560975
101100	49.59756097560975
101200	49.65853658536585
101300	49.448484848484846
101400	49.6
101500	49.144578313253014
101600	49.42168674698795
101700	49.2289156626506
101800	49.16265060240964
101900	49.13253012048193
102000	49.31325301204819
102100	49.51204819277108
102200	49.45783132530121
102300	49.48192771084337
102400	49.704819277108435
102500	49.71686746987952
102600	49.94578313253012
102700	49.8855421686747
102800	50.0
102900	49.90963855421687
103000	50.06024096385542
103100	49.83132530120482
103200	50.21686746987952
103300	50.144578313253014
103400	50.234939759036145
103500	50.31927710843374
103600	50.27710843373494
103700	50.31325301204819
103800	50.63253012048193
103900	50.62048192771084
104000	50.06586826347306
104100	50.41317365269461
104200	50.32335329341317
104300	50.449101796407184
104400	50.51497005988024
104500	50.16766467065868
104600	50.550898203592816
104700	50.69461077844311
104800	50.125
104900	50.36309523809524
105000	50.18343195266272
105100	49.98816568047337
105200	50.11834319526627
105300	50.01176470588236
105400	49.93529411764706
105500	50.09411764705882
105600	49.93529411764706
105700	50.15882352941176
105800	50.11176470588235
105900	50.417647058823526
106000	50.252941176470586
106100	50.44117647058823
106200	50.54705882352941
106300	50.523529411764706
106400	50.26470588235294
106500	50.68235294117647
106600	50.529411764705884
106700	50.54705882352941
106800	50.71176470588235
106900	50.49707602339181
107000	50.39181286549707
107100	50.31976744186046
107200	50.41860465116279
107300	50.098837209302324
107400	50.19186046511628
107500	50.098837209302324
107600	50.31395348837209
107700	50.31976744186046
107800	50.5
107900	50.03468208092485
108000	50.30057803468208
108100	50.23121387283237
108200	50.04597701149425
108300	49.21590909090909
108400	49.43181818181818
108500	49.51704545454545
108600	49.34659090909091
108700	49.46022727272727
108800	49.52840909090909
108900	49.293785310734464
109000	49.68926553672316
109100	49.389830508474574
109200	49.6271186440678
109300	49.18539325842696
109400	49.20224719101124
109500	49.28651685393258
109600	49.337078651685395
109700	49.13966480446928
109800	49.07821229050279
109900	49.23463687150838
110000	48.78888888888889
110100	48.96666666666667
110200	48.44198895027624
110300	48.668508287292816
110400	48.90055248618785
110500	48.92817679558011
110600	48.87845303867403
110700	48.83425414364641
110800	49.05524861878453
110900	48.92265193370166
111000	49.13812154696133
111100	48.84065934065934
111200	48.91208791208791
111300	49.027472527472526
111400	48.989010989010985
111500	48.98351648351648
111600	49.065934065934066
111700	49.09340659340659
111800	48.989010989010985
111900	49.142857142857146
112000	49.13186813186813
112100	49.324175824175825
112200	49.4010989010989
112300	49.73076923076923
112400	49.862637362637365
112500	49.40983606557377
112600	49.44808743169399
112700	49.36065573770492
112800	49.5792349726776
112900	49.4207650273224
113000	49.375
113100	49.04864864864865
113200	49.027027027027025
113300	49.14054054054054
113400	49.11891891891892
113500	49.108108108108105
113600	49.21621621621622
113700	49.10215053763441
113800	49.12903225806452
113900	48.54545454545455
114000	48.705882352941174
114100	48.484042553191486
114200	48.5531914893617
114300	48.734042553191486
114400	48.755319148936174
114500	48.15263157894737
114600	48.310526315789474
114700	48.247368421052634
114800	48.22105263157895
114900	48.23157894736842
115000	48.33684210526316
115100	48.33684210526316
115200	48.54210526315789
115300	48.544502617801044
115400	48.382198952879584
115500	48.24083769633508
115600	47.994791666666664
115700	48.067357512953365
115800	47.84974093264249
115900	48.10880829015544
116000	48.031088082901555
116100	48.39378238341969
116200	48.27461139896373
116300	48.35233160621762
116400	48.409326424870464
116500	48.27979274611399
116600	48.424870466321245
116700	48.40414507772021
116800	47.85641025641026
116900	47.82051282051282
117000	47.89230769230769
117100	48.184615384615384
117200	48.14871794871795
117300	48.333333333333336
117400	48.184615384615384
117500	48.21025641025641
117600	48.282051282051285
117700	48.4
117800	48.62564102564102
117900	48.58974358974359
118000	48.5025641025641
118100	48.51794871794872
118200	48.66153846153846
118300	48.83589743589744
118400	48.86153846153846
118500	49.02564102564103
118600	48.57142857142857
118700	48.66836734693877
118800	48.578680203045685
118900	48.2741116751269
119000	48.46700507614213
119100	48.66497461928934
119200	48.35858585858586
119300	48.5
119400	48.282828282828284
119500	48.77272727272727
119600	48.76262626262626
119700	48.76767676767677
119800	48.82828282828283
119900	48.75757575757576
120000	48.676767676767675
120100	48.87373737373738
120200	48.95959595959596
120300	49.035353535353536
120400	48.974747474747474
120500	49.21212121212121
120600	49.06565656565657
120700	49.1608040201005
120800	48.89
120900	48.675
121000	48.81
121100	48.885
121200	48.79
121300	49.105
121400	49.04
121500	49.21
121600	49.32
121700	49.00995024875622
121800	49.159203980099505
121900	48.940298507462686
122000	49.208955223880594
122100	49.1044776119403
122200	49.19402985074627
122300	49.26865671641791
122400	49.014925373134325
122500	49.39303482587065
122600	49.57213930348259
122700	49.507462686567166
122800	49.45771144278607
122900	49.67661691542288
123000	49.90049751243781
123100	49.84577114427861
123200	49.885572139303484
123300	49.88059701492537
123400	49.91542288557214
123500	49.975124378109456
123600	49.91044776119403
123700	49.92039800995025
123800	49.960199004975124
123900	50.03482587064676
124000	50.37810945273632
124100	50.19402985074627
124200	50.288557213930346
124300	50.492537313432834
124400	50.193069306930695
124500	50.06930693069307
124600	50.26237623762376
124700	50.39108910891089
124800	50.336633663366335
124900	50.336633663366335
125000	50.34653465346535
125100	50.45049504950495
125200	50.47029702970297
125300	50.35960591133005
125400	50.45812807881774
125500	50.13725490196079
125600	50.18627450980392
125700	50.1421568627451
125800	50.205882352941174
125900	50.333333333333336
126000	50.32843137254902
126100	50.36274509803921
126200	50.42156862745098
126300	49.990243902439026
126400	50.15121951219512
126500	50.06341463414634
126600	50.390243902439025
126700	50.12621359223301
126800	50.116504854368934
126900	50.398058252427184
127000	50.320388349514566
127100	50.35436893203884
127200	50.5
127300	50.24154589371981
127400	49.90384615384615
127500	49.96153846153846
127600	50.03365384615385
127700	49.90865384615385
127800	50.04326923076923
127900	50.10576923076923
128000	50.28365384615385
128100	49.952153110047846
128200	50.057416267942585
128300	49.77142857142857
128400	49.819047619047616
128500	49.82380952380952
128600	49.66350710900474
128700	49.556603773584904
128800	49.5377358490566
128900	49.262910798122064
129000	49.03738317757009
129100	48.693023255813955
129200	48.87441860465116
129300	48.92093023255814
129400	48.64351851851852
129500	48.59722222222222
129600	48.75
129700	48.916666666666664
129800	48.898148148148145
129900	48.93981481481482
130000	48.91203703703704
130100	48.815668202764975
130200	49.175115207373274
130300	48.94009216589862
130400	49.036866359447004
130500	49.02304147465438
130600	49.28110599078341
130700	49.12903225806452
130800	49.276497695852534
130900	49.1520737327189
131000	49.35023041474654
131100	49.285714285714285
131200	49.10091743119266
131300	49.055045871559635
131400	49.0958904109589
131500	49.1324200913242
131600	49.073059360730596
131700	49.19178082191781
131800	49.29223744292238
131900	48.95909090909091
132000	48.796380090497735
132100	48.828054298642535
132200	48.8235294117647
132300	49.00452488687783
132400	48.833333333333336
132500	48.73873873873874
132600	48.65470852017937
132700	48.771300448430495
132800	48.75784753363229
132900	49.0
133000	48.89237668161435
133100	48.96860986547085
133200	48.66517857142857
133300	48.75
133400	48.995535714285715
133500	48.97767857142857
133600	48.950892857142854
133700	48.715555555555554
133800	48.87111111111111
133900	48.650442477876105
134000	48.88053097345133
134100	48.82743362831859
134200	48.92920353982301
134300	48.78761061946903
134400	48.88495575221239
134500	48.93805309734513
134600	49.057522123893804
134700	49.13274336283186
134800	49.35398230088496
134900	49.097345132743364
135000	49.19469026548673
135100	49.27433628318584
135200	49.296460176991154
135300	49.584070796460175
135400	49.51327433628319
135500	49.610619469026545
135600	49.73893805309734
135700	49.79203539823009
135800	49.84070796460177
135900	49.703539823008846
136000	49.915929203539825
136100	49.982300884955755
136200	49.924778761061944
136300	50.02654867256637
136400	50.2787610619469
136500	49.863436123348016
136600	49.73684210526316
136700	49.66228070175438
136800	49.76754385964912
136900	49.90350877192982
137000	49.99122807017544
137100	50.00438596491228
137200	50.04385964912281
137300	49.99122807017544
137400	50.32017543859649
137500	49.995633187772924
137600	50.122270742358076
137700	50.082969432314414
137800	50.33187772925764
137900	50.248908296943235
138000	50.37117903930131
138100	50.2882096069869
138200	50.33187772925764
138300	50.3231441048035
138400	50.54148471615721
138500	50.64192139737991
138600	50.48908296943232
138700	50.7117903930131
138800	50.63755458515284
138900	51.0174672489083
139000	51.03493449781659
139100	50.96069868995633
139200	51.1353711790393
139300	50.67391304347826
139400	50.93043478260869
139500	50.87391304347826
139600	50.60344827586207
139700	50.418103448275865
139800	50.64655172413793
139900	50.650862068965516
140000	50.74568965517241
140100	50.80603448275862
140200	50.74568965517241
140300	50.566523605150216
140400	50.76394849785408
140500	50.74678111587983
140600	50.465811965811966
140700	50.74786324786325
140800	50.6025641025641
140900	50.69230769230769
141000	50.68936170212766
141100	49.9662447257384
141200	49.9746835443038
141300	49.9451476793249
141400	50.19409282700422
141500	50.24050632911393
141600	50.23628691983122
141700	50.58227848101266
141800	50.47679324894515
141900	50.552742616033754
142000	50.41772151898734
142100	50.53586497890296
142200	50.41596638655462
142300	50.55042016806723
142400	50.44117647058823
142500	50.22594142259414
142600	50.31380753138075
142700	50.66527196652719
142800	50.38912133891213
142900	50.48117154811715
143000	50.3625
143100	50.45
143200	50.225
143300	50.219917012448136
143400	50.087136929460584
143500	50.30705394190871
143600	50.21487603305785
143700	50.27685950413223
143800	50.231404958677686
143900	50.27272727272727
144000	50.32644628099174
144100	50.28099173553719
144200	50.50413223140496
144300	50.44214876033058
144400	50.53305785123967
144500	50.52892561983471
144600	50.55144032921811
144700	50.465020576131685
144800	50.48148148148148
144900	50.54320987654321
145000	50.67901234567901
145100	50.68724279835391
145200	50.60493827160494
145300	50.699588477366255
145400	50.61065573770492
145500	50.454918032786885
145600	50.28163265306122
145700	50.50204081632653
145800	50.28163265306122
145900	50.477551020408164
146000	50.648979591836735
146100	50.260162601626014
146200	50.38211382113821
146300	50.25910931174089
146400	50.412955465587046
146500	50.445344129554655
146600	50.27935222672065
146700	50.51821862348178
146800	49.94779116465863
146900	50.05622489959839
147000	50.17269076305221
147100	49.812
147200	50.06
147300	50.208
147400	50.044
147500	50.216
147600	50.248
147700	50.244
147800	50.336
147900	50.388
148000	50.468
148100	50.376
148200	50.564
148300	50.576
148400	50.524
148500	50.868
148600	50.932
148700	50.745019920318725
148800	50.56175298804781
148900	50.54581673306773
149000	50.42063492063492
149100	50.53174603174603
149200	50.57936507936508
149300	50.642857142857146
149400	50.66269841269841
149500	50.69444444444444
149600	50.59288537549407
149700	50.59288537549407
149800	50.60474308300395
149900	50.55731225296443
150000	50.88932806324111
150100	50.80237154150198
150200	50.96442687747036
150300	50.5
150400	50.52549019607843
150500	50.15625
150600	50.1796875
150700	50.06225680933852
150800	50.431906614785994
150900	50.42801556420233
151000	50.29961089494164
151100	50.18217054263566
151200	50.36046511627907
151300	50.395348837209305
151400	50.189189189189186
151500	50.034749034749034
151600	50.034749034749034
151700	50.03846153846154
151800	49.770114942528735
151900	49.536121673003805
152000	49.57034220532319
152100	49.456273764258555
152200	49.50190114068441
152300	49.50570342205323
152400	49.6425855513308
152500	49.650190114068444
152600	49.67680608365019
152700	49.97718631178707
152800	49.840304182509506
152900	49.68181818181818
153000	49.75
153100	50.04924242424242
153200	49.78409090909091
153300	50.071969696969695
153400	50.071969696969695
153500	49.94318181818182
153600	50.09469696969697
153700	49.958333333333336
153800	50.22727272727273
153900	50.321969696969695
154000	50.154716981132076
154100	50.135849056603774
154200	49.969811320754715
154300	50.241509433962264
154400	50.078947368421055
154500	50.203007518796994
154600	50.18796992481203
154700	50.3421052631579
154800	50.421052631578945
154900	50.31578947368421
155000	50.244360902255636
155100	50.409774436090224
155200	50.390977443609025
155300	50.37078651685393
155400	50.37078651685393
155500	50.40823970037453
155600	50.355805243445694
155700	50.51685393258427
155800	50.651685393258425
155900	50.651685393258425
156000	50.70786516853933
156100	50.70786516853933
156200	50.749063670411985
156300	50.853932584269664
156400	51.03370786516854
156500	50.88014981273408
156600	50.89513108614232
156700	51.10112359550562
156800	51.11610486891386
156900	50.83955223880597
157000	50.940298507462686
157100	51.03358208955224
157200	51.21268656716418
157300	51.11194029850746
157400	51.223880597014926
157500	51.13059701492537
157600	51.10780669144982
157700	50.98884758364312
157800	51.15613382899628
157900	51.185873605947954
158000	51.394052044609666
158100	51.21189591078067
158200	51.05925925925926
158300	51.12222222222222
158400	51.2037037037037
158500	51.333333333333336
158600	51.32962962962963
158700	51.407407407407405
158800	51.44814814814815
158900	51.492592592592594
159000	51.65925925925926
159100	51.58518518518518
159200	51.666666666666664
159300	51.80740740740741
159400	51.714814814814815
159500	51.65185185185185
159600	51.481617647058826
159700	51.31985294117647
159800	51.21245421245421
159900	50.61231884057971
160000	50.57608695652174
160100	50.71739130434783
160200	50.79347826086956
160300	50.411552346570396
160400	50.59205776173285
160500	50.68592057761733
160600	50.74368231046932
160700	50.808664259927795
160800	50.812274368231044
160900	50.96750902527076
161000	50.97111913357401
161100	50.830935251798564
161200	50.902877697841724
161300	50.97482014388489
161400	50.935251798561154
161500	50.888489208633096
161600	50.831541218637994
161700	50.42348754448398
161800	50.07067137809187
161900	50.197879858657245
162000	50.34982332155477
162100	49.936619718309856
162200	49.90877192982456
162300	49.83859649122807
162400	49.98245614035088
162500	49.90877192982456
162600	50.04210526315789
162700	50.03496503496503
162800	50.03846153846154
162900	50.08041958041958
163000	50.12237762237762
163100	50.24825174825175
163200	50.36013986013986
163300	50.13636363636363
163400	50.24825174825175
163500	50.39510489510489
163600	50.36013986013986
163700	50.43356643356643
163800	50.47202797202797
163900	50.61188811188811
164000	50.53496503496503
164100	50.80419580419581
164200	50.82517482517483
164300	50.616724738675956
164400	50.65853658536585
164500	50.38754325259516
164600	50.3840830449827
164700	50.148275862068964
164800	49.97594501718213
164900	50.04123711340206
165000	50.12027491408935
165100	50.023972602739725
165200	50.09931506849315
165300	49.534013605442176
165400	49.77891156462585
165500	49.501694915254234
165600	49.447457627118645
165700	49.0976430976431
165800	49.377104377104374
165900	49.32659932659933
166000	49.19798657718121
166100	49.285234899328856
166200	49.328859060402685
166300	49.22147651006711
166400	49.45302013422819
166500	49.40604026845637
166600	49.560402684563755
166700	49.59060402684564
166800	49.33444816053512
166900	49.5685618729097
167000	49.36
167100	49.413333333333334
167200	49.43
167300	49.49
167400	49.352159468438536
167500	49.40199335548173
167600	49.40199335548173
167700	49.63787375415282
167800	49.521594684385384
