#MCS	Mean_pressure	{Cells_over_pressure_threshold}
0	17.895341269182083	0
100	32.16298856087943	18
200	32.06744726133241	17
300	32.45832842217128	22
400	31.669436686803866	14
500	31.89181355771113	19
600	31.792919233309775	17
700	32.30025512650168	15
800	31.87202612041283	15
900	31.946909979970833	15
1000	31.847631910879407	20
1100	32.06021892357867	20
1200	32.0547837531983	24
1300	31.975921726990126	19
1400	31.596388389596612	11
1500	31.408639178490557	15
1600	31.08158206284138	16
1700	31.798998030818304	12
1800	31.378669731304598	15
1900	31.337609758039797	12
2000	31.362306929232574	22
2100	30.865004057033165	13
2200	31.447620291319364	14
2300	31.459777708612556	18
2400	30.930411349080597	13
2500	31.429095873264295	13
2600	31.693190076574993	16
2700	31.351176323479095	20
2800	31.368502261705334	13
2900	31.904593384118254	17
3000	31.61911622105449	21
3100	31.303396189096865	12
3200	31.55001745066068	15
3300	31.30041974807743	15
3400	31.350447556848884	18
3500	31.68119443670822	13
3600	31.52938107225049	12
3700	31.572775594228286	14
3800	31.405336953618935	13
3900	31.585331593015745	10
4000	31.010243738606206	11
4100	31.472265339805734	11
4200	32.00104260819487	23
4300	31.695630905546388	16
4400	31.27027317323338	11
4500	31.89933770711118	12
4600	31.013748368887246	11
4700	30.861616242119155	12
4800	31.68030009837638	15
4900	31.658860055144242	10
5000	31.894239381133346	15
5100	31.236131340909377	13
5200	31.39177096629289	13
5300	31.359390044515294	13
5400	30.888321810295448	13
5500	30.792855261361638	10
5600	31.06178397676159	11
5700	31.38813978319243	10
5800	31.256556005117947	9
5900	32.31164996526819	21
6000	31.986986772854625	14
6100	30.725891804405748	13
6200	31.17622709037836	10
6300	31.198349581628865	15
6400	30.98752445770485	8
6500	31.5211041360925	14
6600	31.357361561287945	12
6700	31.26034755883271	14
6800	31.21378589054115	12
6900	31.535143488598006	10
7000	31.620827993380246	11
7100	31.10621569469592	10
7200	31.48670978169014	14
7300	31.39828636630541	14
7400	30.890078851336103	10
7500	31.653331597726	11
7600	31.72655738040583	15
7700	31.288514838744103	11
7800	31.07360570798299	14
7900	30.99010285394048	7
8000	31.414104778491772	12
8100	31.854760786029193	13
8200	31.904202430023798	20
8300	32.14523928982655	16
8400	31.522761919841958	17
8500	31.480436889507317	11
8600	31.56846915156684	17
8700	31.914123587422537	14
8800	31.384236776851893	14
8900	31.885689689074642	19
9000	32.208572819956096	19
9100	31.66591778101746	14
9200	31.01004866476067	14
9300	31.37631137675551	8
9400	30.618766077266418	8
9500	31.783730422219204	13
9600	31.231426408021324	5
9700	31.46931443812946	11
9800	31.919604145782458	16
9900	31.602352580306242	12
10000	31.702753324309942	16
10100	31.58882714489896	18
10200	32.134118362244855	16
10300	31.97030325256317	12
10400	32.40116272296082	19
10500	31.86561742871693	13
10600	31.765441922378287	13
10700	31.933650674051222	18
10800	31.568534027737996	11
10900	31.315555417725164	9
11000	31.812037106741673	12
11100	31.42638385036915	11
11200	31.86472755410684	16
11300	31.341034681769962	9
11400	31.66737527504597	16
11500	32.20323010907658	18
11600	32.025759559426135	18
11700	32.26177629969482	12
11800	31.752929499336968	15
11900	32.124058850022266	15
12000	31.691862805105583	11
12100	31.220581167364962	10
12200	32.23613583700545	18
12300	31.85060488473493	12
12400	31.74920910781132	12
12500	32.10886888387218	17
12600	31.769533264351978	12
12700	32.03874857731412	13
12800	32.597029011756206	24
12900	32.09043631991013	17
13000	32.23617395484081	14
13100	31.482856032495484	15
13200	32.1015142354441	17
13300	32.60570104162468	22
13400	31.627365854023054	14
13500	31.88004173221204	13
13600	31.79166209079516	15
13700	31.69447599050259	13
13800	32.121880485863585	14
13900	31.937338958235788	12
14000	31.949840313218356	20
14100	31.67205126888556	12
14200	31.81526065668574	12
14300	31.955555636833022	17
14400	31.836663293918345	14
14500	32.477710779771975	16
14600	31.50758836305061	10
14700	31.921001003303463	17
14800	31.742989876732526	14
14900	31.083764408076448	7
15000	31.91388820925157	11
15100	32.03269282335032	17
15200	31.634579957004618	16
15300	32.28557654436064	21
15400	30.879706552154012	11
15500	31.67388434369178	16
15600	31.862817675580473	11
15700	31.821349349474623	15
15800	31.853554116166553	18
15900	31.89516825716417	14
16000	32.262968259691405	20
16100	31.850660278632333	16
16200	31.859077555252224	16
16300	31.61439179328885	10
16400	32.80018531727829	22
16500	32.02085191271962	17
16600	32.22700271241392	20
16700	31.99212184622759	19
16800	32.08367895458859	14
16900	32.30850435915776	19
17000	31.824763082833734	14
17100	32.06575348598285	19
17200	32.49564060247101	14
17300	31.496304114153535	12
17400	31.919318404883317	13
17500	32.61749619260639	17
17600	31.75602477320499	16
17700	31.9997769671923	16
17800	32.24885450957471	20
17900	31.880714684287312	16
18000	31.835917859747198	12
18100	31.450875104012084	11
18200	32.170975010930825	19
18300	32.48267013842608	20
18400	32.151465455948895	14
18500	32.24184957082353	21
18600	31.570371938605003	8
18700	31.355946755584974	9
18800	31.770402508882906	16
18900	31.72248386365777	15
19000	32.065923749553825	21
19100	32.15344144615914	17
19200	32.17931308567916	13
19300	31.400564070155806	12
19400	32.03176107237604	14
19500	32.08114697029363	15
19600	32.01939334033775	20
19700	32.49762192880681	21
19800	32.30863625005417	15
19900	32.44721259055531	15
20000	32.019603126747285	13
20100	31.750503296890727	12
20200	31.978603200948445	17
20300	32.09386347341796	16
20400	32.85968734826707	20
20500	32.56151430115294	17
20600	32.38696654163452	14
20700	32.60930933938163	22
20800	33.070587041398014	20
20900	31.979658411494448	10
21000	32.53575468099348	16
21100	32.80685977062866	19
21200	32.09796131821157	14
21300	33.34670909913416	25
21400	32.65478839227713	17
21500	32.758763450303576	21
21600	32.70531499590893	21
21700	32.08452483628054	16
21800	32.83319878889517	17
21900	33.1723296901489	23
22000	32.67111660648997	16
22100	33.2851365275639	25
22200	32.705353847470526	17
22300	32.85802859438987	20
22400	32.839677164936745	22
22500	32.20085477826988	20
22600	32.70746996171297	16
22700	33.229877951998844	22
22800	33.072826576319706	19
22900	32.36456099487786	19
23000	32.862706651618645	21
23100	33.62423426924463	21
23200	33.29967907122569	26
23300	33.22385391797619	21
23400	33.411082577732415	29
23500	33.233526996892714	30
23600	33.125238984856196	24
23700	32.87656240465697	15
23800	32.644645036507676	20
23900	33.70681041110021	27
24000	33.17985698294658	21
24100	33.376994109097325	23
24200	33.15202777976027	26
24300	33.195716084457715	24
24400	33.1293551732569	26
24500	33.69648235835981	27
24600	33.20085614124955	24
24700	33.42842008385245	28
24800	32.983585529202315	21
24900	32.69453988446989	21
25000	32.79133186392075	15
25100	33.12128551837017	26
25200	33.41695366366467	35
25300	33.50071737973284	28
25400	33.083350283080044	23
25500	33.347984156366984	28
25600	33.34897188096291	25
25700	33.47134099895486	30
25800	33.23699359478556	27
25900	33.53427544058613	29
26000	33.68282740077488	26
26100	32.82839098325978	21
26200	33.51016832293607	24
26300	33.033435459741206	21
26400	33.512951007506416	25
26500	32.847844100750834	18
26600	33.284656076420376	24
26700	33.012624868594806	28
26800	33.159916403249326	20
26900	33.346726327512485	27
27000	33.722967651189094	27
27100	34.02028897846952	31
27200	33.56439101557874	28
27300	33.37570683092326	21
27400	32.99162317207131	22
27500	33.047682719600004	20
27600	33.59024798359811	30
27700	33.12703709810544	23
27800	33.29517934307644	28
27900	33.42208021925675	29
28000	33.454305300482645	25
28100	33.00445560543192	23
28200	32.6754544638409	20
28300	33.552985183239535	24
28400	33.01529916296288	30
28500	33.15655855100545	21
28600	33.358384921302296	25
28700	32.99024052123932	27
28800	33.47501546414668	29
28900	33.485223567691975	24
29000	33.748163470979335	28
29100	32.84348073566027	26
29200	33.416454138717434	25
29300	33.60515886120921	23
29400	33.15694850174739	25
29500	33.18395925688868	28
29600	33.078671318380955	24
29700	33.37528603786151	27
29800	33.664063126641985	24
29900	33.651954099418106	26
30000	33.01587405244859	22
30100	33.46573934516024	25
30200	32.79066103586475	24
30300	33.48571436217869	30
30400	32.98833700738136	20
30500	33.69985136421931	26
30600	33.228962654909644	26
30700	33.4898845220439	28
30800	33.35906715142249	22
30900	33.573578875616064	29
31000	33.78930478072383	28
31100	33.525409884849566	28
31200	33.63681074395646	32
31300	34.03022863775248	34
31400	33.215677131671626	29
31500	33.534883136259275	29
31600	34.05678954218751	36
31700	33.625190490701364	30
31800	33.97545331374627	31
31900	34.166501914921994	31
32000	34.02295688050137	30
32100	34.00630251508512	31
32200	33.37226592445693	30
32300	33.73871820433056	33
32400	33.804305915198874	30
32500	33.46518924594449	22
32600	34.26645186726079	33
32700	33.476688846686095	23
32800	33.99103731169566	29
32900	33.83885259918462	33
33000	33.850721502348186	30
33100	34.06731731799098	35
33200	33.88512792023708	33
33300	33.363126741654604	27
33400	33.642236921155444	32
33500	33.87650882657045	35
33600	34.42699902379215	38
33700	33.4859678753328	27
33800	34.336997515556256	35
33900	33.752087575390576	30
34000	33.679766251686424	27
34100	33.97733951396537	29
34200	34.34372323260475	37
34300	34.22491304173664	34
34400	34.05167404346234	40
34500	33.701702382582674	38
34600	34.11405271599912	37
34700	33.9937369814621	32
34800	34.62390959634985	38
34900	34.349112222864214	36
35000	33.79807447005145	35
35100	34.80162558838423	44
35200	34.11688475543928	33
35300	33.71349577922002	33
35400	34.156428453656254	37
35500	34.53628735892241	36
35600	35.04409216648458	42
35700	34.66716654558235	37
35800	35.011593701171684	43
35900	34.68752189204069	44
36000	34.50651174274749	37
36100	34.96571984743189	43
36200	34.093814624748546	35
36300	34.474993312872606	39
36400	34.96041174528267	49
36500	34.94439662947577	39
36600	34.75840236121721	42
36700	34.274002778153005	35
36800	34.53607180483329	44
36900	35.17662844724493	51
37000	35.02845281233561	50
37100	34.76757746034701	43
37200	34.940187640126005	44
37300	35.10885644364121	52
37400	34.12125330036253	38
37500	34.516283535042966	41
37600	34.652933766281166	44
37700	34.802478822477354	45
37800	34.80191289403317	44
37900	34.999377937592115	45
38000	34.888107987765714	47
38100	35.20315837379585	53
38200	34.94039708670961	47
38300	35.161428990478996	48
38400	35.11242937483623	47
38500	35.220534379779835	43
38600	35.40744744773228	50
38700	34.830086458833506	44
38800	35.34732422474869	50
38900	34.8756685515006	48
39000	35.008663253495534	44
39100	35.20760342773236	47
39200	35.136893121212694	53
39300	35.517829109402186	60
39400	35.706983256307815	58
39500	35.46688645359889	55
39600	35.2477440513511	47
39700	35.08555210898228	50
39800	35.29892299140411	52
39900	35.25407771830266	52
40000	35.282856295980636	48
40100	35.35104293427796	51
40200	35.4094996740624	53
40300	35.92022714873261	53
40400	35.51274089974897	53
40500	35.61952567646878	59
40600	35.904420245948025	58
40700	35.316640004611735	53
40800	35.23018409304044	51
40900	35.34063288716515	55
41000	35.575049034687666	52
41100	35.13223210483912	50
41200	34.80103844270415	49
41300	35.545596736031946	54
41400	35.62318442878045	54
41500	35.73222966216137	61
41600	35.63832812580004	57
41700	35.55080242055591	50
41800	35.699332314946815	52
41900	35.523184086835236	58
42000	35.86843398882217	60
42100	35.789173656271174	56
42200	35.948559504862615	58
42300	35.4817579536478	52
42400	35.867688061349156	56
42500	35.78246178498394	54
42600	35.475150368869535	52
42700	35.45529949258724	54
42800	35.693339148960376	56
42900	35.21808170667827	55
43000	35.85888046919051	67
43100	35.58387021112545	59
43200	35.90534207176015	64
43300	35.868544617583076	55
43400	35.486070479600656	55
43500	35.949757534031114	56
43600	35.81774343522829	59
43700	35.90659719105063	55
43800	35.99592562790352	60
43900	35.45958515876411	56
44000	35.57343630276397	57
44100	35.69301321629091	59
44200	35.814861362044766	62
44300	35.97008179752583	60
44400	35.89581751186244	60
44500	35.83679343632847	61
44600	35.82571482874486	61
44700	36.09258294790869	58
44800	35.93488259846388	60
44900	35.96308485678908	64
45000	35.80605600678024	60
45100	35.74752406744255	57
45200	36.00724496547597	61
45300	36.019414727251934	61
45400	35.70701681046865	58
45500	35.7513447545	59
45600	35.57547452190293	58
45700	35.98164665669699	62
45800	36.132159916135166	63
45900	35.71283612553063	59
46000	36.29567683355219	60
46100	35.59298682894434	63
46200	35.268199454562236	54
46300	35.48478048706921	60
46400	35.66171306068711	55
46500	35.64450667246995	63
46600	36.30636609153281	68
46700	35.685815163836715	59
46800	35.48172465534071	51
46900	35.261023697869426	55
47000	35.88163023347892	61
47100	35.745825002753875	60
47200	35.62722802741486	63
47300	35.891416007598785	59
47400	35.95854188981801	61
47500	35.95346151779962	63
47600	35.640767804583525	59
47700	35.878366770069256	63
47800	35.84955513458367	66
47900	35.40481729902775	60
48000	35.64173027641099	58
48100	35.66199401317926	60
48200	35.356333221021664	59
48300	35.86895805390326	64
48400	35.886566401270926	60
48500	35.42708416767373	64
48600	35.89583680116215	60
48700	36.346767664852784	66
48800	36.19208499318454	63
48900	35.89031463484794	66
49000	35.77524200453206	60
49100	35.473629275893465	61
49200	35.76662800185034	61
49300	35.777383610503094	65
49400	35.70697808969159	63
49500	35.68804905618003	61
49600	35.47287010208273	61
49700	35.770536552180424	63
49800	35.87111054530196	63
49900	36.155093177351056	68
50000	35.837549052222194	67
50100	35.679286095076	58
50200	35.604932796743235	57
50300	35.278061879792475	58
50400	35.08379934227209	62
50500	35.18523012384083	57
50600	35.889283903138704	66
50700	35.77058125575893	63
50800	35.44312708379172	60
50900	35.62311710512383	67
51000	35.71281495677171	63
51100	35.372149229807775	64
51200	35.681789643562446	65
51300	35.5902546226639	65
51400	35.698361480974526	63
51500	35.41234057282876	64
51600	35.30904576924813	67
51700	35.59959262086466	69
51800	35.84880927865147	68
51900	35.12597186292549	61
52000	35.296551406053275	61
52100	35.754394179265354	61
52200	35.031807440064576	59
52300	35.56930273427799	65
52400	35.32208043446829	64
52500	35.39205322799027	60
52600	35.40419875800757	69
52700	35.74213060165861	68
52800	35.05092750551506	62
52900	35.302895329964784	63
53000	35.45469070737878	63
53100	35.573633814819274	66
53200	35.257488314460176	62
53300	35.331475949591294	61
53400	34.99268949404759	58
53500	35.299096674866284	64
53600	35.50027479601653	61
53700	34.661111628734446	63
53800	35.42588018932106	65
53900	34.88561901692454	62
54000	35.028730951174616	61
54100	34.94311245807435	59
54200	34.76788999799145	59
54300	34.97898368878742	59
54400	34.95601517177166	58
54500	34.70762219117214	58
54600	35.379757597479404	68
54700	35.31233017227732	62
54800	34.9296581832709	59
54900	34.89896786461024	61
55000	35.34261450348698	61
55100	35.1114621841893	64
55200	35.57743792065763	64
55300	35.24131897512375	60
55400	35.70982591494677	66
55500	35.56834980961663	64
55600	35.20330249390078	63
55700	35.73024595192457	65
55800	35.520695852561275	67
55900	35.426024310126444	64
56000	35.449537061853235	63
56100	35.32625135799483	61
56200	35.010028194920096	55
56300	35.12796457758349	61
56400	35.00871363894932	63
56500	35.210749847188175	61
56600	35.15518459845642	58
56700	35.457290098417545	62
56800	35.804206158246814	58
56900	35.3353643551044	66
57000	35.174318635500974	63
57100	34.98564523195675	60
57200	35.445017291212665	63
57300	35.16652506529112	64
57400	35.37360176799738	63
57500	35.425322161885745	64
57600	35.35233085283688	60
57700	35.265994159543766	63
57800	35.20752845520964	60
57900	35.036637614733124	57
58000	35.707569208985625	64
58100	34.66467443979867	59
58200	35.66728973477245	66
58300	35.35914093082325	62
58400	34.77225984877396	57
58500	34.8374245792836	58
58600	35.593055310647365	62
58700	35.25535395962705	65
58800	35.25082222822523	61
58900	34.87450441026761	61
59000	35.33190866721695	63
59100	35.33457615281187	67
59200	35.08666501683653	58
59300	35.11567557951759	58
59400	35.11135993604495	61
59500	34.88516224900019	57
59600	35.01105682519271	64
59700	35.34445654062989	63
59800	35.16706457451503	60
59900	35.19009977316691	61
60000	34.76075709281502	60
60100	34.9306134193528	63
60200	34.81207505980982	61
60300	35.42426011960113	62
60400	35.58457686348952	68
60500	35.33415133551066	61
60600	35.49623940694231	63
60700	35.48293447082	65
60800	34.734127660459805	58
60900	35.0045055563362	62
61000	34.879638168737	60
61100	34.87797418913935	63
61200	35.16431805984069	63
61300	35.371290860152605	64
61400	34.920307946336756	61
61500	35.04712602769402	57
61600	34.64548545876245	57
61700	35.11701452928515	60
61800	35.23721393783799	63
61900	35.2700150303238	65
62000	35.4419591493764	64
62100	35.39242078212957	64
62200	35.153603735129956	67
62300	35.154639555799506	63
62400	35.30842455766143	61
62500	35.052562404656584	58
62600	34.96808739223955	59
62700	35.274215457536414	62
62800	34.899467858840914	63
62900	34.39251206191612	57
63000	34.89530578568223	60
63100	35.21597139740897	65
63200	35.174044530764796	66
63300	34.887578427365405	62
63400	35.57049905861302	63
63500	34.62598193519155	59
63600	35.226253896786524	64
63700	35.04451438191004	64
63800	35.25123529199577	66
63900	34.97326568870177	63
64000	34.75718448601793	61
64100	35.14217491070619	63
64200	34.95544098994308	64
64300	35.036748232290364	65
64400	34.99245477510001	62
64500	35.011052666202964	59
64600	35.253106310157726	62
64700	35.12858486711218	65
64800	35.05491086981948	62
64900	35.232312445305126	64
65000	34.72113618210512	60
65100	34.343430185760255	60
65200	34.73074385855232	63
65300	34.70061182874977	57
65400	35.16907786743617	64
65500	34.6737810365812	59
65600	34.766026319823	60
65700	34.43470959616207	55
65800	34.50146587593872	55
65900	35.36035200383324	69
66000	34.99493055094186	65
66100	35.24047621601293	63
66200	34.89910176086741	60
66300	34.956031668901325	63
66400	34.54988292654567	58
66500	34.673006147860335	59
66600	34.95411043000172	56
66700	34.68701945891623	62
66800	34.89727186986487	63
66900	35.15743637199754	66
67000	35.23857611048434	68
67100	34.614831849464004	58
67200	35.14013044558956	67
67300	35.017264063374256	64
67400	34.98598811298136	63
67500	34.76876863090968	59
67600	35.0987378457652	63
67700	34.66168784836333	63
67800	34.74439174693771	61
67900	34.91730904228356	61
68000	35.145139475770264	58
68100	34.65390037651498	61
68200	34.88940029372003	63
68300	34.74846763051344	62
68400	34.91455104751813	65
68500	35.3243233864414	63
68600	34.760187421789	60
68700	35.097935948189715	64
68800	35.149370798529084	68
68900	35.10181782287778	67
69000	34.82980840489507	65
69100	34.90702957643355	61
69200	34.86519680553405	62
69300	35.11489800919623	66
69400	34.56487752026961	58
69500	35.19254169547144	60
69600	35.27326461556053	68
69700	34.52277466986771	56
69800	35.475266272476155	70
69900	34.92747825822048	61
70000	34.643728122911426	60
70100	34.445684104418724	61
70200	34.72088844225071	60
70300	34.901564160572846	58
70400	34.60392691009308	55
70500	35.0059687271676	63
70600	35.09690463034532	67
70700	34.75053121764432	62
70800	34.894112597212946	57
70900	34.95664145133835	57
71000	35.65920318641784	62
71100	35.00198000797386	57
71200	34.876422879269896	66
71300	35.395301666624825	64
71400	35.48128954738659	73
71500	34.87282303415987	65
71600	35.021218671185174	58
71700	34.90843787215447	60
71800	35.19720811188649	61
71900	35.10651283174598	62
72000	34.717006411580705	55
72100	35.06390689842244	61
72200	35.03365114585219	61
72300	35.69796869596574	67
72400	34.76882470626549	57
72500	34.931991908759	62
72600	34.60135490536149	62
72700	34.90447345793532	59
72800	34.92106917668499	58
72900	35.147731022269994	61
73000	34.41331182229273	55
73100	35.61550251997803	68
73200	34.618552090453626	61
73300	34.925116363013565	60
73400	35.414815654328216	60
73500	35.12902942124791	58
73600	34.85246088016651	57
73700	34.89111306816923	62
73800	35.13362246977846	64
73900	35.142234052532054	64
74000	34.81051091048888	63
74100	35.03408488336882	65
74200	34.59623375062862	61
74300	35.02496606625429	64
74400	34.40049202399076	53
74500	34.77564910265496	65
74600	34.61263734810588	57
74700	35.08005783534553	68
74800	35.14768773603204	70
74900	35.23202682177184	68
75000	34.65924188313649	59
75100	34.76188375483268	60
75200	34.940264376562425	62
75300	35.09873331964155	64
75400	35.231680503567624	67
75500	34.706196625395414	65
75600	34.356215779191935	57
75700	34.89557372459421	60
75800	34.660386023568826	56
75900	34.983084602466306	59
76000	34.55650969370072	60
76100	34.86168739627752	66
76200	34.99699925719478	63
76300	34.77137786013706	63
76400	34.853984914201114	59
76500	35.27302141438405	65
76600	34.81728358453943	67
76700	34.932810398471126	56
76800	34.718526996677376	62
76900	34.760941328756	63
77000	34.98982741248849	68
77100	34.86009673755521	66
77200	35.18127725775822	66
77300	35.37663149973517	67
77400	34.98503742441551	58
77500	34.74545069313326	66
77600	34.916722848621305	66
77700	35.007667687540874	67
77800	35.45811622767427	73
77900	34.77971477546144	65
78000	35.215479765738195	69
78100	35.017139504166316	67
78200	35.31702369912315	70
78300	35.116649647185056	68
78400	35.13076648469611	69
78500	34.99669682448443	67
78600	34.50767136813262	71
78700	35.0172620227053	64
78800	35.02710687125113	61
78900	34.91083717288352	64
79000	34.70396257680301	62
79100	34.86706668788375	65
79200	34.58588257591837	61
79300	34.916580667429535	68
79400	34.15930512702064	60
79500	34.57982698281525	64
79600	35.24478784320869	73
79700	35.00299896095511	71
79800	34.711434673727624	72
79900	34.87545089687778	68
80000	34.63734001665719	65
80100	34.854283847803494	67
80200	34.7297958671362	65
80300	34.61508567045559	56
80400	34.80332933280863	69
80500	35.30055255370062	70
80600	35.01295703156011	70
80700	34.85277385002773	66
80800	34.6157081311842	68
80900	34.74219738226405	64
81000	34.72688770279505	71
81100	34.81784306331423	67
81200	34.73229690779419	68
81300	35.113951056799884	72
81400	35.28161975134511	73
81500	35.28649437129541	77
81600	35.32296461048794	72
81700	34.89422282492236	75
81800	35.264741287044195	75
81900	35.01238219360255	72
82000	34.69255151468212	70
82100	35.20241298029436	68
82200	35.234866340014584	73
82300	34.95329492967858	75
82400	34.734611921913874	71
82500	35.17217472659005	72
82600	35.30734400566907	74
82700	35.40974884591096	77
82800	35.02889822234772	70
82900	35.078079802422	71
83000	34.72683025323425	71
83100	34.91312959639726	67
83200	35.398530209270746	73
83300	35.362138567213954	77
83400	34.861505851563976	71
83500	35.09056720265526	78
83600	35.14467556725637	69
83700	35.00859003846472	69
83800	35.02061508487839	70
83900	34.87571941761774	71
84000	35.21917093717819	69
84100	35.237723157787634	73
84200	34.958471696044505	74
84300	34.907279639802034	71
84400	34.58581275668943	66
84500	34.65512586467865	66
84600	34.84162857510092	70
84700	35.28213457973525	76
84800	34.922306274541064	71
84900	35.22172778508837	74
85000	35.17206872760283	73
85100	35.06220601959297	75
85200	35.242416239935274	73
85300	35.09306467292925	76
85400	34.59344319993935	70
85500	34.620460284858076	73
85600	34.864529719606814	71
85700	35.15512302931329	74
85800	34.86890544757191	73
85900	35.40300193947619	81
86000	35.19616736167296	67
86100	34.93944385063901	70
86200	35.16673718668196	71
86300	35.339355323283456	80
86400	34.995515751242344	70
86500	34.978739144787205	78
86600	35.5278555297206	81
86700	35.285637666762234	78
86800	35.37588809705455	76
86900	35.727017175880555	84
87000	35.38180143407925	78
87100	34.957314827940024	74
87200	35.48775879203326	82
87300	35.7510317661545	79
87400	35.82731193422366	81
87500	35.24214029163699	68
87600	35.45001378116638	82
87700	35.334768333520245	82
87800	35.429475692512	81
87900	35.20294409193832	82
88000	35.50443591300837	79
88100	35.04769441434038	80
88200	35.202998473214436	79
88300	35.274591111275576	76
88400	35.58859575860933	78
88500	35.229855023165136	81
88600	35.69618889271734	81
88700	35.542332591646975	84
88800	35.28898665933918	76
88900	35.167955036050266	77
89000	35.66542635928807	79
89100	35.48740675897739	77
89200	35.55948064198053	76
89300	34.92368378282676	77
89400	35.7659108718174	87
89500	35.74444509730849	88
89600	35.0979906424217	70
89700	35.2139177033986	81
89800	35.421452548975026	80
89900	35.18157980684858	85
90000	35.26131464428168	80
90100	35.5979504659252	81
90200	35.09509238704431	75
90300	35.318362358063474	85
90400	35.9811972151873	92
90500	35.548806983111454	81
90600	35.30650873488133	75
90700	35.543400424899986	83
90800	35.33221366185676	81
90900	35.28913497554204	81
91000	35.753426358217965	85
91100	35.381356392327454	82
91200	35.371755375159644	85
91300	35.63166943183391	86
91400	35.53480649096254	82
91500	36.06531117979491	90
91600	35.93356480745933	81
91700	35.69956703042112	87
91800	35.93083130440199	92
91900	35.661409084527456	84
92000	35.76009040370279	81
92100	35.670614688886424	88
92200	35.39228724657047	88
92300	35.818541844999174	93
92400	35.70150036363748	85
92500	35.597840935769426	88
92600	35.933355537146916	88
92700	35.26070628029374	81
92800	35.45419559691618	83
92900	35.50836658547137	84
93000	35.319388840750705	84
93100	35.38667699898061	81
93200	35.4986226500676	84
93300	35.788663240112804	83
93400	35.57634268426773	86
93500	35.5546920308305	91
93600	35.62873328150072	93
93700	35.253420850810365	90
93800	35.248257440177994	86
93900	35.31649684483291	84
94000	35.64860994390077	83
94100	35.281353553634204	84
94200	35.57058817618766	90
94300	35.51252051631747	90
94400	35.39875067447302	88
94500	35.29683419004886	83
94600	35.62415850112407	83
94700	35.45408690679893	87
94800	35.57970629975376	89
94900	35.47251755560844	84
95000	35.623996842600356	91
95100	35.742319655735535	93
95200	35.72070440560527	90
95300	35.24801557939528	83
95400	35.645697892032636	91
95500	35.46828774751246	92
95600	35.82227685210664	93
95700	35.89229598585853	95
95800	35.38853482655469	85
95900	35.27988772307592	87
96000	35.31192043493292	91
96100	35.897573962182015	94
96200	35.555515982240415	94
96300	35.493375268232846	84
96400	35.54438345006326	92
96500	35.834761757197	93
96600	35.982138721692834	98
96700	35.67101826944065	93
96800	35.89852427269587	96
96900	35.49322373465243	94
97000	35.4983777774584	86
97100	35.483887970006485	92
97200	35.72320176268393	90
97300	35.454438095643134	94
97400	35.92814486692003	96
97500	35.304084196692884	89
97600	36.1710987197893	103
97700	35.5396314248414	97
97800	35.3386247277829	91
97900	35.81937171383438	99
98000	35.672873467747365	96
98100	35.47695603705293	94
98200	35.328271928562096	91
98300	35.66713793029084	84
98400	35.70524728524754	90
98500	35.510435273921175	94
98600	35.774202870768185	92
98700	35.589664651515974	95
98800	35.55884308179055	93
98900	35.40481089318311	94
99000	35.72766206566075	96
99100	35.67213427409517	95
99200	35.65389295543223	94
99300	35.575721402301724	93
99400	35.13766106900749	91
99500	35.18215702680838	89
99600	35.48496785915929	93
99700	35.3388679543218	90
99800	35.10623076532648	93
99900	35.58117025020306	97
100000	35.47516191466817	96
100100	35.153516128767016	85
100200	35.45349540287959	89
100300	35.230375436506634	90
100400	35.86263935244376	99
100500	35.44492724083206	86
100600	35.610753670202094	93
100700	35.36819771662949	93
100800	35.014334882722764	89
100900	35.19794410800883	98
101000	35.37245599232407	91
101100	35.49726796456659	98
101200	35.48931639754608	93
101300	35.24302248563429	89
101400	35.07330919796011	88
101500	35.28090321597865	84
101600	34.89073464411837	90
101700	35.36917282919664	91
101800	35.601484989110915	92
101900	35.776991797824955	94
102000	35.56767151899769	97
102100	35.32502237811625	90
102200	35.53155880298081	93
102300	35.62903923632521	98
102400	35.31540253991693	88
102500	35.42698741330101	92
102600	35.12505931052559	91
102700	35.36478290423328	92
102800	35.274532702928454	91
102900	35.55285828888324	92
103000	35.382459912918556	91
103100	35.9121424361418	100
103200	35.335798631994464	86
103300	35.55391816955227	91
103400	35.52541192233887	96
103500	35.48754157694337	92
103600	35.65968366630206	95
103700	35.72370768231532	96
103800	35.248172364963764	94
103900	35.38079350057089	95
104000	35.75128651021545	93
104100	35.245257292752854	93
104200	35.527154679195114	92
104300	35.41586593304234	92
104400	35.39546977502544	90
104500	36.14168314703173	96
104600	35.56146576116802	95
104700	35.42957872221079	90
104800	35.8053896248054	100
104900	35.49290647319313	93
105000	35.18743023459305	95
105100	35.663779114351556	96
105200	35.54991096020509	101
105300	35.10857574189657	95
105400	35.359681524354315	95
105500	35.19237907269722	88
105600	35.60000723217398	95
105700	35.308492789748435	88
105800	35.52209616788343	99
105900	35.08490517349646	87
106000	35.50927337489833	97
106100	35.2688066596029	93
106200	35.202982119581556	96
106300	35.34485066842395	91
106400	35.92802281703199	93
106500	35.30148328744844	95
106600	35.69660173548615	101
106700	35.76766150306584	99
106800	35.574284843073215	98
106900	35.3442912175254	95
107000	35.63586140868591	97
107100	35.15617763461086	94
107200	35.09856206415406	94
107300	35.792642062361736	104
107400	35.733598386277954	101
107500	36.019655484614596	106
107600	35.740202852245574	102
107700	35.84380980637468	98
107800	35.6256880040787	100
107900	35.837235169891834	95
108000	35.47700431847648	101
108100	35.72292580798374	109
108200	35.41327641479412	103
108300	35.607303017865284	101
108400	35.33745853291783	101
108500	35.28238617892575	98
108600	35.721975598530335	100
108700	35.63425977225466	100
108800	35.61264013718762	100
108900	35.43979675985022	108
109000	34.846455180937006	90
109100	35.50487389090985	101
109200	35.18004456249721	95
109300	35.403185018552044	95
109400	35.47876443209625	99
109500	35.46330608012751	101
109600	35.475996404788965	103
109700	35.250856168638684	99
109800	35.48253850284965	98
109900	35.31489878789404	98
110000	35.54928169015793	99
110100	35.36050321561807	106
110200	35.72330728988183	104
110300	35.429008653937146	96
110400	35.1408193471807	101
110500	35.213346537131045	99
110600	35.42439709498706	101
110700	35.61675125545512	107
110800	35.33265565390277	100
110900	35.696765498841174	105
111000	35.42424770217279	103
111100	35.38761881733655	97
111200	35.38654678525392	105
111300	35.283811865398725	104
111400	35.46141673126294	100
111500	35.5924941752696	104
111600	35.55866283672445	103
111700	35.63243465910036	105
111800	35.93356034645314	103
111900	35.776043483026704	105
112000	35.916330201249075	110
112100	35.69335969998465	106
112200	35.65558046252563	109
112300	35.16079577952207	100
112400	35.035183820695416	100
112500	35.27813035242122	103
112600	35.33967164041404	99
112700	35.59906183969712	105
112800	35.31895573099452	103
112900	35.72529661181982	107
113000	35.23671650387928	104
113100	35.277402518762734	107
113200	35.43166685546344	108
113300	35.332825138669264	107
113400	35.4904464559571	104
113500	35.61670461228422	110
113600	35.528945390808516	105
113700	35.196579438663	100
113800	35.262453240463444	109
113900	35.76170122538242	108
114000	35.58887633770245	108
114100	35.44103035160413	106
114200	35.4504274158956	105
114300	35.22323134347849	95
114400	35.32170700018609	104
114500	35.21811954647212	105
114600	35.065293814859594	103
114700	35.28131746809014	105
114800	35.463716486381166	104
114900	35.55779202446508	107
115000	35.492768673882516	109
115100	35.614444110627666	103
115200	35.36100621094237	109
115300	34.83104807122403	105
115400	35.238935143908364	99
115500	35.62871119700591	109
115600	35.548189889787416	108
115700	34.90116846167474	103
115800	35.41910552295465	103
115900	35.07404124749602	103
116000	35.342085400503564	105
116100	34.808952732228356	101
116200	35.15186084679983	103
116300	35.142890008942025	105
116400	35.149994746689515	106
116500	35.49536333681437	108
116600	35.36093784966174	109
116700	35.528091663729825	105
116800	35.37322265673163	104
116900	35.574541965588956	107
117000	35.5518689743962	108
117100	35.13583082191444	105
117200	35.32907197302286	100
117300	35.12667684392327	106
117400	35.517956753337096	111
117500	35.56750386464432	107
117600	35.57324146669361	115
117700	35.48159766488091	114
117800	35.18816558284045	109
117900	35.37419409153548	107
118000	35.63412242376836	116
118100	35.72084816622371	112
118200	35.58835939325751	111
118300	35.40212244103231	110
118400	35.45123155549497	111
118500	35.27108810417489	114
118600	35.57992877598761	111
118700	35.5305609070165	116
118800	35.18096124251473	111
118900	35.83931998036337	117
119000	35.610918698573435	115
119100	35.37709603194467	113
119200	35.40954205669195	113
119300	35.26515570960902	108
119400	35.78248547656656	113
119500	35.01194536358934	109
119600	35.13661441555114	108
119700	35.2429799633815	113
119800	35.25341311549336	112
119900	35.486565253681576	113
120000	35.75193229380429	111
120100	35.51417146889285	116
120200	35.46678612064968	115
120300	35.44057324332557	116
120400	35.6661205200544	115
120500	35.345449444598046	112
120600	35.72907934474704	109
120700	35.05254068665743	110
120800	35.045639155890655	105
120900	35.530161533579744	118
121000	35.41657582733479	111
121100	35.377750414659396	111
121200	35.69554843741179	116
121300	35.23116083053635	113
121400	35.46977246292024	106
121500	35.28046285947576	107
121600	35.20653289705079	113
121700	35.275604820004624	109
121800	35.1018764106059	107
121900	35.61417903563721	116
122000	35.23612466642152	116
122100	35.5451373660612	110
122200	35.49782433679329	120
122300	35.500355615946944	110
122400	36.06155288528534	121
122500	35.49308559708907	112
122600	35.304812340008404	116
122700	35.52761527107762	115
122800	35.72278926155632	119
122900	35.43320940280878	109
123000	35.13918210899297	110
123100	35.37082258456822	112
123200	35.41675877006429	110
123300	35.54256733530956	117
123400	35.57957799091051	119
123500	35.54603184160563	109
123600	35.775770133622636	121
123700	35.85986951429821	119
123800	35.905473069588695	113
123900	35.89141805369485	123
124000	35.37227027597256	113
124100	35.827694914615776	114
124200	35.777490187849274	118
124300	35.50999502220396	113
124400	35.53614319663379	121
124500	35.87137498008982	118
124600	35.63966664169607	114
124700	35.51356787845785	114
124800	35.73186359746822	123
124900	35.838534981933975	121
125000	35.93708437238861	123
125100	35.851999374028466	121
125200	35.92649542489457	128
125300	35.606248514078494	116
125400	35.54383262025426	115
125500	35.62013188501262	123
125600	35.648740252835395	120
125700	35.82552047371287	117
125800	35.828601785686146	118
125900	35.70737674599339	121
126000	35.82502089579867	122
126100	35.866253327589156	121
126200	35.87222036820985	121
126300	36.14078564442279	124
126400	35.968212397192644	117
126500	36.230774689205674	122
126600	35.75795694752832	120
126700	35.71759183090968	117
126800	35.85820417510546	122
126900	35.46029658042892	115
127000	35.706527962565936	122
127100	35.75727146423671	119
127200	35.61071769602912	117
127300	35.57584782149177	118
127400	35.68824978999422	121
127500	35.6945815197154	127
127600	35.67983619449177	124
127700	35.9986156617665	129
127800	35.86919872412677	126
127900	35.86926942593187	126
128000	35.65337107114819	123
128100	35.75367280641483	134
128200	35.67514774424872	122
128300	35.69973635251145	124
128400	35.718688737291146	131
128500	35.82417987283373	126
128600	35.62509310399527	126
128700	35.34153753704692	121
128800	35.47919942906211	120
128900	35.50382069699989	118
129000	35.43516298696344	121
129100	35.61308253293801	129
129200	35.389283153470586	121
129300	35.42790851800773	113
129400	35.48075208075489	123
129500	35.67506375578303	119
129600	35.524546657099116	129
129700	35.345752246043716	116
129800	35.499299190615076	126
129900	35.54397483705532	126
130000	35.69707454709036	126
130100	35.4169514738083	122
130200	34.88800626037483	109
130300	35.42991650015038	125
130400	35.376223049127354	121
130500	35.51451223703666	122
130600	35.167004519078006	114
130700	35.568583926124084	124
130800	35.41695275079429	125
130900	35.75175686050188	125
131000	35.51744114613777	121
131100	35.74191590164431	126
131200	35.624266727518915	120
131300	35.82253141225173	125
131400	35.304073160795404	127
131500	35.36056708189965	126
131600	35.579022820410266	130
131700	35.47154515816479	124
131800	35.40162075582061	129
131900	35.55876226735043	129
132000	35.40766949310403	117
132100	35.46749427367066	129
132200	35.586898557687555	125
132300	35.37697660398578	124
132400	35.26306361305602	120
132500	35.543848065347575	119
132600	35.26694937789767	117
132700	35.172457872960436	122
132800	35.32428253215486	122
132900	34.98953838695203	122
133000	35.299491731322824	130
133100	35.29068571617652	123
133200	35.399159657204194	129
133300	35.36164587348854	121
133400	35.04592375494833	130
133500	35.19148520904981	124
133600	35.362429814191735	123
133700	35.365301146550706	123
133800	35.208401686488415	124
133900	35.173426465681914	121
134000	34.888666319193405	124
134100	35.09724636915793	123
134200	35.045639888837876	118
134300	35.42025619801329	128
134400	35.36301504932912	119
134500	35.384318032518586	127
134600	35.29417918403325	120
134700	35.279764307662916	120
134800	35.003105755513374	119
134900	35.58390905525343	123
135000	35.53079889079711	123
135100	35.50253096122537	132
135200	35.575072969529394	132
135300	35.18094373632772	122
135400	35.429212930708815	123
135500	35.36968075592772	123
135600	35.267755861121636	123
135700	35.28657177921084	122
135800	35.32352974561862	124
135900	35.68679689862215	134
136000	35.41658188508021	124
136100	35.417844685578515	126
136200	35.6330300524754	123
136300	35.58028037901102	123
136400	35.25002605820779	124
136500	35.55001221510795	128
136600	35.34493577382908	126
136700	35.60895570563292	132
136800	35.533633816752655	126
136900	35.413834618953636	129
137000	35.36406851796078	128
137100	35.4662125779831	121
137200	35.507996590936685	125
137300	35.73181037686825	132
137400	35.261184653193816	123
137500	35.408008216530746	132
137600	35.294039406460236	126
137700	35.49352713439188	126
137800	35.17470726099872	119
137900	35.43177469605966	128
138000	35.32332992327198	121
138100	35.60526568523556	131
138200	35.64492614880904	128
138300	35.776878442046666	130
138400	35.50309606401886	125
138500	35.44356987767682	126
138600	35.83853516979361	136
138700	35.55404687915538	127
138800	35.801210219716005	131
138900	35.227721786489006	129
139000	35.31677058259256	131
139100	35.57042784177624	133
139200	35.37498455850321	129
139300	35.76633633355638	134
139400	35.42381025742625	133
139500	35.638960699378664	130
139600	35.14097316917742	126
139700	35.59465940764817	134
139800	35.298192057285405	130
139900	35.40895786008884	129
140000	35.363671805745554	132
140100	35.369197545175794	130
140200	35.59853401200089	127
140300	35.499075621332636	133
140400	35.26078776986906	128
140500	35.408600795099346	130
140600	35.49380340525361	125
140700	35.099897960525816	131
140800	35.47920951627334	131
140900	35.43973561689086	133
141000	35.029164974763646	127
141100	35.384163037524004	131
141200	35.4941122582813	131
141300	35.66304176468731	135
141400	35.33554289556008	128
141500	35.37184594815785	127
141600	35.50646533765197	133
141700	35.00411167308943	122
141800	35.31032930215353	129
141900	35.29606899974757	132
142000	35.65512596936019	134
142100	35.55702416464772	133
142200	35.369262291890585	144
142300	35.23747087243376	129
142400	35.55141204645938	135
142500	35.52567490321272	136
142600	35.49446606326629	133
142700	34.97374388615589	122
142800	35.59606404457492	137
142900	35.54710690044164	127
143000	35.36215831612479	129
143100	35.3061853750963	134
143200	35.8486823040664	133
143300	35.45120510425379	140
143400	35.80217213047418	142
143500	35.522669180585844	138
143600	35.282169607298286	135
143700	35.29093257580207	133
143800	35.483423649276624	132
143900	35.538690376620934	132
144000	35.555417788351704	131
144100	35.75485103005414	141
144200	35.46165219405706	134
144300	35.68583127787735	140
144400	35.64015158268648	145
144500	35.75187720051673	137
144600	35.311599107560816	136
144700	35.5737482877906	137
144800	35.66284969730461	139
144900	35.6597061971527	137
145000	35.52614578389754	142
145100	35.62720130389846	145
145200	35.88699291847179	144
145300	35.82344997184958	145
145400	35.57648592029972	140
145500	35.96371983112904	142
145600	35.872182287313166	141
145700	35.58165457316336	148
145800	36.0938946788011	153
145900	35.838800850753124	147
146000	35.64215243094463	140
146100	35.9431740806291	148
146200	35.832230815001495	149
146300	35.651267287133614	151
146400	35.47732594397839	144
146500	35.53772058663308	148
146600	35.9475072054221	147
146700	35.626475465241086	144
146800	35.747237562207616	155
146900	35.65605204184155	145
147000	35.55974566472475	141
147100	35.810148231646714	143
147200	35.48452763124358	142
147300	35.329946116148136	137
147400	35.73372213631008	142
147500	35.53631145797135	141
147600	35.58929222744184	149
147700	35.707463843599484	149
147800	35.65294169233385	148
147900	35.664667782645175	148
148000	35.6373195088844	139
148100	35.913478794171226	148
148200	35.68365831927693	149
148300	35.77136154266159	152
148400	35.97494375531152	152
148500	35.46419305473048	141
148600	35.45357379778417	144
148700	35.39838896587879	146
148800	35.84041282404711	152
148900	35.97303638384686	158
149000	35.79414082781748	153
149100	35.70906832238947	150
149200	35.74184033312683	151
149300	35.73942983570189	142
149400	35.814099589931956	151
149500	35.86826203237973	149
149600	35.64332459123717	148
149700	35.762029568131084	150
149800	35.839563620844594	154
149900	36.03868864350884	162
150000	35.54469520527945	140
150100	35.80570634338253	149
150200	35.621433871645635	146
150300	36.07195784530245	157
150400	35.63406815327063	145
150500	35.91484835442368	149
150600	35.97290361180056	159
150700	35.800331220034806	156
150800	35.24028304792192	144
150900	35.36126364342404	148
151000	35.70668406917831	155
151100	35.540065551412475	155
151200	35.335150578532605	150
151300	35.37421502673906	150
151400	35.365867195156206	151
151500	35.757284057639	155
151600	35.874886114662395	152
151700	35.49186563524189	147
151800	35.600727636621436	154
151900	35.185170845947304	149
152000	35.23564309192377	153
152100	35.56022664723258	149
152200	35.59828263073603	154
152300	35.6967542050018	154
152400	35.5627511510839	148
152500	35.66611287194705	156
152600	35.73714456499731	158
152700	35.31202992417894	152
152800	35.658281909551576	152
152900	35.590941318062136	145
153000	35.58434495299698	151
153100	35.159903912757684	150
153200	35.7464674225153	153
153300	35.34384416184108	147
153400	35.45405956153417	147
153500	35.80907522314186	153
153600	35.64143496456002	156
153700	35.99839536383953	152
153800	35.62726426624933	156
153900	35.56920863345721	158
154000	35.50133607668522	156
154100	35.65282042871872	156
154200	36.06190535345985	164
154300	35.68928008639362	147
154400	35.62616369603791	161
154500	35.51332544317589	146
154600	35.65235599295686	153
154700	35.486700436146656	149
154800	35.45942314350868	152
154900	35.76625684262093	157
155000	36.00855432341332	161
155100	35.81273911735002	158
155200	35.965957874056386	160
155300	35.634973734448394	154
155400	35.749493413357136	164
155500	35.78563958741267	156
155600	35.99363621664907	161
155700	35.80445584144305	162
155800	35.68358298145182	153
155900	35.79500321284223	154
156000	35.805770997104275	153
156100	35.90482408934653	162
156200	35.95419508660691	154
156300	35.86921093623463	155
156400	35.65677939269939	152
156500	36.04262926504902	166
156600	36.121878913449976	167
156700	35.851618985089914	157
156800	35.92716475792231	162
156900	36.057447889755196	161
157000	35.97951947564809	157
157100	35.92232634059217	164
157200	35.70463778871987	156
157300	35.99512055888593	161
157400	35.89104029419243	165
157500	36.16817155939941	157
157600	35.830123273813086	160
157700	36.15009004031637	165
157800	35.955037345393514	162
157900	36.004612205287614	167
158000	35.73611105888232	155
158100	36.163852237363564	172
158200	36.06600920979763	161
158300	36.05892367319336	163
158400	36.008968126689474	162
158500	35.885540922342074	165
158600	35.99511446171639	172
158700	35.95713953291282	174
158800	35.98104263609624	169
158900	36.00758910636474	170
159000	35.80508498279045	163
159100	36.043925215835124	175
159200	35.997743872543474	172
159300	35.849911956000774	167
159400	36.12177781165692	174
159500	36.32462663680071	180
159600	35.783176367855326	165
159700	36.178248790099126	172
159800	36.00003720954726	168
159900	35.79501884901545	170
160000	35.95778461899285	166
160100	35.809032103574665	171
160200	35.784839743696935	164
160300	36.119913517424195	171
160400	35.896635919978486	167
160500	35.83555224352207	165
160600	35.83080366327529	165
160700	35.830071385331564	172
160800	35.9233376472289	168
160900	35.74852888525024	166
161000	35.840742605293514	177
161100	35.73715604231438	168
161200	35.712648355717405	166
161300	35.693288518439786	162
161400	35.86195002991895	164
161500	36.060719164096454	174
161600	35.81276763828088	162
161700	35.74532501012408	168
161800	35.60363953762551	169
161900	35.48408811951365	163
162000	35.31880618458218	165
162100	35.72825072728024	165
162200	35.45595634903955	163
162300	35.697642969428315	170
162400	35.54893939109473	165
162500	35.79386112363817	169
162600	35.66149460886754	172
162700	35.35423763876009	161
162800	35.45184574084903	163
162900	35.496117610047015	159
163000	35.53084305598375	157
163100	35.42358256530439	157
163200	35.338727164341265	161
163300	35.85207600035662	175
163400	35.76358473950023	174
163500	35.61001885259587	167
163600	35.78201648066419	169
163700	35.759059536537706	168
163800	35.800410480334776	168
163900	35.66719953695589	164
164000	35.91183229299301	171
164100	35.52754189975378	167
164200	35.59962107807053	170
164300	35.64482640394872	181
164400	35.67367467609957	171
164500	35.396451591362556	164
164600	35.51710793890596	161
164700	35.61870391360075	169
164800	35.607711563425106	173
164900	35.602951662410504	172
165000	35.573300532052144	165
165100	35.437952921414066	162
165200	35.41779685795806	166
165300	35.696932497132984	164
165400	35.36717268902634	171
165500	35.56440980077561	166
165600	35.78012472676469	169
165700	35.67719220424167	170
165800	35.29440197170644	163
165900	35.50198538453866	165
166000	35.433534084041014	170
166100	35.388748283764436	169
166200	35.4272302242242	164
166300	35.738251952202525	176
166400	35.43570499640821	162
166500	35.63655062242463	172
166600	35.47112806124847	160
166700	35.53209771061874	168
166800	35.69235075694473	172
166900	35.391715216994484	174
167000	35.463088743610314	171
167100	35.49421773507826	173
167200	35.57007268037088	168
167300	35.57815638277397	172
167400	35.52596263267202	171
167500	35.55457230683889	173
167600	35.670322555111674	176
167700	35.366806818071524	166
167800	35.684815009869126	175
