#MCS	Total_energy
0	147472.5089779517
100	108921.8201795663
200	107640.12052793217
300	107135.1325738319
400	107497.839417248
500	106392.93542729833
600	107210.20268778689
700	106617.86335366215
800	106624.296042807
900	106408.70301552062
1000	106341.74293108915
1100	106303.01254105112
1200	106849.86975273771
1300	106147.24423564172
1400	107221.50184530299
1500	107528.6779457695
1600	107286.13619725416
1700	107048.11923382447
1800	106193.36504298021
1900	106882.53043049945
2000	107134.9318318676
2100	106901.52554740425
2200	106881.58387611312
2300	106743.77617934106
2400	107223.7746761498
2500	107924.83646771082
2600	107176.2144728543
2700	107575.61396923284
2800	107725.43050607765
2900	107585.63663833262
3000	108331.61057293283
3100	108205.84724690329
3200	107868.1482182953
3300	108895.28562578133
3400	108047.31647264189
3500	108730.55325690583
3600	109116.72856542657
3700	108605.62804000406
3800	109535.81874105944
3900	110101.27895919612
4000	109598.2562611839
4100	109628.84899655405
4200	110304.81208286015
4300	109881.97655144134
4400	110241.08611757091
4500	110789.8301664695
4600	110779.34466455334
4700	111701.53202811921
4800	111731.0434666604
4900	112051.4803738221
5000	112298.57058775217
5100	111904.1195876513
5200	112481.40834284702
5300	112427.6486027517
5400	113591.09555415869
5500	112785.7805697697
5600	112905.49844111971
5700	113625.22211088374
5800	113464.73554003984
5900	114347.99964731537
6000	113395.1642301249
6100	114212.40306727563
6200	114665.50701425594
6300	115196.99369684795
6400	115684.84877594626
6500	115222.37666254835
6600	115613.57756563528
6700	115466.97426118102
6800	115437.44620740494
6900	115741.41724015637
7000	116178.62648890434
7100	116204.09723757664
7200	116776.51583591348
7300	116706.18586209367
7400	117175.51569519071
7500	117260.6049033347
7600	117548.34943843927
7700	118119.47668463957
7800	117801.39680378264
7900	119044.32135868407
8000	118780.5749673733
8100	118850.84064250861
8200	118807.5965432345
8300	118943.02092578815
8400	119343.89447307146
8500	119826.63145305822
8600	120125.69621351136
8700	119734.96263016938
8800	120791.30570076797
8900	120667.01856485265
9000	120507.94688742288
9100	120916.22012601978
9200	121162.11019176421
9300	121520.45326236323
9400	121718.47864498604
9500	121856.09241030895
9600	121676.87425202607
9700	122732.41263487568
9800	122324.88835741313
9900	122219.87439601452
10000	122703.8792597664
10100	123074.42462412184
10200	122901.89287309736
10300	123822.04361836314
10400	123995.84268978212
10500	124295.94681836208
10600	124749.2717973904
10700	125329.08893559924
10800	124953.42173421275
10900	124365.06655447787
11000	125355.88655021873
11100	126149.31983449934
11200	126157.90048891486
11300	125750.0254732017
11400	126532.78462745034
11500	127888.51615355165
11600	127709.35968601033
11700	127184.52130284804
11800	127665.62931302647
11900	128467.28552656638
12000	128304.6887704044
12100	128166.16940040096
12200	128111.36637277226
12300	128948.91853183442
12400	129208.48755680601
12500	128997.10980410359
12600	129858.84578674858
12700	129855.69756436312
12800	129917.39287245751
12900	130896.74601499138
13000	131057.27967665599
13100	130644.53767793607
13200	131419.06740304403
13300	131959.62873515848
13400	131849.26808524985
13500	132339.00703218626
13600	132907.11794096025
13700	133039.89775676135
13800	133188.41018248087
13900	134046.50103177052
14000	133525.00578256138
14100	134513.691425469
14200	134936.5972205465
14300	134292.1503623892
14400	134645.55033868455
14500	135629.91771360242
14600	135468.84728522957
14700	136216.67859601174
14800	136218.74216572623
14900	136704.5211185146
15000	137364.79608782762
15100	136947.81954398545
15200	137385.2864901867
15300	137491.48555645676
15400	138740.48945918164
15500	137706.4859984921
15600	138692.59818637854
15700	137698.13359129356
15800	139160.41412942854
15900	139054.9476848644
16000	139529.3864837183
16100	139997.94125289697
16200	139641.85826574927
16300	140061.39090902053
16400	141156.7902144912
16500	141054.5848354986
16600	141260.74454605096
16700	141611.9915199844
16800	141314.24388888475
16900	142403.644757959
17000	142129.65267883023
17100	141978.84705302014
17200	143075.91075369267
17300	144107.42553474358
17400	143811.76424480922
17500	144200.0141510221
17600	144659.7327074378
17700	144642.17432795113
17800	145139.6912102122
17900	145007.01538597757
18000	145931.9070358432
18100	145513.90635707678
18200	146210.57026866532
18300	147309.26516523748
18400	147577.16757497357
18500	146158.62111448488
18600	147594.97230633892
18700	148320.60643299983
18800	148334.851009703
18900	148427.0880817379
19000	148704.33925143234
19100	148468.5182540785
19200	149440.08629389413
19300	149764.10463504202
19400	149847.1703421776
19500	150589.4744753107
19600	150341.34169656536
19700	151162.9727861697
19800	151215.7151641265
19900	151358.49635597938
20000	152517.81047679536
20100	152489.29066571064
20200	153004.7218828052
20300	153335.97372298455
20400	153198.02254679345
20500	153500.68317330672
20600	153726.01990299657
20700	153875.86599302932
20800	154445.84648726016
20900	154445.1429998066
21000	155182.67602791562
21100	155500.97065593328
21200	155798.2179913773
21300	155982.70196112202
21400	156049.1122454935
21500	156698.52698649289
21600	157631.82617919092
21700	157766.13320892528
21800	157763.75669869108
21900	158032.52051617278
22000	158326.54349677742
22100	159048.09531746426
22200	158013.41175080164
22300	159078.60895695453
22400	159865.3633437859
22500	159870.4273394079
22600	159803.4467365819
22700	160520.58991846937
22800	160128.24435935405
22900	161281.87049263378
23000	161320.8780877461
23100	161587.89923644037
23200	162475.21305882322
23300	162655.0089729745
23400	162296.90878020445
23500	163038.22371946496
23600	163828.75695278405
23700	164430.04737147546
23800	163827.42467394096
23900	164766.42710479235
24000	164679.0933335667
24100	164142.88018532345
24200	164927.80589926196
24300	164858.75203039678
24400	165688.56990070673
24500	165908.28234291874
24600	165657.64967613382
24700	167076.87273673314
24800	167055.8434225933
24900	167213.00189189942
25000	167653.358772295
25100	167531.41442414364
25200	167909.33295519208
25300	167565.28146776048
25400	168795.78708297128
25500	168977.82195093183
25600	169026.85400815684
25700	169457.10974896076
25800	169320.78680120365
25900	169412.73666332613
26000	169893.44954974012
26100	170901.90508376947
26200	171444.9701164304
26300	171056.72419987322
26400	171397.76627277624
26500	172125.5728878612
26600	171875.50878073293
26700	172320.5065870829
26800	171997.50904002
26900	172424.39733406212
27000	172862.38967765044
27100	172748.9158250778
27200	172736.94550949958
27300	173038.5806359462
27400	174150.77280984016
27500	173623.32108750808
27600	174339.8639121832
27700	175161.8730122918
27800	175816.84385149888
27900	175179.343893816
28000	175380.0615259416
28100	176748.4354344098
28200	176274.55093501776
28300	177005.68990888834
28400	176786.53200920846
28500	176977.38662188264
28600	177645.39135594288
28700	178175.8175357461
28800	178286.30844135222
28900	178133.36733463174
29000	179144.15294338748
29100	178884.70269470848
29200	179706.8192254165
29300	179854.35869013323
29400	180350.47421682207
29500	181242.31147652422
29600	180712.95759830083
29700	180758.85130214386
29800	181906.32794100203
29900	181516.63538158624
30000	182077.10483504142
30100	182469.30642515773
30200	182482.5862842115
30300	182418.99611120127
30400	182476.51879332817
30500	183073.55786175455
30600	183673.01524551396
30700	184401.74080269068
30800	184696.27633877963
30900	184704.15473812912
31000	185540.7785029068
31100	185348.52386897415
31200	185752.10745701732
31300	185674.46302232996
31400	186305.6990423601
31500	186896.4834035138
31600	186670.49139258047
31700	187116.0198539882
31800	187162.67798508602
31900	188002.36893958284
32000	187644.65637038098
32100	188175.42280042914
32200	189204.30254344764
32300	188886.20137978173
32400	189651.09998624647
32500	189767.48432903396
32600	189909.27730973193
32700	190420.93996900786
32800	190992.93961835114
32900	190316.7025675334
33000	190608.28300743492
33100	192252.74061703082
33200	191387.4063115403
33300	192766.2386687074
33400	192495.1726532759
33500	192978.23293943598
33600	192753.30033213206
33700	193442.46380915845
33800	194150.39444639732
33900	194090.0057809312
34000	193831.84267528183
34100	194686.57417372992
34200	194713.7501617754
34300	195153.76092387957
34400	195003.2054018595
34500	195760.28228327702
34600	196016.91933379963
34700	196279.33084087435
34800	195846.92984340028
34900	196173.16433215173
35000	197102.8655837997
35100	196794.6254066168
35200	197599.00402127704
35300	197753.6464103938
35400	198127.8511700116
35500	197781.87542343212
35600	198642.2823125399
35700	198173.23526509712
35800	198928.90004520828
35900	199318.16972770606
36000	199263.3163465129
36100	199758.1487795707
36200	199351.79553869335
36300	200295.80799521465
36400	200535.36910229432
36500	200483.25437767833
36600	200939.9507820398
36700	200687.17794039455
36800	201828.69742429283
36900	201705.6545655149
37000	201737.32088438532
37100	201972.0971823968
37200	202340.29221460555
37300	202531.09574329777
37400	202809.45479491708
37500	203072.33657526737
37600	202964.97960769484
37700	202996.2898515498
37800	203492.33669218962
37900	203896.4395594275
38000	204047.41213734305
38100	204467.3826430865
38200	204394.0599486706
38300	204648.5158877218
38400	204660.8672414019
38500	205288.88266155176
38600	205296.98439147248
38700	205958.3602112947
38800	205741.9964770416
38900	206511.96540462214
39000	206156.55624428173
39100	206653.45362538527
39200	206659.55098903534
39300	206811.15300619477
39400	207113.47254922712
39500	207359.554788499
39600	207883.3143716865
39700	208271.25369048776
39800	207901.67252131063
39900	208357.79681380346
40000	208997.41872254096
40100	209191.7847471131
40200	208963.28155565038
40300	209159.73403234602
40400	209484.95323038907
40500	209111.02340690367
40600	210181.72694794272
40700	209773.2083854853
40800	209714.2526166076
40900	209330.6508985547
41000	210084.17972523614
41100	209553.48147777322
41200	210682.86272321796
41300	210890.34813761944
41400	210107.05210493444
41500	210657.2058566487
41600	211026.329394278
41700	210997.57774835423
41800	210702.3064287288
41900	210978.4462435191
42000	211215.36915562107
42100	212112.4276443986
42200	212031.5758285331
42300	211707.5892348525
42400	212793.91217718486
42500	212911.77363976074
42600	213176.0901165385
42700	212968.18637868774
42800	212827.18396455282
42900	213166.86159680804
43000	214024.76228105044
43100	214358.3201765671
43200	214062.80344456597
43300	214542.53309302774
43400	213984.02544147044
43500	214475.88613890816
43600	214808.79929851994
43700	214974.3188517252
43800	215391.25316105754
43900	215853.23140362618
44000	215706.1835363657
44100	215822.70147777922
44200	216153.65807425664
44300	216318.2677469964
44400	216445.4630066506
44500	216055.20947877178
44600	216778.30217903046
44700	216525.50624305732
44800	217297.74798481516
44900	217211.7865303728
45000	216760.38256991393
45100	217434.25500078726
45200	218153.5224844027
45300	218031.64307674047
45400	218401.12695256848
45500	218516.54875480745
45600	218295.43723601324
45700	218558.38140804798
45800	218498.59723792833
45900	219134.57340710604
46000	219332.83269124053
46100	218877.67327857614
46200	219325.95003650986
46300	219459.83721458574
46400	219307.13873023962
46500	219308.03506688547
46600	220151.091661588
46700	219933.75467038827
46800	219878.9924049386
46900	220340.77005766146
47000	220463.2552195341
47100	220891.83613068415
47200	221141.85816947915
47300	220561.2555957909
47400	221224.3977176632
47500	221270.75791166842
47600	222110.24972025753
47700	221363.66893940695
47800	221741.8655691879
47900	222514.90498731512
48000	222233.12504939284
48100	222316.4509785786
48200	223076.03661699215
48300	223207.31822859557
48400	223047.69548413213
48500	223815.63025106268
48600	223820.60586670836
48700	223809.50733229777
48800	223920.20204300305
48900	223580.89051538278
49000	224142.03767242562
49100	224559.0561394439
49200	224316.68644071804
49300	225214.48990166414
49400	224928.47698213547
49500	225130.2075107411
49600	225799.58014462035
49700	225735.7240132789
49800	225754.75722057992
49900	226172.7935330838
50000	225704.61926887577
50100	225896.92669608298
50200	226971.08079326976
50300	226643.82826607858
50400	227207.18017220416
50500	227013.03034618864
50600	226559.52886547497
50700	227154.36873733564
50800	227622.98291995696
50900	228158.10955324006
51000	227775.58436877845
51100	228231.49508150265
51200	228427.76718008946
51300	228540.5371816408
51400	228852.50472357625
51500	228599.8176085861
51600	228871.59332693423
51700	229168.70964501853
51800	228944.36450451362
51900	229890.11759445848
52000	229869.518698681
52100	229199.61839771387
52200	229660.42548164152
52300	229856.53220166403
52400	230006.8191481447
52500	230053.4414275588
52600	230340.89375574756
52700	230368.02014225992
52800	230679.70847548728
52900	231267.90650825843
53000	231993.69546446964
53100	231332.03288133518
53200	232072.34995031476
53300	232256.7023974458
53400	232077.7408440591
53500	232155.9959572738
53600	232235.71064803787
53700	232273.53358120314
53800	233093.18422056828
53900	232878.89814515525
54000	233133.82512507986
54100	233488.6135326212
54200	234238.13327265013
54300	233432.5858561137
54400	233826.07025526394
54500	234248.0377799576
54600	233928.87947512718
54700	233715.52790779565
54800	234468.5466989001
54900	234979.01575736742
55000	235057.10549132212
55100	235062.99825840018
55200	235283.28720319667
55300	236600.5865666245
55400	236046.85729861743
55500	236514.3233079882
55600	236333.58348435062
55700	236853.91436138516
55800	236715.3848553947
55900	237316.64488177688
56000	238024.48529347678
56100	237762.62774589035
56200	238175.63879215403
56300	237930.68648929975
56400	238447.72636444026
56500	238297.52741661912
56600	239394.23658438824
56700	238449.51020975635
56800	239315.03163213303
56900	239388.52413602843
57000	239511.4755501071
57100	239871.16935657285
57200	239508.98532337448
57300	240351.6530923232
57400	240591.17871527665
57500	241061.69010288976
57600	240801.6368410376
57700	241100.7694132788
57800	241858.66690473392
57900	242221.11527469766
58000	241424.2813310589
58100	242399.385893994
58200	242792.91288868172
58300	242998.7882429421
58400	243326.9858807978
58500	243927.23737289733
58600	243572.33592913987
58700	244418.74807502684
58800	243355.49967885454
58900	243882.3122683555
59000	244842.0621216774
59100	244388.52347016588
59200	245591.7215839784
59300	244300.47401258248
59400	245423.57242463226
59500	245969.52613009038
59600	246211.00030448084
59700	245952.65858665158
59800	246591.41457229064
59900	247085.18123505078
60000	246376.982016976
60100	246912.3059225283
60200	246817.14683599514
60300	246840.10750884764
60400	247526.00534075932
60500	247909.07076225022
60600	248280.65935584065
60700	248306.59919665215
60800	248287.4926779591
60900	249030.76834576804
61000	249160.40069999808
61100	248743.0503583976
61200	249048.60810878352
61300	249428.17362247896
61400	250025.79373180578
61500	250508.49134923157
61600	250512.88284193628
61700	250746.29634737925
61800	251263.97294252564
61900	251269.09902174957
62000	251024.22218110214
62100	251653.81328562822
62200	252007.76971453504
62300	252346.99042339547
62400	252786.5487069677
62500	253085.89295736258
62600	253441.14979893685
62700	253283.32005439157
62800	253169.74423180937
62900	254079.53372648932
63000	253818.57559042092
63100	254727.7150227331
63200	254708.55254751167
63300	254895.63649988358
63400	255582.47647541258
63500	255524.69562083573
63600	255174.24705824855
63700	255758.87305265505
63800	255861.94283273007
63900	256003.387678995
64000	256498.53945540177
64100	256497.5433615755
64200	256847.09967715276
64300	257022.63573352486
64400	257664.21775394643
64500	257163.45619999137
64600	257291.9685099681
64700	257865.6295720807
64800	258456.88385641522
64900	257917.57153203877
65000	259194.65388488848
65100	259162.66847732334
65200	259254.37686756958
65300	260292.2402755927
65400	259340.9923628346
65500	260048.00502938248
65600	260566.89384118517
65700	260302.83042131714
65800	260089.427021747
65900	260956.70130743252
66000	261344.24969002887
66100	261062.9986293974
66200	261197.78944573287
66300	261789.0729270924
66400	261526.66438538604
66500	262128.8233509213
66600	262714.72014286154
66700	263001.366860696
66800	263368.07870349236
66900	262899.46663772897
67000	263346.3728165333
67100	263453.6050033103
67200	264187.60501478345
67300	263395.19560777873
67400	264208.39026835706
67500	263863.78333852976
67600	264992.41683592246
67700	264069.0276628014
67800	264918.44239678944
67900	264676.92771617684
68000	265017.26006028603
68100	265093.4220810267
68200	265866.67246631254
68300	265832.3155146695
68400	266369.8235659953
68500	266524.13021528476
68600	266498.9504242409
68700	268176.61221898824
68800	267282.81072900904
68900	268029.07953054935
69000	268096.6252254191
69100	268636.2911998131
69200	268818.7212022276
69300	268870.1147725474
69400	269523.1373476837
69500	269573.6178284117
69600	269333.98056224996
69700	269905.7588200141
69800	270728.8270809574
69900	270297.1327342876
70000	270947.73208507383
70100	271244.7292779817
70200	271766.159521112
70300	271949.36483707366
70400	272230.4475830597
70500	272267.19034678285
70600	272013.2085657347
70700	272349.56693341985
70800	273323.6322548466
70900	273198.6758887925
71000	274305.1966195231
71100	273866.2272358769
71200	274503.72722194804
71300	275043.93260590883
71400	274759.8879763549
71500	275217.950415576
71600	275584.14142455783
71700	275757.7721652468
71800	275666.5517958675
71900	276175.8276843362
72000	276526.5645740182
72100	275976.54603870376
72200	277358.44529584015
72300	277540.11289032723
72400	277963.836177214
72500	278808.812879776
72600	278548.7040697018
72700	278782.0042747071
72800	279618.27887234715
72900	279686.4529721508
73000	279573.54983041727
73100	279742.2278027312
73200	279472.26669413364
73300	280502.7511070612
73400	280522.3896750635
73500	280848.9042960044
73600	281545.591553217
73700	281236.85335301544
73800	282303.5390121578
73900	282881.55527689634
74000	283034.81968225114
74100	282467.81870974787
74200	282532.0991426112
74300	283055.0012959686
74400	283739.59572239494
74500	283930.9490478629
74600	284233.71531535394
74700	284288.2875523156
74800	284341.0969085637
74900	284451.4312671291
75000	285566.6913199019
75100	285608.7564999526
75200	285752.7961495233
75300	285355.96317005396
75400	285959.7620483161
75500	285895.8214651404
75600	287068.06549292564
75700	286900.9790712709
75800	287667.491352668
75900	288038.8670903641
76000	288500.70529685944
76100	288660.72341626574
76200	288753.27035089623
76300	288712.7520734487
76400	288853.6436018688
76500	289562.1937251581
76600	289612.8719664642
76700	290047.79194442736
76800	290358.9294183296
76900	290817.0441984946
77000	290652.9033413951
77100	290918.95247904863
77200	291552.20177993114
77300	292337.87100299326
77400	291941.3737598385
77500	292588.6138769746
77600	293372.7051832969
77700	294261.44901132333
77800	294066.09333197423
77900	294576.10514384747
78000	294495.88944329356
78100	294957.5005838412
78200	295600.3225079516
78300	296129.0057299679
78400	296047.03738871205
78500	296087.11480780994
78600	296372.51203024085
78700	297524.01404040214
78800	297675.7981914824
78900	297968.6987141894
79000	298491.5844486505
79100	298514.36746294535
79200	299561.9782843179
79300	298966.9668140096
79400	298999.3240835384
79500	299827.33343310095
79600	300085.7959079124
79700	300829.51964577637
79800	300209.7254094866
79900	301091.2376429622
80000	301982.4170346158
80100	301992.92565804016
80200	302439.52311537875
80300	302213.6242622946
80400	303009.9885458121
80500	303463.21668967255
80600	303448.4773471635
80700	303892.72249599727
80800	303422.12470158964
80900	303874.421619189
81000	304503.3874838201
81100	304441.4142592346
81200	304739.6048102881
81300	305337.4052910958
81400	305905.39138112694
81500	306848.4408970168
81600	306626.8523878793
81700	307271.30361972406
81800	306687.5643973566
81900	307703.8434716834
82000	307208.30999916093
82100	308260.90653619065
82200	307775.30183158076
82300	308008.1415770386
82400	308872.40471981646
82500	308762.3563480894
82600	309481.30061773653
82700	309447.72111829533
82800	309823.64723327593
82900	309975.6649281847
83000	310807.52716542385
83100	311004.8705300477
83200	310719.45620946307
83300	310492.2638248667
83400	311728.42313886614
83500	311075.1315646054
83600	311247.51698957366
83700	311811.3241373123
83800	311998.5750050651
83900	311981.24616575334
84000	312942.51892919064
84100	312689.56102097663
84200	313304.84585650766
84300	312604.65466082905
84400	313802.66350610094
84500	313874.93389403506
84600	314203.8679970592
84700	314644.2006899612
84800	314619.3249740832
84900	315128.006581917
85000	315271.24380619463
85100	314945.4267521082
85200	315623.84188130597
85300	315489.417722813
85400	316131.81095580384
85500	316262.9254473877
85600	316622.9363025913
85700	316908.1852095258
85800	317408.77742646
85900	317461.67948629265
86000	317697.75774689356
86100	317921.6730448073
86200	318232.75121958915
86300	319252.2189798706
86400	318565.3766580437
86500	318915.58559564623
86600	319122.62139735214
86700	319536.611333605
86800	320002.46800421685
86900	320365.0628161029
87000	320702.8412626111
87100	321258.78114727774
87200	320693.0040281405
87300	321204.37173689087
87400	321574.1569060992
87500	322769.1716938406
87600	322844.5072067425
87700	322301.4435760341
87800	324291.61816581717
87900	324193.7497714935
88000	324542.3415985663
88100	325351.2495972075
88200	324587.7031894095
88300	325392.9098933527
88400	325320.8964991115
88500	325505.73239968834
88600	326719.8642895938
88700	327395.1095305244
88800	326974.2689784879
88900	327402.9329555639
89000	327542.86029169627
89100	327431.30261907063
89200	328017.09179648437
89300	328214.66630389314
89400	328711.95284343755
89500	329520.87268408784
89600	329971.79532742343
89700	329911.31826449017
89800	329578.9984130594
89900	330384.6147197292
90000	330628.29635531036
90100	331156.464084039
90200	331051.510776379
90300	331109.712036059
90400	331332.0948119617
90500	331384.2589808581
90600	331829.662859946
90700	332832.5876620137
90800	334093.14982797863
90900	332818.1086950789
91000	333315.61577823624
91100	334094.28547772765
91200	333769.40865524404
91300	334370.5502233751
91400	334807.99248954107
91500	335051.00370867713
91600	335339.45497583546
91700	335280.87247433176
91800	336061.9537545813
91900	336571.35676789837
92000	336639.19237634353
92100	336000.22890075913
92200	337309.4912081866
92300	337608.30725059024
92400	338159.74078145943
92500	338271.01262887096
92600	339244.89982516505
92700	339882.128746618
92800	339188.1255405508
92900	339652.5555834682
93000	340397.8805022029
93100	341200.30052971694
93200	340137.18696152174
93300	341167.8623998729
93400	341123.5079037973
93500	341654.3199473848
93600	343248.6002898788
93700	342356.132867867
93800	343585.7773408701
93900	343326.7000268986
94000	343743.72236176964
94100	344657.08183137863
94200	344917.9942354417
94300	344810.3521079686
94400	344871.42692469805
94500	345761.3477612125
94600	345604.3005566933
94700	346388.40103296284
94800	346638.576730116
94900	346019.86472119717
95000	347084.85787596944
95100	347534.53434272145
95200	347592.41289270984
95300	348333.176824853
95400	347644.64527740545
95500	348984.09457430546
95600	348896.623152644
95700	349136.52844743396
95800	349485.15123337705
95900	349301.68764366244
96000	349381.4471561886
96100	350212.9623822027
96200	350125.42601625493
96300	351301.1166657151
96400	350820.6852234957
96500	351738.9436762403
96600	351681.25193195365
96700	352762.0413350747
96800	352534.5024591708
96900	352823.6023850217
97000	353197.2958113019
97100	353168.8597834374
97200	353729.40918243706
97300	353954.0122347356
97400	354663.7509912556
97500	353817.59982191585
97600	355253.2729285281
97700	355182.1939148919
97800	355605.62007262977
97900	354932.2142180291
98000	356340.70642854273
98100	356488.6554164086
98200	357054.46462223947
98300	358067.838410479
98400	357977.9337846185
98500	357182.19313597755
98600	358545.66465412575
98700	358054.02241207537
98800	358971.4417653632
98900	360513.3077057751
99000	359401.6264550438
99100	359154.69568626257
99200	360291.3290623523
99300	360731.37797121436
99400	360965.003798288
99500	360704.8187926447
99600	361543.28518640285
99700	361850.1095058952
99800	362057.1467401212
99900	362483.7621858713
100000	363264.1245813842
100100	362638.0464904167
100200	362782.75489898736
100300	363511.0524045633
100400	363458.6231994168
100500	364708.18620228703
100600	364116.2020730102
100700	364862.37305477227
100800	365391.9494546123
100900	366123.6547336627
101000	365675.92092831014
101100	364652.0171426076
101200	365976.8830323599
101300	365992.61346603656
101400	365962.8517014331
101500	366313.14796410216
101600	367260.45595415024
101700	367483.9353440002
101800	367428.72942392173
101900	368436.52159031504
102000	368172.16730088193
102100	368852.8544086017
102200	368489.10835747496
102300	368523.62725079904
102400	368413.78872470086
102500	368919.88848463126
102600	369508.2279504397
102700	370415.24226956355
102800	370207.2550901679
102900	371029.855073241
103000	370430.9289665976
103100	370590.7954223481
103200	371278.6809917828
103300	371899.13003169117
103400	372439.6839219785
103500	372304.8477522845
103600	372430.09751769295
103700	372786.0853837877
103800	373335.9551391426
103900	373583.8732669368
104000	373426.08251742565
104100	374190.30307901255
104200	374368.44602120447
104300	374421.8170672786
104400	374532.8306333791
104500	375846.3487000534
104600	375704.54833645147
104700	375781.48108762334
104800	376019.85329648707
104900	375238.067659215
105000	376331.65348504425
105100	376650.70882622665
105200	376276.2738880056
105300	376299.8290225026
105400	376989.0156791521
105500	377923.884947939
105600	377974.6727553306
105700	378730.2241064891
105800	379489.3376566759
105900	378595.15689476463
106000	379590.6529025319
106100	379682.57614609826
106200	379417.6985160354
106300	380339.6018893178
106400	380159.9346250613
106500	381430.9005362514
106600	380812.09915454686
106700	381210.83102480415
106800	382749.07157757133
106900	381691.74998262874
107000	382052.6348200769
107100	382678.9370705744
107200	382654.2014057313
107300	383342.9372495924
107400	383769.50557124213
107500	384505.88937087014
107600	384701.877645275
107700	385341.44728184334
107800	384788.27708104806
107900	386439.4673779039
108000	385599.846047612
108100	386058.73110477877
108200	386271.9395332906
108300	387221.4601590062
108400	387800.0925354395
108500	388618.06319344207
108600	387932.8271977152
108700	387723.8850022199
108800	388394.52838564
108900	388292.1075742431
109000	388650.0028180864
109100	389045.4884909543
109200	389915.63011699216
109300	389897.02726899064
109400	389769.90946294373
109500	391215.3075638225
109600	391005.1797147541
109700	391893.78821494966
109800	391970.35661482625
109900	391434.4134476222
110000	392441.44782720756
110100	392119.3009014775
110200	392283.89711816097
110300	393324.9917300013
110400	393215.96365740657
110500	394053.4424589897
110600	393417.83132020524
110700	394192.73660915706
110800	394761.45513144624
110900	396366.7575673584
111000	396202.5890068501
111100	395383.8642561448
111200	396177.181550185
111300	396843.5744913725
111400	396349.81471447105
111500	397449.8324337027
111600	397298.24671674974
111700	398350.451809378
111800	398432.8345197591
111900	397321.4761212782
112000	398423.9958799332
112100	399193.30360491684
112200	398598.85329850996
112300	399306.154346841
112400	399611.5095490327
112500	400704.40243575105
112600	400984.96262747666
112700	401246.1998082169
112800	402388.531894687
112900	402239.6939656014
113000	402376.67883198475
113100	403045.06564916857
113200	403660.9368988625
113300	404501.4574101091
113400	404146.3647679071
113500	404363.1077718751
113600	404334.7089378808
113700	405039.75245497277
113800	405578.5686145018
113900	405490.6898848912
114000	406361.7159556963
114100	407030.9351515587
114200	406898.3913782443
114300	407463.33271963865
114400	408188.0425605472
114500	407315.6845026178
114600	408612.7711141425
114700	408654.46641745267
114800	409612.8690090212
114900	409585.38080791367
115000	409423.54834067624
115100	409738.28071271954
115200	410622.20213082305
115300	410168.2335870415
115400	410928.81376854173
115500	412412.4222620222
115600	412251.1909048353
115700	412543.2906420162
115800	412146.2772857138
115900	413437.0216642773
116000	413632.3443645383
116100	413994.2329506135
116200	414106.18360428116
116300	414215.68074735225
116400	414234.9895728953
116500	414892.05117355206
116600	416505.18834189646
116700	416823.94906578487
116800	416617.099014629
116900	417232.0335515289
117000	416692.45498057414
117100	417581.9945309413
117200	417808.0859567862
117300	418038.96548300714
117400	417564.7253826743
117500	419165.37549924786
117600	418632.5497068311
117700	419436.28516197763
117800	419850.6127244545
117900	420262.46345660166
118000	420536.1149614015
118100	420971.73144032585
118200	421546.2100165004
118300	421742.01379044243
118400	422046.4551256623
118500	422854.75484980934
118600	422392.88181428774
118700	423122.6098743179
118800	423005.019069062
118900	423500.0263187119
119000	423990.34041352995
119100	424733.6071845313
119200	425291.5148917902
119300	424958.00214958476
119400	425191.710444068
119500	425992.00579681323
119600	426639.6952382088
119700	426838.389223299
119800	426921.77546585724
119900	427079.56625956984
120000	428110.90572548483
120100	428275.3956424641
120200	426891.75562803785
120300	427833.8974354289
120400	428671.1515472253
120500	428630.5478865128
120600	429267.9821547841
120700	429555.52782131854
120800	429783.1600865837
120900	430008.33870763157
121000	430244.42826625245
121100	431140.02940363047
121200	431193.2463155538
121300	431998.077810019
121400	432321.01669275685
121500	432301.0144842886
121600	432952.3830302436
121700	432824.41277479817
121800	433235.1099623749
121900	434202.06364584423
122000	433552.49731992075
122100	434168.94488216826
122200	435500.5348377037
122300	434497.26842176006
122400	435929.32768278406
122500	436083.2802476035
122600	435868.82927227
122700	437071.81552358245
122800	437383.53718625515
122900	437205.0681086271
123000	437433.64617985516
123100	437881.2717976453
123200	438327.96937146224
123300	438416.7969929556
123400	438393.05271194514
123500	438848.8703198105
123600	439110.09331464814
123700	439573.55937222287
123800	439287.2973398231
123900	439807.8960715183
124000	441100.44870645733
124100	441445.637499178
124200	441554.8551087738
124300	442006.06741426815
124400	442512.61925198324
124500	442593.391021428
124600	443121.02467939013
124700	442771.2232788791
124800	444018.6451445684
124900	443260.6917988318
125000	443656.71745524043
125100	444489.1263024455
125200	444664.4109798781
125300	444677.765850991
125400	445895.39012391126
125500	446167.1299975691
125600	446419.1519092105
125700	446956.82447957475
125800	446866.6605067195
125900	448490.9478118031
126000	447989.2986129414
126100	448434.71974631696
126200	448494.5819569216
126300	449511.66608095536
126400	449500.3865347806
126500	450352.65734674176
126600	450808.1354407981
126700	451425.8529967958
126800	451222.20741349336
126900	451129.02187774173
127000	452197.3530709252
127100	452313.61066998955
127200	453593.4968494624
127300	453175.3128966697
127400	453061.0281248354
127500	453567.65010363096
127600	454212.9851824882
127700	455264.9840049503
127800	455466.4879724783
127900	456173.29444351123
128000	455589.88311786647
128100	456189.9821031549
128200	456897.26879570325
128300	457638.47054357675
128400	457976.4549706207
128500	458632.6841869743
128600	459414.8135536614
128700	459401.865048485
128800	459995.12598473165
128900	459917.53114287986
129000	460635.15231920854
129100	460934.87382801494
129200	461332.9187164665
129300	462053.8706169785
129400	462476.36895433976
129500	462586.53119981784
129600	463061.9828810384
129700	463861.5948621383
129800	464468.3216537782
129900	464091.5224972055
130000	464803.7183895718
130100	464585.15047196083
130200	465667.0775251408
130300	465881.272974394
130400	466533.4673556357
130500	465802.44651253335
130600	466187.23552816804
130700	467136.3282132739
130800	467337.72982488107
130900	468872.19729019405
131000	467932.9509119063
131100	468894.52868644684
131200	468996.3891757317
131300	469793.6498861242
131400	469609.2197281438
131500	470209.2311859644
131600	471540.24034614017
131700	472509.96767460124
131800	472237.63011643087
131900	472963.94364762824
132000	472621.5626265012
132100	472379.5209178433
132200	472932.4870524245
132300	473617.38900730014
132400	474381.0836692067
132500	474675.64454703714
132600	475367.6521659235
132700	476402.07908581087
132800	475906.5687276525
132900	476840.3899774626
133000	476934.48340244964
133100	477633.11888960126
133200	478332.80261627067
133300	477509.24586224393
133400	478119.3978624485
133500	478777.4165692167
133600	480108.32116386807
133700	478643.2357388651
133800	479754.2278045348
133900	479631.45362387015
134000	479740.94920159347
134100	480269.7623266351
134200	480000.0834067159
134300	481126.1249921754
134400	482440.3295591987
134500	481667.69575278176
134600	482721.90991664474
134700	484144.2830101287
134800	483778.02495548426
134900	483550.02093809715
135000	485097.3193471093
135100	485971.5998715034
135200	485469.1855497255
135300	486364.33790319145
135400	485708.3568451187
135500	486391.13740146713
135600	487110.4602311893
135700	488645.253142796
135800	488333.1180518162
135900	488815.4116855352
136000	488556.0610092855
136100	489063.208835145
136200	488954.42330886377
136300	490116.77991168486
136400	490143.0656165023
136500	490251.29076635785
136600	491542.75063135504
136700	492608.6608727905
136800	492797.9165547802
136900	492911.0191445349
137000	492597.9020306162
137100	492930.7856150538
137200	492995.55228056374
137300	495558.31894203846
137400	494716.5578810885
137500	495354.02259041823
137600	496292.8372130627
137700	496075.69686126936
137800	496537.587175381
137900	497666.4510789797
138000	497450.21093620005
138100	498661.8661231861
138200	498700.5436035695
138300	499295.8402065145
138400	499747.2815008626
138500	499750.24380995455
138600	500803.2688868562
138700	501199.3832921577
138800	500940.21034722566
138900	501702.36291982565
139000	501749.0268028938
139100	503232.0796387805
139200	504125.2041779157
139300	503091.78274174395
139400	504639.1796994281
139500	504523.33220052
139600	505082.7666492479
139700	505415.440864704
139800	506383.7505830368
139900	506111.1221865164
140000	506848.7942397568
140100	506823.8695810185
140200	507627.1984302654
140300	507775.63915000437
140400	508354.64040497167
140500	509057.5896222426
140600	510237.11749150476
140700	509360.5285139455
140800	511152.4831671008
140900	510944.2436637122
141000	510949.6006892724
141100	511534.4699052497
141200	512410.87501657923
141300	512277.0081080401
141400	512782.91890606063
141500	513530.85709848156
141600	513981.3478659041
141700	513916.128586291
141800	514505.9278527078
141900	515052.1563752771
142000	515532.9942890587
142100	514994.4744081374
142200	516314.5362079657
142300	516480.27607192606
142400	516679.23407994746
142500	517559.5945896421
142600	517077.9835096818
142700	518768.69073158415
142800	518256.381972361
142900	519371.6624120815
143000	520049.708967379
143100	521044.2214243223
143200	521136.27150196536
143300	521707.6541783111
143400	522432.99057741114
143500	522702.73669869825
143600	523011.57401091437
143700	523677.83892668877
143800	524191.75324144517
143900	524377.036328965
144000	525324.197685543
144100	525316.7479133885
144200	526292.2926069746
144300	526377.9735495767
144400	526788.6028935483
144500	527283.3556751447
144600	528030.4769882007
144700	529172.6454803103
144800	529482.7957102685
144900	528925.6680367815
145000	530758.5807036401
145100	531262.799804369
145200	532908.7082324142
145300	530848.7134547401
145400	531360.9913119619
145500	532894.2583318452
145600	532166.6489932461
145700	534220.0517606644
145800	534331.4651437675
145900	533876.1431916641
146000	534916.6706781493
146100	536000.9942842234
146200	536779.7329947094
146300	536277.6670652869
146400	536813.8502378891
146500	537325.4896901818
146600	537898.2172090776
146700	538276.6806419446
146800	538285.135500885
146900	538919.9207503642
147000	539450.0651273263
147100	540375.7289688026
147200	541112.8957430683
147300	541412.3779769429
147400	541540.3217384472
147500	542213.8179436298
147600	542852.6188819036
147700	542105.915262116
147800	543675.7340198834
147900	544044.9157044657
148000	544175.1567049511
148100	544425.7839831314
148200	545969.9311940292
148300	545527.4641126276
148400	546298.4421235922
148500	546615.4371988407
148600	547208.3745237972
148700	547204.7957874523
148800	547768.1978015831
148900	548455.5625776696
149000	548962.4277330587
149100	549024.5800613825
149200	550043.3731909224
149300	550003.0970978481
149400	551077.9009073676
149500	552164.0246752029
149600	552150.441632557
149700	553560.9393422072
149800	553140.9434462087
149900	554472.4517437752
150000	554493.9971307412
150100	554779.0391999043
150200	555431.082027934
150300	556130.9257807699
150400	556168.8766064642
150500	556411.3055525348
150600	556543.8505901718
150700	558272.9825194232
150800	558207.7203177547
150900	558214.0841213509
151000	558500.8468604683
151100	559045.5222194751
151200	559885.989284215
151300	560639.473591226
151400	560599.4271852479
151500	561331.9200023714
151600	561736.2566008748
151700	562332.2184041346
151800	563041.7833282863
151900	563407.2838775164
152000	563696.7521771594
152100	563307.491708732
152200	564753.8920107185
152300	565205.1111889664
152400	566301.1736682366
152500	566149.3291540653
152600	567462.6841709954
152700	567605.1383651601
152800	566902.3428085515
152900	568516.1931274399
153000	569600.3057207944
153100	568578.4203461368
153200	569413.8302619862
153300	568908.0921514526
153400	570997.4172905158
153500	572087.2889606253
153600	572241.5821690154
153700	572338.7825352385
153800	573088.2452311678
153900	573727.1399823454
154000	574316.5522671248
154100	574763.1747210389
154200	574921.6980052632
154300	575915.9537904602
154400	576934.8194778092
154500	577174.3944632737
154600	577124.6459278857
154700	578567.2955490609
154800	578589.8906368057
154900	578879.7479104676
155000	579085.0703964777
155100	579363.2908472696
155200	580691.1010618416
155300	580467.3255248431
155400	581233.2438195304
155500	582421.5848792631
155600	582176.2036763438
155700	583190.6041832209
155800	584203.6884286123
155900	584939.7239651057
156000	585162.4310267061
156100	585186.8870912906
156200	585985.0182515006
156300	586147.3675728021
156400	587606.7509674698
156500	587216.4862780686
156600	587483.6813183516
156700	588584.8810453212
156800	588988.6436343974
156900	590049.2589549547
157000	591158.0002871592
157100	590854.8478321597
157200	591783.0185077569
157300	591404.2966980812
157400	592080.0164960002
157500	592867.5309941373
157600	593321.0949687146
157700	593707.5414674673
157800	595033.8367629324
157900	593613.1252261188
158000	595657.8755059687
158100	595327.4905811875
158200	596086.3753308055
158300	596877.6563888685
158400	597152.8597745768
158500	597817.1375706961
158600	598371.5602287953
158700	599192.9761858054
158800	599588.5655991156
158900	600190.4126420977
159000	599740.721548434
159100	600537.246461651
159200	600512.756460496
159300	602040.2593461386
159400	603079.1023116553
159500	602743.060852731
159600	602833.7759102387
159700	602784.928559811
159800	604457.7739738538
159900	603894.7914072758
160000	604448.3334761396
160100	604508.8440426481
160200	605048.514782257
160300	606023.2318943733
160400	607617.1847312838
160500	607495.6415807484
160600	607913.7783233223
160700	608309.5124393512
160800	607793.9270026768
160900	609513.3354890319
161000	609556.9898538379
161100	609636.9750338566
161200	609605.8537078336
161300	610179.7139465236
161400	610371.8043218717
161500	611471.5935748178
161600	612797.309292958
161700	612200.3194603468
161800	612412.1937319807
161900	613205.9036893472
162000	614625.9958642838
162100	614179.1850066684
162200	614351.6815745678
162300	615456.394936431
162400	616705.1945057248
162500	615851.6097222954
162600	617484.9163327618
162700	617517.5913879096
162800	618059.2302313057
162900	618901.274497112
163000	619236.4502330305
163100	619623.4634443698
163200	618680.1692829276
163300	620351.1115867496
163400	620632.9239443387
163500	621019.5492750603
163600	621450.438631649
163700	622423.5526857112
163800	623575.4932530458
163900	622778.2885185211
164000	624631.5064724174
164100	623983.8728675703
164200	625685.0747829776
164300	625184.083323355
164400	625915.0419698954
164500	626800.4282302723
164600	626943.5852380816
164700	628128.666404376
164800	628589.1926277889
164900	629915.9977657066
165000	629858.4016130434
165100	630126.7874175411
165200	630452.325476254
165300	630659.7550770824
165400	630618.4970030618
165500	632484.3614212453
165600	632264.2858902209
165700	633314.5192287186
165800	633387.8968193913
165900	634225.2495580723
166000	635292.4423021778
166100	635607.9559024345
166200	635283.1689378034
166300	636712.4348910884
166400	636747.3255233264
166500	637790.7332199159
166600	638980.3192747721
166700	639327.5207012363
166800	639408.8884406365
166900	640392.2223523895
167000	640339.2666951803
167100	640386.1465291023
167200	641577.468078802
167300	642151.4108250507
167400	641939.6530573871
167500	642898.779696496
167600	643541.7132490505
167700	643913.4772023648
167800	644398.0065876012
167900	645082.2204165355
168000	645761.519053328
168100	645839.8685899308
168200	646024.0842597658
168300	647698.2178402427
168400	648459.0308677246
168500	649032.2454350016
168600	648881.0804728917
168700	650021.2262633382
168800	650679.1915472597
168900	650371.7552862535
169000	652031.961891656
169100	652336.1075136898
169200	652133.2364371682
169300	653694.822129802
169400	653778.3867215478
169500	653960.9841313757
169600	656251.6166730425
169700	656065.2350047413
169800	655369.8556740383
169900	656987.5000040068
170000	658157.9265881656
170100	658391.9011459409
170200	658483.3677189283
170300	659576.829878446
170400	660350.7090435456
170500	660818.8694360194
170600	660811.4478814566
170700	661847.4076807555
170800	662685.4301114717
170900	663209.374953507
171000	663292.3987886048
171100	663461.5319838822
171200	665396.3882466558
171300	664588.2918438489
171400	665290.8333413248
171500	665891.6483948166
171600	666655.230528952
171700	666333.9483010209
171800	668423.0182964252
171900	668509.1312454618
172000	668878.9242850455
172100	669218.2408342408
172200	670876.8113639222
172300	671828.7023097883
172400	671323.2924607741
172500	672118.7493236826
172600	672293.5417197298
172700	672403.594019519
172800	673167.0199861887
172900	674360.0575362863
173000	675336.3103725718
173100	675478.7345871846
173200	675894.4599536627
173300	676396.954724998
173400	677269.9761594791
173500	678534.7005876105
173600	678274.7200308526
173700	679312.7162381621
173800	681302.5934229149
173900	680143.1974355368
174000	681490.136423568
174100	681844.2622028035
174200	681878.1562366501
174300	682924.420059505
174400	684222.5381703782
174500	685221.1444038466
174600	684397.0146514972
174700	685913.6296272988
174800	686750.0873608514
174900	687919.1364430339
175000	688379.2148119068
175100	688482.4206386092
175200	688400.083924064
175300	689843.0572791673
175400	690062.9617090635
175500	691578.188010829
175600	691350.9189867909
175700	692678.9750728412
175800	692917.2109050459
175900	693868.7315312268
176000	693993.1728557334
176100	695384.595192647
176200	695710.9917589946
176300	696667.0014680865
176400	696978.0876447305
176500	698104.6652909967
176600	698339.8460057998
176700	698523.4856162687
176800	699724.0686047918
176900	699924.2256241974
177000	699939.9151869916
177100	701669.5764794727
177200	701846.1153145822
177300	703303.1882529358
177400	702931.5702317379
177500	702625.8430403504
177600	703985.9101291607
177700	704969.7042526556
177800	704397.9823531256
177900	705816.558249009
178000	705666.8042433371
178100	707165.8270675304
178200	707037.6102888574
178300	707339.0282947993
178400	709064.816136218
178500	710454.7320213958
178600	709595.0027958221
178700	709611.9018006091
178800	709972.5195118167
178900	711353.4060914277
179000	711805.4293977369
179100	712138.3942041474
179200	712804.1024970582
179300	714552.8461841337
179400	714604.0285304047
179500	714547.1091088318
179600	714272.7521465612
179700	715497.1311935871
179800	716787.1309859401
179900	716282.4039992907
180000	716822.5941052168
180100	718011.6210896729
180200	718549.0084091244
180300	717802.8589650957
180400	719344.3973184837
180500	719999.8106584193
180600	720131.6845035849
180700	720409.4917087755
180800	720966.2693064573
180900	722286.5178902746
181000	722638.2469384865
181100	722526.8437087056
181200	722752.2515074376
181300	723984.3109075336
181400	725013.6358493821
181500	723987.6975883512
181600	725835.5266770817
181700	727052.762178194
181800	726555.2046365031
181900	727939.9984016111
182000	727403.5530655283
182100	727868.7869843178
182200	729179.365080795
182300	729425.991753972
182400	729493.0575244369
182500	730821.3678428797
182600	731813.3927571666
182700	731850.0051582927
182800	732350.2047732662
182900	733176.9447834815
183000	733956.7031195472
183100	733387.3317785015
183200	734221.0830800876
183300	735010.8340162536
183400	734762.806604019
183500	735850.6146403081
183600	736421.971693043
183700	737413.9250538371
183800	738438.5185970515
183900	738251.7567077449
184000	738913.9456795906
184100	739443.1055383543
184200	739979.7825543013
184300	739641.4659924534
184400	740670.7273464429
184500	741901.2832618454
184600	741529.1553461757
184700	744225.8670892752
184800	743810.4505699141
184900	744116.9434747157
185000	744629.4003446992
185100	745183.8920875861
185200	745690.5413471566
185300	746889.3141602844
185400	746820.2326464274
185500	747674.938410834
185600	748377.759227222
185700	748220.7841061535
185800	749912.3106245089
185900	748993.6885623729
186000	750511.5764078031
186100	751745.3967904287
186200	751456.7035206289
186300	752077.4229571461
186400	752752.1719933889
186500	753066.9685214979
186600	753698.2360252243
186700	754042.9350613997
186800	753897.2737589714
186900	755566.826170517
187000	756445.9478642597
187100	755692.2235872032
187200	756391.0462648992
187300	757990.873159928
187400	758338.6076871834
187500	758394.1819371621
187600	760383.5034762732
187700	759737.4585450031
187800	759972.8825839927
187900	760446.9606876209
188000	761107.2691261807
188100	761992.522249124
188200	761662.580224443
188300	762050.0325554104
188400	763768.600132073
188500	763156.260292355
188600	763736.6880559969
188700	765151.7596439776
188800	765191.8935446306
188900	765850.3028948426
189000	767077.6275814868
189100	766915.9567671996
189200	767451.4363726636
189300	768322.7046988932
189400	769426.4093714213
189500	768856.625636535
189600	769205.6571186015
189700	770853.2680647143
189800	771846.3297673105
189900	770743.7134711113
190000	773062.8431494595
190100	773810.725545185
190200	773805.6071528818
190300	774127.1680182006
190400	775964.00096234
190500	774783.3219219374
190600	776239.9911199493
190700	777270.8427985865
190800	778108.4288405374
190900	778378.3072927188
191000	778234.9897226711
191100	779604.6468588508
191200	780460.514453098
191300	780178.2559285527
191400	780495.9652152028
191500	781658.2963537367
191600	781965.488346264
191700	782760.365209503
191800	783355.0961757059
191900	784184.8006105293
192000	784081.1236842375
192100	785179.3013812632
192200	785658.4961885499
192300	785354.8769249552
192400	786936.6889875764
192500	787900.0952601025
192600	788875.9151382025
192700	789890.0563860881
192800	790680.5500295266
192900	790319.335650317
193000	791127.2990581436
193100	791630.5924577178
193200	792222.9987102777
193300	793519.2340978398
193400	793396.6540662326
193500	794761.181132944
193600	795161.9394057317
193700	795421.0089711567
193800	796401.3373481603
193900	796258.1780056076
194000	797812.5329762453
194100	797670.2094610614
194200	797968.6637971302
194300	799002.4392657828
194400	799923.3662216965
194500	799031.0251601211
194600	799662.0763003005
194700	801206.4473671792
194800	803493.9388900815
194900	801978.0186268314
195000	802709.4224002596
195100	803093.9529961335
195200	803538.1686237021
195300	803932.7434567956
195400	804946.9845861441
195500	806041.3398574123
195600	806454.763548111
195700	806638.6210058917
195800	806445.729312308
195900	808163.6273887254
196000	807929.9206376426
196100	808019.8980474173
196200	809557.0074080131
196300	809965.7495356704
196400	809265.000099143
196500	810530.7847946627
196600	810995.3719371384
196700	811117.085064398
196800	812320.48787041
196900	812228.0105377635
197000	813480.3299438637
197100	814378.6310866955
197200	814919.2334598895
197300	815870.2058349296
197400	816739.0588998636
197500	817081.0990686755
197600	817150.7110418556
197700	817347.9956210348
197800	818871.1396993462
197900	819681.9605454537
198000	819682.0557612373
198100	820269.142725126
198200	821017.1972491809
198300	821525.2292731002
198400	823782.1463492302
198500	823174.3252943498
198600	824360.8238249883
198700	824133.3268464432
198800	825620.7690054971
198900	826616.6777725845
199000	826209.204060409
199100	827158.4604921471
199200	827349.4630631701
199300	827340.6175536696
199400	829008.7397731316
199500	828010.8133390844
199600	828928.1456765848
199700	830884.1781762813
199800	830889.0137142861
199900	831086.7740660921
200000	831293.9923033377
200100	833038.7724812834
200200	832164.1677684952
200300	833139.631430752
200400	834116.9788866268
200500	834042.0934605188
200600	834934.9220647491
200700	835429.2243715442
200800	837078.9720886061
200900	836854.4044217847
201000	837253.7623107001
201100	838654.8482123346
201200	839501.0848538065
201300	839998.3606213378
201400	840131.0226442539
201500	842336.1878026739
201600	842115.7433573203
201700	842794.7386629828
201800	843445.9688356653
201900	843795.7870254803
202000	845714.2537828296
202100	844967.9676866223
202200	846134.1883252921
202300	847347.6423452761
202400	847541.8899885904
202500	847242.6424866066
202600	849172.4553889283
202700	849973.533600595
202800	850238.7960020199
202900	850204.6311744759
203000	852156.3107866349
203100	851807.5574149908
203200	853167.9996617737
203300	853187.8312075734
203400	855041.9900335349
203500	855222.1238716524
203600	856265.1613969791
203700	856962.2117079247
203800	857583.6988125884
203900	857790.0826568746
204000	857927.7683507099
204100	858732.7365548748
204200	860019.9993863412
204300	860418.5898518852
204400	862668.647607232
204500	863023.0781420325
204600	863884.6832129972
204700	864869.5553484864
204800	864389.702927707
204900	865803.957804192
205000	866600.6818901433
205100	866022.0998286236
205200	866544.7815913304
205300	868671.316671394
205400	869706.8439412669
205500	869817.8957178157
205600	870403.8965426519
205700	871963.6080356928
205800	871866.4252894088
205900	871485.6857099651
206000	872596.285014422
206100	873258.4904885374
206200	874290.2811996115
206300	875461.5395237084
206400	876561.2961624886
206500	876981.4698278835
206600	878303.5104344252
206700	879773.9766315942
206800	880482.851267403
206900	881300.3617531708
207000	880946.4380712381
207100	881894.6148108416
207200	881953.9744041476
207300	883968.0229219133
207400	884130.0532945317
207500	885122.0357296056
207600	885791.0760134857
207700	886576.40381313
207800	887683.977398867
207900	887305.9829662474
208000	888685.078175025
208100	889198.1047313143
208200	891143.8351181572
208300	891144.217486428
208400	893044.8955417868
208500	893167.045471444
208600	893234.7489022891
208700	895880.427384274
208800	894522.1677805872
