#MCS	Total_divisions
0	0
100	0
200	0
300	0
400	0
500	0
600	0
700	0
800	0
900	0
1000	0
1100	0
1200	0
1300	0
1400	0
1500	0
1600	0
1700	0
1800	0
1900	0
2000	0
2100	0
2200	0
2300	0
2400	0
2500	0
2600	0
2700	0
2800	0
2900	0
3000	0
3100	0
3200	0
3300	0
3400	0
3500	0
3600	0
3700	0
3800	0
3900	0
4000	0
4100	0
4200	0
4300	0
4400	0
4500	0
4600	0
4700	0
4800	0
4900	0
5000	0
5100	0
5200	0
5300	0
5400	0
5500	0
5600	0
5700	0
5800	0
5900	0
6000	0
6100	0
6200	0
6300	0
6400	0
6500	0
6600	0
6700	0
6800	0
6900	0
7000	0
7100	0
7200	0
7300	0
7400	0
7500	0
7600	0
7700	0
7800	0
7900	0
8000	0
8100	0
8200	0
8300	0
8400	0
8500	0
8600	0
8700	0
8800	0
8900	0
9000	0
9100	0
9200	0
9300	0
9400	0
9500	0
9600	0
9700	0
9800	0
9900	0
10000	0
10100	0
10200	0
10300	0
10400	0
10500	0
10600	0
10700	0
10800	0
10900	0
11000	0
11100	0
11200	0
11300	0
11400	0
11500	0
11600	0
11700	0
11800	0
11900	0
12000	0
12100	0
12200	0
12300	0
12400	0
12500	0
12600	0
12700	0
12800	0
12900	0
13000	0
13100	0
13200	0
13300	0
13400	0
13500	0
13600	0
13700	0
13800	0
13900	0
14000	0
14100	0
14200	0
14300	0
14400	0
14500	0
14600	0
14700	0
14800	0
14900	0
15000	0
15100	0
15200	0
15300	0
15400	0
15500	0
15600	0
15700	0
15800	0
15900	0
16000	0
16100	0
16200	0
16300	0
16400	0
16500	0
16600	0
16700	0
16800	0
16900	0
17000	0
17100	0
17200	0
17300	0
17400	0
17500	0
17600	0
17700	0
17800	0
17900	0
18000	0
18100	0
18200	0
18300	0
18400	0
18500	0
18600	0
18700	0
18800	0
18900	0
19000	0
19100	0
19200	0
19300	0
19400	0
19500	0
19600	0
19700	0
19800	0
19900	0
20000	0
20100	0
20200	0
20300	0
20400	0
20500	0
20600	0
20700	0
20800	0
20900	0
21000	0
21100	0
21200	0
21300	0
21400	0
21500	0
21600	0
21700	0
21800	0
21900	0
22000	0
22100	0
22200	0
22300	0
22400	0
22500	0
22600	0
22700	0
22800	0
22900	0
23000	0
23100	0
23200	0
23300	0
23400	0
23500	0
23600	0
23700	0
23800	0
23900	0
24000	0
24100	0
24200	0
24300	0
24400	0
24500	0
24600	0
24700	0
24800	0
24900	0
25000	0
25100	0
25200	0
25300	0
25400	0
25500	0
25600	0
25700	0
25800	0
25900	0
26000	0
26100	0
26200	0
26300	0
26400	0
26500	0
26600	0
26700	0
26800	0
26900	0
27000	0
27100	0
27200	0
27300	0
27400	0
27500	0
27600	0
27700	0
27800	0
27900	0
28000	0
28100	0
28200	0
28300	0
28400	0
28500	0
28600	0
28700	0
28800	0
28900	0
29000	0
29100	0
29200	0
29300	0
29400	0
29500	0
29600	0
29700	0
29800	0
29900	0
30000	0
30100	0
30200	0
30300	0
30400	0
30500	0
30600	0
30700	0
30800	0
30900	0
31000	0
31100	0
31200	0
31300	0
31400	0
31500	0
31600	0
31700	0
31800	0
31900	0
32000	0
32100	0
32200	0
32300	0
32400	0
32500	0
32600	0
32700	0
32800	0
32900	0
33000	0
33100	0
33200	0
33300	0
33400	0
33500	0
33600	0
33700	0
33800	0
33900	0
34000	0
34100	0
34200	0
34300	0
34400	0
34500	0
34600	0
34700	0
34800	0
34900	0
35000	0
35100	0
35200	0
35300	0
35400	0
35500	0
35600	0
35700	0
35800	0
35900	0
36000	0
36100	0
36200	0
36300	0
36400	0
36500	0
36600	0
36700	0
36800	0
36900	0
37000	0
37100	0
37200	0
37300	0
37400	0
37500	0
37600	0
37700	0
37800	0
37900	0
38000	0
38100	0
38200	0
38300	0
38400	0
38500	0
38600	0
38700	0
38800	0
38900	0
39000	0
39100	0
39200	0
39300	0
39400	0
39500	0
39600	0
39700	0
39800	0
39900	0
40000	0
40100	0
40200	0
40300	0
40400	0
40500	0
40600	0
40700	0
40800	0
40900	0
41000	1
41100	1
41200	1
41300	1
41400	1
41500	1
41600	1
41700	1
41800	1
41900	1
42000	1
42100	1
42200	1
42300	1
42400	1
42500	1
42600	1
42700	1
42800	1
42900	1
43000	1
43100	1
43200	1
43300	1
43400	1
43500	1
43600	1
43700	1
43800	1
43900	1
44000	1
44100	1
44200	1
44300	1
44400	1
44500	1
44600	1
44700	1
44800	1
44900	1
45000	1
45100	1
45200	1
45300	1
45400	1
45500	1
45600	2
45700	2
45800	2
45900	2
46000	3
46100	3
46200	4
46300	4
46400	4
46500	4
46600	4
46700	4
46800	4
46900	4
47000	5
47100	5
47200	5
47300	5
47400	5
47500	5
47600	5
47700	5
47800	5
47900	5
48000	5
48100	5
48200	5
48300	5
48400	5
48500	5
48600	6
48700	6
48800	6
48900	6
49000	6
49100	6
49200	6
49300	6
49400	6
49500	6
49600	6
49700	6
49800	6
49900	6
50000	6
50100	6
50200	6
50300	6
50400	6
50500	6
50600	6
50700	6
50800	6
50900	6
51000	6
51100	6
51200	6
51300	6
51400	6
51500	7
51600	7
51700	7
51800	7
51900	7
52000	9
52100	9
52200	9
52300	9
52400	10
52500	10
52600	10
52700	10
52800	10
52900	10
53000	10
53100	10
53200	10
53300	10
53400	11
53500	11
53600	11
53700	11
53800	11
53900	11
54000	11
54100	11
54200	11
54300	11
54400	11
54500	12
54600	12
54700	12
54800	12
54900	12
55000	12
55100	13
55200	13
55300	13
55400	13
55500	13
55600	13
55700	13
55800	13
55900	13
56000	13
56100	13
56200	13
56300	14
56400	14
56500	14
56600	14
56700	15
56800	15
56900	15
57000	15
57100	15
57200	15
57300	15
57400	15
57500	15
57600	15
57700	15
57800	15
57900	15
58000	15
58100	15
58200	15
58300	15
58400	15
58500	15
58600	15
58700	15
58800	15
58900	15
59000	15
59100	15
59200	15
59300	15
59400	15
59500	15
59600	15
59700	15
59800	15
59900	15
60000	15
60100	15
60200	17
60300	17
60400	17
60500	17
60600	17
60700	18
60800	18
60900	18
61000	18
61100	18
61200	18
61300	18
61400	18
61500	18
61600	18
61700	18
61800	18
61900	18
62000	18
62100	18
62200	18
62300	18
62400	18
62500	18
62600	18
62700	18
62800	18
62900	18
63000	18
63100	18
63200	18
63300	18
63400	18
63500	18
63600	18
63700	18
63800	18
63900	18
64000	18
64100	18
64200	18
64300	18
64400	18
64500	18
64600	18
64700	18
64800	19
64900	19
65000	19
65100	19
65200	19
65300	19
65400	19
65500	20
65600	20
65700	20
65800	20
65900	20
66000	20
66100	21
66200	21
66300	21
66400	21
66500	21
66600	22
66700	22
66800	22
66900	22
67000	23
67100	23
67200	23
67300	23
67400	23
67500	23
67600	23
67700	23
67800	24
67900	25
68000	25
68100	25
68200	26
68300	26
68400	26
68500	26
68600	26
68700	26
68800	26
68900	26
69000	26
69100	26
69200	26
69300	26
69400	26
69500	26
69600	26
69700	26
69800	26
69900	26
70000	26
70100	26
70200	26
70300	26
70400	26
70500	26
70600	27
70700	27
70800	27
70900	27
71000	27
71100	27
71200	27
71300	27
71400	27
71500	27
71600	27
71700	27
71800	28
71900	28
72000	28
72100	28
72200	28
72300	28
72400	28
72500	28
72600	28
72700	28
72800	28
72900	28
73000	28
73100	29
73200	29
73300	29
73400	29
73500	29
73600	29
73700	29
73800	29
73900	30
74000	30
74100	31
74200	31
74300	31
74400	31
74500	31
74600	31
74700	31
74800	32
74900	32
75000	32
75100	32
75200	32
75300	34
75400	34
75500	34
75600	34
75700	34
75800	34
75900	34
76000	34
76100	34
76200	34
76300	34
76400	34
76500	34
76600	34
76700	35
76800	36
76900	36
77000	36
77100	36
77200	36
77300	36
77400	36
77500	36
77600	36
77700	36
77800	36
77900	36
78000	36
78100	36
78200	36
78300	36
78400	36
78500	36
78600	36
78700	36
78800	36
78900	36
79000	36
79100	36
79200	36
79300	36
79400	36
79500	36
79600	36
79700	36
79800	36
79900	36
80000	36
80100	36
80200	36
80300	36
80400	36
80500	36
80600	36
80700	36
80800	36
80900	36
81000	36
81100	36
81200	36
81300	36
81400	36
81500	36
81600	36
81700	36
81800	36
81900	36
82000	36
82100	36
82200	36
82300	36
82400	36
82500	36
82600	36
82700	36
82800	36
82900	36
83000	36
83100	36
83200	36
83300	36
83400	36
83500	37
83600	38
83700	38
83800	38
83900	38
84000	38
84100	38
84200	38
84300	39
84400	39
84500	40
84600	40
84700	40
84800	41
84900	41
85000	41
85100	41
85200	42
85300	42
85400	42
85500	42
85600	42
85700	42
85800	42
85900	42
86000	42
86100	42
86200	43
86300	43
86400	43
86500	43
86600	44
86700	44
86800	44
86900	45
87000	45
87100	45
87200	46
87300	46
87400	46
87500	46
87600	46
87700	46
87800	46
87900	46
88000	46
88100	46
88200	46
88300	46
88400	46
88500	46
88600	46
88700	46
88800	46
88900	46
89000	46
89100	47
89200	47
89300	47
89400	47
89500	47
89600	47
89700	48
89800	48
89900	48
90000	49
90100	49
90200	49
90300	49
90400	50
90500	51
90600	51
90700	51
90800	51
90900	51
91000	51
91100	51
91200	51
91300	51
91400	51
91500	51
91600	52
91700	52
91800	52
91900	52
92000	52
92100	52
92200	52
92300	52
92400	52
92500	52
92600	52
92700	52
92800	52
92900	52
93000	52
93100	52
93200	52
93300	52
93400	52
93500	52
93600	52
93700	52
93800	52
93900	52
94000	52
94100	52
94200	52
94300	52
94400	52
94500	52
94600	52
94700	52
94800	52
94900	53
95000	53
95100	53
95200	53
95300	53
95400	53
95500	53
95600	53
95700	53
95800	53
95900	53
96000	53
96100	53
96200	54
96300	54
96400	54
96500	54
96600	54
96700	54
96800	55
96900	56
97000	56
97100	56
97200	56
97300	56
97400	56
97500	56
97600	56
97700	56
97800	56
97900	56
98000	56
98100	56
98200	56
98300	56
98400	56
98500	56
98600	57
98700	57
98800	57
98900	57
99000	57
99100	57
99200	57
99300	57
99400	57
99500	57
99600	57
99700	57
99800	57
99900	57
100000	57
100100	58
100200	58
100300	58
100400	58
100500	58
100600	58
100700	58
100800	58
100900	58
101000	59
101100	59
101200	59
101300	60
101400	60
101500	60
101600	60
101700	60
101800	60
101900	60
102000	60
102100	61
102200	61
102300	61
102400	61
102500	61
102600	61
102700	61
102800	61
102900	61
103000	61
103100	61
103200	61
103300	62
103400	62
103500	62
103600	62
103700	62
103800	62
103900	62
104000	63
104100	63
104200	63
104300	63
104400	63
104500	63
104600	63
104700	63
104800	65
104900	65
105000	66
105100	66
105200	67
105300	67
105400	67
105500	68
105600	68
105700	68
105800	68
105900	68
106000	68
106100	68
106200	68
106300	68
106400	68
106500	69
106600	69
106700	69
106800	69
106900	69
107000	69
107100	69
107200	69
107300	69
107400	69
107500	69
107600	69
107700	69
107800	70
107900	70
108000	70
108100	70
108200	70
108300	70
108400	70
108500	71
108600	71
108700	71
108800	71
108900	71
109000	71
109100	72
109200	72
109300	72
109400	72
109500	72
109600	72
109700	72
109800	72
109900	72
110000	72
110100	72
110200	73
110300	73
110400	73
110500	73
110600	73
110700	73
110800	73
110900	74
111000	74
111100	74
111200	74
111300	74
111400	75
111500	75
111600	75
111700	76
111800	76
111900	76
112000	76
112100	76
112200	76
112300	76
112400	76
112500	76
112600	76
112700	76
112800	76
112900	76
113000	76
113100	76
113200	76
113300	76
113400	76
113500	77
113600	78
113700	78
113800	78
113900	78
114000	78
114100	78
114200	78
114300	78
114400	79
114500	79
114600	79
114700	79
114800	79
114900	79
115000	80
115100	80
115200	80
115300	80
115400	80
115500	80
115600	80
115700	81
115800	81
115900	81
116000	81
116100	81
116200	81
116300	81
116400	81
116500	81
116600	81
116700	81
116800	81
116900	81
117000	81
117100	81
117200	81
117300	82
117400	82
117500	82
117600	82
117700	82
117800	82
117900	82
118000	82
118100	82
118200	82
118300	82
118400	82
118500	83
118600	83
118700	83
118800	83
118900	84
119000	84
119100	84
119200	84
119300	84
119400	84
119500	84
119600	84
119700	85
119800	85
119900	85
120000	85
120100	85
120200	87
120300	87
120400	87
120500	87
120600	87
120700	88
120800	88
120900	88
121000	88
121100	88
121200	88
121300	88
121400	88
121500	88
121600	88
121700	88
121800	89
121900	89
122000	89
122100	89
122200	89
122300	89
122400	89
122500	89
122600	90
122700	90
122800	90
122900	90
123000	91
123100	92
123200	92
123300	93
123400	93
123500	93
123600	93
123700	93
123800	93
123900	93
124000	93
124100	93
124200	94
124300	94
124400	94
124500	95
124600	95
124700	95
124800	95
124900	96
125000	96
125100	97
125200	97
125300	97
125400	97
125500	97
125600	97
125700	97
125800	97
125900	97
126000	97
126100	97
126200	98
126300	98
126400	98
126500	98
126600	98
126700	98
126800	98
126900	98
127000	98
127100	98
127200	98
127300	100
127400	100
127500	100
127600	100
127700	101
127800	101
127900	101
128000	101
128100	101
128200	101
128300	101
128400	101
128500	101
128600	101
128700	101
128800	101
128900	101
129000	101
129100	101
129200	101
129300	101
129400	102
129500	102
129600	102
129700	102
129800	102
129900	103
130000	103
130100	104
130200	104
130300	104
130400	104
130500	104
130600	106
130700	106
130800	106
130900	106
131000	106
131100	106
131200	106
131300	106
131400	106
131500	106
131600	106
131700	106
131800	106
131900	106
132000	106
132100	106
132200	106
132300	106
132400	106
132500	106
132600	106
132700	106
132800	106
132900	107
133000	107
133100	108
133200	108
133300	111
133400	111
133500	111
133600	112
133700	113
133800	113
133900	113
134000	114
134100	114
134200	114
134300	114
134400	114
134500	114
134600	114
134700	114
134800	114
134900	114
135000	114
135100	114
135200	114
135300	115
135400	115
135500	115
135600	117
135700	117
135800	117
135900	117
136000	117
136100	118
136200	118
136300	118
136400	118
136500	118
136600	118
136700	119
136800	119
136900	120
137000	120
137100	120
137200	120
137300	120
137400	120
137500	120
137600	120
137700	120
137800	121
137900	121
138000	121
138100	121
138200	121
138300	121
138400	121
138500	122
138600	122
138700	122
138800	122
138900	122
139000	122
139100	122
139200	122
139300	122
139400	124
139500	124
139600	124
139700	124
139800	124
139900	124
140000	124
140100	125
140200	125
140300	125
140400	125
140500	125
140600	125
140700	126
140800	126
140900	126
141000	126
141100	127
141200	127
141300	127
141400	127
141500	127
141600	127
141700	127
141800	129
141900	130
142000	130
142100	130
142200	130
142300	130
142400	130
142500	130
142600	130
142700	130
142800	130
142900	130
143000	131
143100	131
143200	131
143300	132
143400	132
143500	132
143600	133
143700	133
143800	133
143900	133
144000	133
144100	133
144200	133
144300	133
144400	133
144500	133
144600	133
144700	133
144800	133
144900	133
145000	133
145100	133
145200	134
145300	134
145400	134
145500	134
145600	134
145700	134
145800	135
145900	135
146000	135
146100	135
146200	135
146300	135
146400	135
146500	135
146600	135
146700	135
146800	135
146900	135
147000	135
147100	135
147200	135
147300	135
147400	136
147500	137
147600	137
147700	137
147800	137
147900	137
148000	137
148100	138
148200	138
148300	138
148400	138
148500	138
148600	138
148700	139
148800	140
148900	140
149000	141
149100	141
149200	141
149300	141
149400	141
149500	141
149600	141
149700	141
149800	141
149900	141
150000	142
150100	142
150200	142
150300	142
150400	142
150500	142
150600	142
150700	143
150800	143
150900	143
151000	144
151100	144
151200	144
151300	144
151400	145
151500	145
151600	145
151700	145
151800	145
151900	146
152000	146
152100	147
152200	147
152300	147
152400	147
152500	147
152600	147
152700	148
152800	149
152900	149
153000	150
153100	150
153200	150
153300	150
153400	150
153500	150
153600	150
153700	150
153800	150
153900	150
154000	150
154100	151
154200	151
154300	151
154400	151
154500	151
154600	151
154700	151
154800	151
154900	151
155000	152
155100	153
155200	153
155300	153
155400	153
155500	153
155600	153
155700	153
155800	153
155900	153
156000	153
156100	153
156200	153
156300	153
156400	154
156500	154
156600	154
156700	154
156800	154
156900	154
157000	154
157100	154
157200	154
157300	154
157400	154
157500	154
157600	154
157700	154
157800	155
157900	155
158000	155
158100	155
158200	155
158300	155
158400	155
158500	155
158600	155
158700	155
158800	155
158900	156
159000	156
159100	156
159200	156
159300	156
159400	156
159500	156
159600	156
159700	157
159800	157
159900	157
160000	158
160100	158
160200	158
160300	158
160400	158
160500	158
160600	159
160700	159
160800	159
160900	159
161000	159
161100	160
161200	160
161300	161
161400	163
161500	163
161600	164
161700	165
161800	165
161900	165
162000	165
162100	165
162200	166
162300	168
162400	168
162500	169
162600	169
162700	169
162800	169
162900	169
163000	169
163100	170
163200	170
163300	171
163400	171
163500	173
163600	173
163700	173
163800	173
163900	173
164000	173
164100	173
164200	173
164300	175
164400	175
164500	175
164600	176
164700	176
164800	177
164900	177
165000	177
165100	177
165200	177
165300	178
165400	178
165500	180
165600	180
165700	180
165800	180
165900	180
166000	180
166100	180
166200	180
166300	180
166400	180
166500	180
166600	181
166700	181
166800	182
166900	182
167000	184
167100	184
167200	184
167300	184
167400	185
167500	185
167600	186
167700	186
167800	186
167900	187
168000	187
168100	187
168200	187
168300	187
168400	187
168500	187
168600	187
168700	187
168800	187
168900	187
169000	187
169100	188
169200	188
169300	188
169400	188
169500	188
169600	189
169700	189
169800	189
169900	189
170000	189
170100	189
170200	189
170300	189
170400	189
170500	189
170600	191
170700	191
170800	191
170900	191
171000	192
171100	192
171200	193
171300	193
171400	193
171500	194
171600	194
171700	194
171800	194
171900	194
172000	194
172100	194
172200	194
172300	194
172400	195
172500	195
172600	196
172700	196
172800	197
172900	197
173000	197
173100	198
173200	198
173300	198
173400	198
173500	198
173600	198
173700	198
173800	198
173900	198
174000	198
174100	198
174200	198
174300	198
174400	198
174500	198
174600	199
174700	199
174800	199
174900	200
175000	200
175100	201
175200	201
175300	201
175400	201
175500	201
175600	201
175700	201
175800	201
175900	201
176000	201
176100	201
176200	201
176300	201
176400	201
176500	201
176600	201
176700	201
176800	201
176900	201
177000	201
177100	201
177200	201
177300	202
177400	203
177500	203
177600	203
177700	203
177800	204
177900	204
178000	204
178100	204
178200	204
178300	204
178400	204
178500	204
178600	205
178700	205
178800	205
178900	205
179000	205
179100	205
179200	205
179300	205
179400	205
179500	205
179600	205
179700	205
179800	206
179900	206
180000	206
180100	206
180200	207
180300	207
180400	207
180500	208
180600	208
180700	209
180800	209
180900	209
181000	209
181100	210
181200	210
181300	210
181400	211
181500	211
181600	211
181700	211
181800	211
181900	211
182000	211
182100	212
182200	212
182300	212
182400	212
182500	212
182600	212
182700	212
182800	212
182900	212
183000	212
183100	212
183200	213
183300	213
183400	213
183500	213
183600	213
183700	214
183800	214
183900	214
184000	214
184100	214
184200	215
184300	215
184400	215
184500	215
184600	215
184700	215
184800	215
184900	215
185000	215
185100	215
185200	215
185300	215
185400	215
185500	216
185600	216
185700	216
185800	216
185900	216
186000	216
186100	216
186200	216
186300	216
186400	217
186500	217
186600	218
186700	218
186800	218
186900	218
187000	218
187100	219
187200	219
187300	219
187400	219
187500	220
187600	220
187700	220
187800	220
187900	220
188000	220
188100	220
188200	221
188300	221
188400	222
188500	223
188600	223
188700	224
188800	224
188900	224
189000	224
189100	225
189200	225
189300	225
189400	226
189500	226
189600	226
189700	226
189800	226
189900	226
190000	226
190100	226
190200	226
190300	226
190400	226
190500	226
190600	227
190700	227
190800	227
190900	227
191000	228
191100	228
191200	230
191300	230
191400	230
191500	231
191600	231
191700	231
191800	231
191900	231
192000	231
192100	231
192200	231
192300	232
192400	232
192500	232
192600	232
192700	232
192800	232
192900	232
193000	232
193100	232
193200	232
193300	232
193400	232
193500	232
193600	232
193700	232
193800	232
193900	232
194000	232
194100	233
194200	234
194300	234
194400	234
194500	234
194600	234
194700	234
194800	234
194900	235
195000	236
195100	236
195200	237
195300	237
195400	237
195500	239
195600	239
195700	240
195800	240
195900	241
196000	243
196100	245
196200	246
196300	246
196400	246
196500	246
196600	246
196700	247
196800	247
196900	247
197000	248
197100	248
197200	248
197300	248
197400	248
197500	248
197600	249
197700	250
197800	250
197900	250
198000	250
198100	250
198200	250
198300	250
198400	250
198500	251
198600	251
198700	252
198800	252
198900	252
199000	252
199100	252
199200	253
199300	254
199400	255
199500	257
199600	257
199700	257
199800	257
199900	259
200000	260
200100	261
200200	263
200300	263
200400	263
200500	263
200600	263
200700	263
200800	263
200900	263
201000	264
201100	264
201200	264
201300	265
201400	265
201500	265
201600	266
201700	267
201800	267
201900	267
202000	267
202100	267
202200	268
202300	268
202400	270
202500	271
202600	271
202700	271
202800	273
202900	273
203000	275
203100	275
203200	275
203300	275
203400	275
203500	275
203600	275
203700	275
203800	275
203900	275
204000	275
204100	275
204200	275
204300	275
204400	275
204500	275
204600	275
204700	275
204800	277
204900	279
205000	280
205100	280
205200	281
205300	281
205400	283
205500	283
205600	284
205700	284
205800	285
205900	285
206000	286
206100	286
206200	286
206300	287
206400	287
206500	287
206600	287
206700	287
206800	287
206900	288
207000	288
207100	291
207200	291
207300	291
207400	291
207500	291
207600	291
207700	291
207800	291
207900	291
208000	292
208100	292
208200	293
208300	293
208400	293
208500	294
208600	295
208700	295
208800	295
