#MCS	Volume_energy
0	7113.965111806975
100	21860.717409448054
200	22897.87401956336
300	22719.909052471212
400	23043.582611552218
500	23758.745205057297
600	24048.88633290052
700	23660.19900177284
800	23840.033523018697
900	23097.138757345714
1000	22659.732071110582
1100	23594.10211785398
1200	22723.694816017996
1300	23821.613921641834
1400	22608.026300849782
1500	22880.29265692249
1600	22122.173822145724
1700	23288.53081564676
1800	23481.04968519382
1900	23474.20109205443
2000	22057.394151598564
2100	23306.189501214656
2200	23150.557583416907
2300	22949.37306748329
2400	22551.205447537286
2500	22526.902550138606
2600	24031.383004910796
2700	21756.178066493747
2800	23639.94794601353
2900	23055.498157918213
3000	23007.79435339071
3100	23208.955453021077
3200	23692.013570680654
3300	22851.845189992146
3400	23714.227664574744
3500	23866.891392690115
3600	22480.82620556655
3700	23667.975561670642
3800	23800.755617605195
3900	23153.08737241104
4000	24039.315563996708
4100	23376.61102655272
4200	24927.964190936145
4300	24182.637187073953
4400	24614.35779265295
4500	23772.84199337902
4600	23404.189786520117
4700	22653.672248479816
4800	24113.723230424235
4900	23539.455246829537
5000	23589.094505289842
5100	24282.924766032334
5200	23414.676508281522
5300	23646.90151814945
5400	22999.03018804789
5500	24293.364423831204
5600	24116.648865199673
5700	23231.445224897423
5800	22908.375707433876
5900	23035.327546241984
6000	25068.0609163918
6100	22818.199401221565
6200	23777.293280155176
6300	22828.4097589972
6400	23014.657897532492
6500	23963.226315812855
6600	22952.168484477133
6700	23448.025323085636
6800	24179.340420341658
6900	24496.54434903639
7000	24251.42758684628
7100	23734.194599264825
7200	24425.863845230284
7300	23571.00164018381
7400	24606.972466590098
7500	23805.26652678024
7600	24209.4696417565
7700	23508.586520238983
7800	24042.650420083264
7900	23934.85548580187
8000	24207.729532373218
8100	23421.455672412885
8200	25402.752191804084
8300	24133.015425539776
8400	24357.20760655928
8500	24185.269917425398
8600	24439.58676998685
8700	25102.771645371675
8800	25560.80417382112
8900	24574.98999617936
9000	24864.88764566253
9100	24551.55103971377
9200	24857.904933875823
9300	24402.37641068952
9400	24777.573324880243
9500	23773.212512577968
9600	24299.508741761638
9700	24488.013902865197
9800	24675.6026033271
9900	25243.30614788555
10000	25090.086083785438
10100	24619.386989549297
10200	24952.075074079148
10300	24378.779923604023
10400	24905.403509626725
10500	24376.70298007879
10600	24429.057074298154
10700	24275.10760995122
10800	25153.25633030793
10900	25814.814585665492
11000	25031.484553397608
11100	24646.045163892566
11200	24893.23239246623
11300	25128.81111561251
11400	25075.05894068089
11500	24097.639442100586
11600	24578.708424354176
11700	26551.6400170412
11800	24851.702982802904
11900	25233.11963023303
12000	25767.04236362224
12100	25496.182238972146
12200	25948.282130360192
12300	25728.85097957132
12400	24867.10418600106
12500	25995.726354322727
12600	24959.797089014985
12700	25417.83191194077
12800	26197.333611499198
12900	25433.85982906816
13000	24969.47251218635
13100	27673.758156459535
13200	25673.71748691003
13300	25672.11875412723
13400	26195.590540787667
13500	24525.683217294896
13600	25333.61158111942
13700	25138.74746511165
13800	26066.712659577814
13900	25387.687042782258
14000	25982.24061107404
14100	25070.182424543415
14200	25423.995200112997
14300	25987.416579982535
14400	26813.803076407217
14500	25901.17103299849
14600	26193.847188350337
14700	25685.274871052206
14800	26224.784420469656
14900	26326.547026272227
15000	24720.679087709537
15100	26661.84494581249
15200	26026.308978788395
15300	25275.659618088324
15400	24817.541713439085
15500	26811.314509397685
15600	26019.549506191725
15700	26729.796106703758
15800	26093.441598331283
15900	25437.70398335197
16000	26106.74372731806
16100	25622.358137949297
16200	26387.772619505675
16300	26668.28214409046
16400	25540.987474076963
16500	26443.98258677264
16600	26377.43258025299
16700	25956.530881346887
16800	27367.824217026922
16900	26372.10917637813
17000	26556.815098947493
17100	26909.09293464395
17200	26342.795679987277
17300	25786.80227632366
17400	26026.522828556157
17500	25333.213421414028
17600	26854.147196927264
17700	26001.754641001076
17800	26229.010208380692
17900	26663.749081732556
18000	25927.168904489703
18100	27614.318660678655
18200	26710.077233479664
18300	26154.58582698105
18400	24784.883338163494
18500	27245.911045361212
18600	26120.658333796167
18700	25934.186848922625
18800	26249.884010350343
18900	26187.79604708556
19000	26783.24668255182
19100	27275.57771551706
19200	26253.945228354754
19300	26929.30527370592
19400	26701.07864611515
19500	26308.82602304566
19600	27216.39683294517
19700	27157.612417601867
19800	27092.40693679314
19900	27599.25850951136
20000	26901.6527359788
20100	26424.852774235926
20200	26203.89366769458
20300	26271.948777145113
20400	27835.274246367877
20500	27734.450876435585
20600	27560.383243342563
20700	27441.07582598515
20800	27417.731247462812
20900	28455.032425508653
21000	27831.811067806582
21100	27707.728652183967
21200	27470.808598794523
21300	29028.34671810637
21400	28774.78912657844
21500	27357.515514612147
21600	27152.19808874331
21700	27130.443345556516
21800	26637.71192078459
21900	27524.42536565279
22000	27952.791893654998
22100	27641.350801203505
22200	28741.42497067254
22300	28695.966324592366
22400	28023.736330601634
22500	28411.782612833744
22600	28120.38769008398
22700	28545.411519935715
22800	29317.826928780458
22900	28370.21427107157
23000	28290.853117988245
23100	28667.42604929722
23200	27717.874100959576
23300	28978.482225925654
23400	29336.772387284833
23500	29573.644527349035
23600	27904.64505232378
23700	27718.707643737842
23800	29081.76039790874
23900	28357.985444687714
24000	27831.098170189205
24100	28687.8910497811
24200	29211.55252516815
24300	29594.467408733704
24400	28860.689023091174
24500	29083.904365844915
24600	29052.295409503517
24700	28939.315574939388
24800	28882.270020140884
24900	28886.52608464811
25000	28591.685739481458
25100	28995.37066212285
25200	28158.311412498446
25300	29465.380195283662
25400	29942.853914960182
25500	29506.351435438064
25600	29593.692854064782
25700	28916.815396750226
25800	29603.141753727097
25900	30603.08884358839
26000	29265.993552941778
26100	28766.872373414953
26200	28171.075750727898
26300	28959.319513825827
26400	29887.929344921195
26500	28766.391739542614
26600	30069.958912449416
26700	29350.0576977895
26800	29960.425111597033
26900	29515.764611838946
27000	28534.304283724974
27100	30630.99592511721
27200	29894.915201083808
27300	28893.94288617394
27400	28929.641317812402
27500	29616.498830961315
27600	28873.901525991765
27700	29179.244812538298
27800	29217.587397553165
27900	30406.694910379538
28000	30367.866877102006
28100	29137.16311941683
28200	29538.291435878884
28300	29885.281071265472
28400	29789.248161710853
28500	29727.00958392731
28600	30367.36311446915
28700	29685.062675491477
28800	30338.6160825845
28900	29977.189314607243
29000	29006.86919873138
29100	30237.895754772322
29200	30128.29692785281
29300	29350.791649777802
29400	29197.08309227279
29500	29480.973292048962
29600	30062.5956644316
29700	30716.091157005663
29800	29559.47681030753
29900	30441.022089330614
30000	29805.22269121135
30100	29445.502846829153
30200	29230.469649748753
30300	30369.136381076467
30400	30536.922661164772
30500	31206.22712699402
30600	30178.662637224075
30700	30132.87188700494
30800	29568.4679496838
30900	30353.45987163695
31000	30275.115357112576
31100	30539.60272159548
31200	30813.510907984186
31300	30829.292216264887
31400	29949.781235865412
31500	30235.45576283158
31600	30476.165130869784
31700	30058.480479138656
31800	30281.792820263287
31900	30029.10229820629
32000	31415.8329447573
32100	30366.768818975946
32200	29626.82266964938
32300	31608.020599071642
32400	31320.14022126995
32500	30587.296360032895
32600	30739.24128221583
32700	30945.395362902793
32800	30495.791975103682
32900	31067.371303867105
33000	30696.151607450407
33100	30354.16013816438
33200	32263.546205284383
33300	29287.683494848206
33400	30961.232401775982
33500	30661.120368119802
33600	31712.6112579427
33700	30839.871312691117
33800	28997.66947100741
33900	31297.247633687723
34000	31402.321971138623
34100	31584.528323485745
34200	30982.312318300574
34300	31173.866281862553
34400	30990.917259937698
34500	31756.650588338354
34600	30386.215661600883
34700	30836.89671940454
34800	32277.76933283267
34900	31433.5020304294
35000	31472.39903499352
35100	31877.63323257792
35200	31649.348505294878
35300	31091.311792206092
35400	31076.219331946886
35500	31279.8597930929
35600	30929.453544069187
35700	32372.340850464654
35800	31689.655723325603
35900	31118.705977090325
36000	31060.136835722024
36100	31778.12352445769
36200	32303.688779555647
36300	31599.951445453313
36400	32016.62124098108
36500	31913.009008225934
36600	32037.580875625266
36700	32435.975055599294
36800	31832.46391049253
36900	32563.74112698794
37000	31809.34876311576
37100	32096.268286340353
37200	32778.329493544916
37300	31693.64207452909
37400	32459.444640100126
37500	32294.133316968615
37600	33033.11764027137
37700	33298.5754254673
37800	33181.68613224159
37900	32708.166162954207
38000	32839.76873810691
38100	32036.882714852552
38200	32088.0666280517
38300	33315.97658976507
38400	32542.310140282876
38500	32959.85382553285
38600	33496.59553338014
38700	32666.955352717596
38800	33262.09903971112
38900	32703.520660679933
39000	32971.50601258867
39100	33161.546827714694
39200	33330.72324954621
39300	33736.24544640355
39400	33395.08494778845
39500	32801.54805876597
39600	33097.41521659859
39700	32610.996571329568
39800	33710.91864536894
39900	33689.51924516744
40000	33014.461269836866
40100	33433.10783546105
40200	33698.061227059276
40300	33955.51358493163
40400	34018.69396236489
40500	33538.49317737114
40600	33053.95294786926
40700	33821.932136687705
40800	33258.86954976319
40900	34488.426950809306
41000	34359.923437191275
41100	34959.1748671358
41200	33077.90610689438
41300	33102.09181947971
41400	34609.12111841878
41500	34218.98169156467
41600	33569.128986898686
41700	33961.28862714481
41800	34545.18580860572
41900	34210.84713098097
42000	34600.1113882925
42100	33778.957403646076
42200	34140.868692028176
42300	34111.62536135417
42400	33098.53124215082
42500	33213.7065185321
42600	33250.953057850405
42700	34297.12052650696
42800	34925.29631220266
42900	34516.97012458941
43000	33382.747771375914
43100	33961.20500000883
43200	34432.280561826825
43300	34489.61226330054
43400	35475.76617410531
43500	34730.60491674412
43600	35014.14430372739
43700	34547.22766094802
43800	35143.13203955558
43900	33778.30808335749
44000	34508.9129223442
44100	34477.77243170703
44200	34700.51925856443
44300	34599.857346880664
44400	34647.235829679485
44500	35382.254357931495
44600	34909.408313463464
44700	35504.126141164714
44800	35017.783857162685
44900	35442.308530410206
45000	35775.57789623109
45100	34878.77097975638
45200	34778.84219441601
45300	35630.43060474874
45400	35073.94151838529
45500	35159.92836450958
45600	35194.609419604036
45700	34625.172042558006
45800	36388.079279116864
45900	35173.94146880389
46000	35116.12434587729
46100	35372.91725033522
46200	34378.604674934024
46300	34959.80281655935
46400	35542.01338698048
46500	36790.024526266316
46600	35008.778450759346
46700	36139.10800433366
46800	36002.0353082987
46900	35507.88920123492
47000	36552.31559377995
47100	36063.58510045129
47200	35749.71218503774
47300	37694.08262007766
47400	36336.99190171657
47500	36310.96185150991
47600	35186.20065837383
47700	36818.062760215726
47800	36440.5955721131
47900	35493.17583440006
48000	36254.05873138802
48100	37239.36877676985
48200	35384.54863229591
48300	36387.625933260206
48400	36787.1368528295
48500	35482.08223483701
48600	36030.67053083661
48700	36198.158954918115
48800	36684.159186692305
48900	36432.2085927314
49000	36746.30311181812
49100	37097.208973442364
49200	36537.9341535685
49300	36036.29934761271
49400	37475.431921370866
49500	37230.60552191432
49600	37134.31322111907
49700	36452.28924383636
49800	37322.70823962217
49900	37168.27564214097
50000	37105.25124061414
50100	37375.19714919236
50200	37077.755397109504
50300	36556.239892039244
50400	35856.27345881355
50500	37868.54122801369
50600	37060.15205568915
50700	38260.962073269795
50800	37314.69544331852
50900	36889.98349501482
51000	37431.829946295074
51100	36965.4057563164
51200	37956.5006142358
51300	37756.394951250426
51400	37123.52704700821
51500	37083.97785667029
51600	36778.669612693
51700	38166.16157758207
51800	38187.3959843399
51900	37314.134458554916
52000	36889.057501919364
52100	37829.24702361929
52200	37515.54477302399
52300	38117.364657332895
52400	37626.38648482852
52500	37362.73604663507
52600	37951.1786147924
52700	37145.889447516325
52800	37403.84803582867
52900	37219.38203804708
53000	36721.38778932028
53100	38077.52051497786
53200	37538.643313939654
53300	37937.62010004114
53400	38164.12913513291
53500	38432.22299102741
53600	37579.43527268981
53700	38343.4371036773
53800	38006.22233375196
53900	39241.17080522425
54000	39234.254246503704
54100	38878.022940872776
54200	37919.7631817037
54300	38394.90180885149
54400	38929.19816212893
54500	38745.19497594565
54600	39236.575262639424
54700	39853.66544471604
54800	38714.464274670776
54900	38896.137567678874
55000	38542.155604681975
55100	38982.73148196803
55200	39695.48270532404
55300	38398.920561053594
55400	39554.87846643954
55500	38414.836418514315
55600	39069.1697749661
55700	38307.05423992389
55800	38981.51100466028
55900	38860.28233953489
56000	37864.81153407719
56100	39025.94552412637
56200	39119.47417392594
56300	39523.70812669614
56400	38339.060009952955
56500	39511.58218783209
56600	39343.30145232496
56700	40448.668163204195
56800	39227.988586433945
56900	39258.78677860819
57000	39259.00789303989
57100	39656.79839544007
57200	39392.922818635816
57300	39854.600541886735
57400	40070.63519876778
57500	40038.33365085972
57600	40607.08928045945
57700	40171.604902176965
57800	38729.381378228805
57900	39046.51125811964
58000	39965.7502185599
58100	39706.342556416996
58200	39667.29858941404
58300	39270.776488086165
58400	39504.06617264025
58500	39052.42780054922
58600	39867.413854833045
58700	38971.591180106
58800	41357.77701467791
58900	40563.49169345157
59000	39479.856251791694
59100	40641.59380606774
59200	39556.50380589839
59300	39938.816162626434
59400	39930.66975231386
59500	40364.672805003145
59600	40416.31759339003
59700	40533.60398792593
59800	39687.06952180753
59900	39666.06081586947
60000	40682.04655732049
60100	40542.09819348474
60200	41547.39859447222
60300	41857.14290691036
60400	40664.36256770892
60500	40288.785811482056
60600	40432.51477134277
60700	40557.104823756425
60800	40223.10114698261
60900	40497.52286408755
61000	41142.810693852865
61100	41351.6550652248
61200	41809.017491324856
61300	41872.58289009765
61400	41067.771062324515
61500	41662.48964065569
61600	42049.75364530811
61700	41325.43808514151
61800	41304.08080407563
61900	41990.84985032351
62000	41883.035967936645
62100	41115.226717028716
62200	42519.39235892967
62300	41129.077389096296
62400	42046.76903513418
62500	41152.014495011594
62600	40939.606479053655
62700	41541.40705693474
62800	41539.74583094411
62900	42224.92259416319
63000	41532.23609164302
63100	41352.73043335097
63200	41517.205658668005
63300	42189.87461452175
63400	41816.490675536195
63500	41447.57353908143
63600	42116.116721935774
63700	41288.65568729804
63800	42323.02500581826
63900	41592.86007822951
64000	42016.64732746662
64100	41413.36866467107
64200	41873.33426319471
64300	41383.51812782472
64400	41138.21775227037
64500	41342.98031033455
64600	43011.323834668525
64700	42131.13500037451
64800	41713.94703381741
64900	42554.33401085378
65000	41904.26955376767
65100	41833.590027859864
65200	42152.80951139583
65300	41321.637935011226
65400	41633.41922479016
65500	40547.51945823202
65600	41834.82495779791
65700	41537.95235093838
65800	42977.732152921664
65900	42262.14287776572
66000	41371.39358306027
66100	42025.6540903401
66200	42183.38404219341
66300	42574.69039209899
66400	42800.77544463157
66500	43029.65364142404
66600	42656.827197552935
66700	42436.392398115204
66800	41765.695892653705
66900	42481.42178697999
67000	41666.69598679849
67100	42518.28049290467
67200	42159.132341564866
67300	43219.846193549194
67400	44055.6320240312
67500	43709.143389149314
67600	42599.89996443895
67700	43703.259899973316
67800	43455.753289495915
67900	42218.53347567711
68000	43537.35785448067
68100	43424.936259429065
68200	42924.54586525449
68300	43367.85884994108
68400	42685.710448703416
68500	42914.895872941845
68600	43995.0683738219
68700	42076.13379962346
68800	43281.407575113495
68900	43163.72919735582
69000	43535.3407127887
69100	43372.72853579474
69200	42963.300439394916
69300	44326.77481426314
69400	42855.464921451625
69500	42932.75688056771
69600	44555.69883662622
69700	43439.912142558154
69800	42979.42718415351
69900	43740.36600385666
70000	43461.86501998659
70100	43423.00980264506
70200	42786.154844724966
70300	44254.79637394475
70400	44511.08335709508
70500	44142.85221173962
70600	45547.662789271904
70700	44607.679741536245
70800	43237.176449397244
70900	44429.22028994844
71000	43230.09371014168
71100	44337.55576928236
71200	44177.99598330555
71300	43790.944013083565
71400	44285.466781978015
71500	44217.33134901342
71600	44253.407992735374
71700	44316.558990910846
71800	44813.970141494305
71900	45047.20881916722
72000	44176.23678684394
72100	44998.217349199134
72200	44785.696155844045
72300	44518.2753877909
72400	44516.7080198908
72500	43860.579442654955
72600	44714.665901893444
72700	44380.0931130067
72800	44753.509529341136
72900	44401.95472682577
73000	45146.64726255781
73100	44601.77886520915
73200	46427.51973649106
73300	44922.93520681322
73400	46386.353275679
73500	45396.40379531074
73600	44885.15169464265
73700	46633.64736969132
73800	44868.524686961166
73900	45580.230752021416
74000	44298.389858885406
74100	45953.66726852442
74200	45242.689734027066
74300	45005.003696841435
74400	45210.60870880556
74500	44800.266836189134
74600	44408.80089974859
74700	45681.68652705868
74800	45746.10635002151
74900	46260.650013051854
75000	44879.504462221856
75100	46438.47386343255
75200	45279.72953703743
75300	45882.46308043064
75400	45355.6407465497
75500	46211.8082632018
75600	45235.111015817805
75700	46102.1053002001
75800	46097.28281366833
75900	46171.454274445496
76000	46384.294714418844
76100	45865.05447264801
76200	47612.75330282487
76300	46109.77710532499
76400	46256.16376665025
76500	45685.32527596133
76600	46376.11765713376
76700	46335.067816353905
76800	46741.966386898945
76900	45355.34339038149
77000	46427.0853909632
77100	47168.097636591956
77200	47300.33820788088
77300	46127.69520282476
77400	46121.00173934069
77500	47246.243925057264
77600	46755.821867186554
77700	45875.82943396388
77800	46334.445288987736
77900	46337.84927900255
78000	47511.842709212804
78100	47338.493184827654
78200	46078.25146369751
78300	45946.98312003063
78400	47676.546933380254
78500	46637.90556407077
78600	47159.02810650337
78700	45871.78314205681
78800	46672.35229862251
78900	46766.72539146061
79000	47500.13920302371
79100	47044.42856827895
79200	46181.04337017558
79300	47251.877142216195
79400	48050.02752765183
79500	47336.66720468059
79600	48530.39414611552
79700	46976.77124296121
79800	47934.97963269771
79900	47280.28297449108
80000	47224.46180797185
80100	46930.54669701224
80200	47194.805656185395
80300	47329.62592181393
80400	47238.63873223285
80500	47976.442259376796
80600	47615.11106491584
80700	47959.37608291703
80800	49208.12883048968
80900	48800.55335163734
81000	47717.267543867165
81100	49029.5390663357
81200	50223.63233516144
81300	48991.3446785046
81400	49643.6964731094
81500	48611.26210850191
81600	48979.234197372956
81700	48935.51185127912
81800	49121.32635073755
81900	48988.945128144136
82000	49867.427188240305
82100	48882.304271884175
82200	49914.994368073785
82300	49359.65462434861
82400	48640.65107541437
82500	50085.33749058061
82600	48323.408334416534
82700	49311.915870442775
82800	48853.355522828795
82900	49641.34487275552
83000	48491.77032775008
83100	47977.63922264567
83200	50728.12866866356
83300	49520.424849386094
83400	49540.193549113006
83500	49258.324013901976
83600	49573.07395709864
83700	50158.76186014403
83800	49540.6579164892
83900	49802.32386642179
84000	49403.974162432474
84100	50359.33849557623
84200	49917.24415337794
84300	50980.885796771145
84400	49749.733169447914
84500	50623.16870915949
84600	51651.76232826769
84700	49973.52330086611
84800	50586.97175371877
84900	50828.39901894796
85000	49547.81328123745
85100	50818.041118785055
85200	50899.96931179968
85300	50896.23665493104
85400	50173.3971905602
85500	50689.31302880249
85600	51033.525316324405
85700	51358.40800790569
85800	50816.245975047575
85900	50600.313398598686
86000	51099.331210598386
86100	51200.224448232635
86200	50678.234604674246
86300	50005.23858699224
86400	51542.379723327314
86500	51200.983970506495
86600	51519.2328020433
86700	51515.02486415382
86800	50070.41730220202
86900	51387.05448469873
87000	51298.59162784546
87100	50528.309031160556
87200	52011.19953564494
87300	51342.16454485396
87400	50729.599210818364
87500	50176.6794387103
87600	51292.88854757264
87700	52577.36510717416
87800	50293.67265636909
87900	51034.64602699124
88000	49934.05956198889
88100	50401.271061020496
88200	52238.17750326109
88300	51598.25214630847
88400	52298.649667841586
88500	52009.91280330956
88600	51855.20322919275
88700	50498.7712184261
88800	51498.04853510968
88900	51610.61758153563
89000	51677.51198132864
89100	52266.01118261963
89200	52075.30535092934
89300	52408.01018149149
89400	51388.70944124132
89500	51892.11348653769
89600	51621.010381857755
89700	51941.59974086815
89800	52576.692245999766
89900	51719.59893584571
90000	51790.105324645665
90100	52042.52206198037
90200	52342.73022487145
90300	53525.04283883078
90400	53430.42730104707
90500	53569.46919471969
90600	53366.18006150071
90700	52044.296935139326
90800	52647.35838894817
90900	54107.813953427474
91000	53365.9388477831
91100	53869.50226191801
91200	52982.59168211222
91300	53110.47877118567
91400	53390.96590304315
91500	53603.36712506922
91600	53968.30859957103
91700	54306.29444525016
91800	54744.979788727636
91900	53502.94304231771
92000	54403.490419093
92100	54402.25927883327
92200	54279.37154742266
92300	55576.96556693012
92400	54555.36015166898
92500	54895.53367489963
92600	53154.78156909448
92700	53492.19845904302
92800	55538.79234401991
92900	54023.42603214469
93000	54123.25774495675
93100	54333.88048038964
93200	54533.60729877422
93300	55414.285694821374
93400	54651.16103386942
93500	55702.065071464436
93600	54124.697882134205
93700	54673.74669555909
93800	54108.65438395003
93900	54482.83414449763
94000	54634.37057343546
94100	55242.16605226724
94200	54003.727290779396
94300	55274.070397159856
94400	54862.70716809622
94500	54815.09730167031
94600	55292.249104356604
94700	53888.45879069372
94800	54487.655418635186
94900	55631.40369380037
95000	54225.863412732804
95100	55256.49929516788
95200	55931.19675779979
95300	55436.88438007048
95400	56141.36779533972
95500	55077.28161690215
95600	55902.32926273336
95700	54543.40388404968
95800	54949.225594091884
95900	55853.05075044521
96000	56668.230011348714
96100	55963.112787682665
96200	56472.82704584063
96300	55375.93443280442
96400	56530.99094719796
96500	56030.69605201646
96600	54959.087964873645
96700	54770.394766116
96800	56457.546881659175
96900	55560.06595640226
97000	54716.57884438144
97100	56166.26210779824
97200	55256.08879784611
97300	55049.30144961471
97400	54935.70661143428
97500	56574.754058924766
97600	55620.07394545255
97700	56175.640476000066
97800	56392.58425677074
97900	57134.94577250097
98000	55514.56897841254
98100	56210.2930584143
98200	55276.57593332331
98300	55787.246507922144
98400	55888.87285095319
98500	56828.64923240075
98600	56991.98115102756
98700	57797.51235255603
98800	56217.72472764133
98900	55758.15830835564
99000	56960.36303277485
99100	57886.43544478568
99200	56504.59167088796
99300	57157.0959191421
99400	57702.787298839925
99500	57806.23671101034
99600	56701.57860071758
99700	57806.67737720862
99800	58410.49321194637
99900	57680.057512308646
100000	57410.240440778725
100100	57107.139819265685
100200	57945.450512355295
100300	57570.230141113236
100400	58350.60971701323
100500	57178.50529905392
100600	58075.00715458109
100700	57743.23322165246
100800	57575.51852710677
100900	56848.98786563078
101000	58138.7461422763
101100	60562.17741987819
101200	56986.630012514506
101300	59447.569841343146
101400	59928.857087195975
101500	59307.49016438268
101600	58102.66269376529
101700	59313.344595335184
101800	58554.3781789111
101900	58821.53260653774
102000	60328.2381296815
102100	58080.870105735994
102200	59459.698092046754
102300	59561.5686796404
102400	60002.99197797604
102500	60897.76733989985
102600	59134.72614726339
102700	59657.57217292797
102800	59043.538493002896
102900	59334.80499496215
103000	59509.54373761727
103100	60791.82060150382
103200	60323.01705536865
103300	58987.25584987279
103400	59161.84570481183
103500	60299.09461690169
103600	60433.896877057385
103700	60039.5100293574
103800	59662.113040317854
103900	59549.0723070218
104000	60262.68017271547
104100	59802.95412554588
104200	60369.62778183971
104300	59777.891285124584
104400	60954.05228389165
104500	59602.78800469237
104600	60642.60249008939
104700	60455.782825005146
104800	61036.334107253526
104900	62687.82648446533
105000	60280.09252646314
105100	61237.24218107854
105200	61137.212363921
105300	62409.473476969615
105400	62217.93903434037
105500	60288.48303923461
105600	60759.24890789896
105700	60661.07926980609
105800	60526.022250448805
105900	61750.8069416879
106000	61468.63452775315
106100	61433.87462070774
106200	62129.54221396022
106300	61392.051882397274
106400	61864.97668680897
106500	60672.27968828097
106600	62553.36169044735
106700	62649.09082042714
106800	60878.14417183309
106900	62151.12869773247
107000	61864.46219137071
107100	61739.09367024987
107200	62686.33318780753
107300	62001.21799156185
107400	62327.205297573
107500	63227.192467890556
107600	62083.153177495245
107700	61444.948503550644
107800	62478.797603337865
107900	60527.08359181533
108000	62878.53690294668
108100	61950.08143643442
108200	63582.9455951588
108300	62271.23580087395
108400	62021.71065242036
108500	61267.68887714446
108600	62665.89741199068
108700	62812.99938011734
108800	62875.47791514648
108900	62655.16756422466
109000	62922.65375350311
109100	62301.5382256956
109200	62411.21769023647
109300	62936.17851923238
109400	63138.069853016095
109500	62160.87386986025
109600	62888.63947335808
109700	63356.415037676874
109800	62303.64344304035
109900	64336.04730166423
110000	63660.15208076632
110100	64073.204223549335
110200	63430.627028316056
110300	62972.45403333081
110400	63981.042187880514
110500	63461.33596725198
110600	63778.78040722822
110700	63845.35014433676
110800	63627.9003955236
110900	62007.42061347806
111000	62729.99557258106
111100	64412.09440295994
111200	63413.16350398829
111300	62664.76172750669
111400	64626.549787416094
111500	62636.63710272545
111600	63912.13506722306
111700	62791.432449622385
111800	63581.283930522586
111900	64437.47623269155
112000	63889.352461241535
112100	62556.65219227874
112200	65194.60058065232
112300	64455.095262930365
112400	63872.722386543
112500	62681.73504208998
112600	62987.46156092729
112700	63153.15757912076
112800	62341.98745027781
112900	63145.53552577253
113000	63565.27497092218
113100	64074.973603796025
113200	63283.74983657034
113300	62437.88837394482
113400	64954.28861377312
113500	63832.91625377942
113600	65087.732976126106
113700	63886.860182367935
113800	63417.43059296531
113900	64426.496237296225
114000	64261.81663806836
114100	63707.23589905716
114200	64609.958039597965
114300	65542.31003590621
114400	64501.10260934704
114500	65223.972669718234
114600	64797.61008285959
114700	64341.86438245079
114800	63767.1700997801
114900	64618.557907424285
115000	65003.302347929566
115100	65808.27452542294
115200	63958.88759312633
115300	64998.84313399478
115400	65786.20466073461
115500	65124.59659630642
115600	65278.37352716258
115700	65460.36189620387
115800	65848.76008861723
115900	64723.23362341543
116000	64536.150796861126
116100	64545.50581011829
116200	66207.56554703822
116300	66559.03387152763
116400	66110.84485619007
116500	65859.14414149718
116600	65099.28104620006
116700	64751.28733441279
116800	65820.6312760495
116900	64953.12454347374
117000	66429.08609014904
117100	65438.374762061314
117200	65049.54708767954
117300	66362.4899258468
117400	65878.98639812913
117500	66559.51246263128
117600	66208.34506887807
117700	66970.83554424527
117800	65836.275864051
117900	66009.53269092276
118000	66214.09727968383
118100	66532.24040518799
118200	66450.55749396606
118300	65838.33367780501
118400	66634.04857387613
118500	65535.93047883306
118600	66679.79072284633
118700	66109.51076415792
118800	67314.21926830267
118900	66901.1569095906
119000	67204.65343666702
119100	66890.60499151882
119200	65862.57534933712
119300	67531.11862725302
119400	67227.6507007387
119500	66630.39755975042
119600	66594.62745242701
119700	67335.30275714102
119800	68261.15447651508
119900	67229.74111078256
120000	67079.17607908852
120100	67371.9816891436
120200	68874.0036466415
120300	68381.75825171694
120400	68566.85067170892
120500	67552.99030592466
120600	67588.24410089366
120700	68256.2573138604
120800	67857.18080044954
120900	68362.90533955529
121000	68710.148765214
121100	68223.31952494732
121200	69211.89874624021
121300	68430.06980310657
121400	68421.68559032449
121500	69210.18451041084
121600	68462.86975483006
121700	69488.72906735532
121800	69283.05145168124
121900	68694.91080576139
122000	69680.04237016394
122100	69276.74103571745
122200	68553.22794751555
122300	69740.09623564537
122400	68547.9534456144
122500	69805.42433262276
122600	70304.53495311586
122700	69089.5810318073
122800	69533.99849498348
122900	69907.14185130662
123000	70552.87428238752
123100	70707.30305627146
123200	69628.66724359262
123300	69591.25300011871
123400	71319.49293139303
123500	70897.30025638423
123600	72158.05309505742
123700	70082.5842436717
123800	70991.74900851473
123900	70047.19771961153
124000	70339.96631765699
124100	70696.33420339544
124200	69774.49026935764
124300	72156.18764092965
124400	70368.92394773006
124500	71669.24438294202
124600	70113.6701233039
124700	71238.67322433303
124800	71603.19446499858
124900	72708.96237708002
125000	72426.2352239354
125100	71867.82907384376
125200	71445.19343934242
125300	71001.37315224766
125400	71569.42534768743
125500	71579.0275037524
125600	71447.23580915798
125700	73342.09992862059
125800	72409.39552166713
125900	71444.27378129956
126000	70756.49190312157
126100	71181.66922072056
126200	71944.46876542007
126300	70656.53068889181
126400	72071.93849956756
126500	70669.90308741671
126600	72028.23473957366
126700	70654.24431150619
126800	72166.08094796402
126900	72557.05678210995
127000	71961.436490342
127100	72376.5156813938
127200	71943.92066479563
127300	72298.7242177254
127400	72869.88314526064
127500	73065.51566186312
127600	72177.98811446391
127700	71417.25373046065
127800	73043.17571627338
127900	71898.78461601186
128000	73048.81148497977
128100	72345.00247869814
128200	72255.65220163409
128300	72380.02092106889
128400	73486.25359603656
128500	73515.77931004409
128600	72886.8089842676
128700	72770.83172280507
128800	73304.4226862562
128900	72504.36521387224
129000	73296.87191736077
129100	72963.59984151802
129200	74029.48371288704
129300	72998.93835379048
129400	72879.31410815002
129500	71989.8128164182
129600	73205.90991446638
129700	71937.49168894182
129800	71940.29277535829
129900	72427.65985984508
130000	72814.2579703746
130100	74778.0701905151
130200	72766.33148520373
130300	73762.58939844123
130400	73945.87405746881
130500	74344.80009279272
130600	73650.43335659502
130700	75350.57189761382
130800	74324.55654956771
130900	73799.32090173665
131000	75247.57649694505
131100	73688.2057607517
131200	74603.21847986859
131300	75065.65495637835
131400	77224.63660888321
131500	73866.69760504086
131600	74196.75718657808
131700	74718.29451759937
131800	74692.39659325767
131900	74628.49120189078
132000	76015.62768641642
132100	74943.67748172149
132200	75276.41900935624
132300	75723.26835929832
132400	75561.75167338764
132500	74760.83833859752
132600	74857.69965623974
132700	74213.0625483912
132800	76689.79976838834
132900	74833.32605587169
133000	75391.30637674147
133100	74765.427390771
133200	74611.91332060308
133300	75631.7756151284
133400	75106.63121427663
133500	75542.74751450744
133600	74871.22421586768
133700	76593.64455147715
133800	75638.1896646845
133900	77305.11987384202
134000	77005.2127853188
134100	77671.47676783714
134200	78807.69256642564
134300	78241.2368092605
134400	77189.67298290951
134500	78019.73138054107
134600	77945.89499461377
134700	76065.6486514152
134800	77665.63580073291
134900	77313.76927772298
135000	78430.54636621282
135100	77555.39703456638
135200	77120.57278904002
135300	76776.3862016958
135400	78358.58845376791
135500	77264.93102165405
135600	77063.13701772701
135700	76594.59925083989
135800	76762.06838115327
135900	77466.96071358577
136000	77987.46157681117
136100	76939.54155743789
136200	78756.67636647282
136300	77740.40811629301
136400	79470.14021170742
136500	78986.93546739931
136600	78787.66139850384
136700	77036.59553746572
136800	77829.6911402101
136900	78039.93939034345
137000	78742.06310988542
137100	78654.23881347419
137200	79255.64971575317
137300	78362.00553289463
137400	78585.87956180332
137500	79693.58448036175
137600	78754.2081501624
137700	79189.15943395004
137800	79392.53030700084
137900	78412.43313405411
138000	79213.33572800264
138100	79901.59025166155
138200	78734.40092808186
138300	79494.03944904018
138400	80900.51502900322
138500	79921.51210533507
138600	80160.4710110978
138700	79146.0778621273
138800	80816.47823093792
138900	81916.01462571727
139000	81392.68422252612
139100	79278.57088358587
139200	80697.58538217233
139300	81701.56725204726
139400	80683.20281162534
139500	80962.52896080643
139600	79701.7261155174
139700	80996.01200856024
139800	80658.1109703252
139900	80166.80157638728
140000	80296.35864911934
140100	81750.45935888976
140200	82186.11496306735
140300	82802.54979005008
140400	81177.40132391121
140500	81905.4476497888
140600	81205.70435218657
140700	82442.40405464414
140800	81318.05627250252
140900	81216.59476983285
141000	82248.97478957022
141100	82978.9540785441
141200	82190.53345838083
141300	82546.42373124388
141400	82913.15523181381
141500	82040.92582366976
141600	83082.95399608197
141700	84303.89850778155
141800	83422.72944325593
141900	82202.13721355812
142000	83064.15585454552
142100	83599.00360612333
142200	82470.81852003376
142300	83917.45442848418
142400	83461.97591578771
142500	83245.45157822229
142600	84441.52058938806
142700	83120.63291445626
142800	84510.37804851044
142900	83941.8983586851
143000	83988.28677093338
143100	82559.12513736152
143200	82679.89908039424
143300	83430.9669831694
143400	81307.53606790327
143500	81924.1681110768
143600	83129.14153352595
143700	82071.2371102274
143800	83918.26569592346
143900	83066.60785133654
144000	82553.57477079312
144100	83836.03370465233
144200	85338.94055652164
144300	83986.23869092835
144400	84545.92154628939
144500	84628.08480385605
144600	83662.4460320291
144700	83690.0071678193
144800	82755.60906623627
144900	84464.71072747474
145000	82820.0552445904
145100	83678.08753471742
145200	84789.77083438235
145300	84232.01974663835
145400	85063.51835677204
145500	84020.38737167038
145600	84579.65634664819
145700	83659.22745876267
145800	84985.08785800083
145900	84874.55769961904
146000	84924.34676778858
146100	83942.55639477645
146200	82535.18047896918
146300	84869.23154004088
146400	85282.57160093774
146500	84303.21172623525
146600	85141.52104772789
146700	84924.85849385044
146800	85786.62663292831
146900	85436.21457103442
147000	85447.63465571094
147100	86288.3251453424
147200	85959.55863874777
147300	86461.06516154087
147400	85194.69127106661
147500	85222.66707556708
147600	83687.21432214229
147700	86517.71057742275
147800	85269.40256517207
147900	86054.64857145402
148000	85936.24407751967
148100	85309.83367243993
148200	84214.79889941073
148300	85927.77435902288
148400	85967.19843913172
148500	86355.83463921168
148600	86104.50538786745
148700	85548.57116703618
148800	86683.64473882418
148900	86860.12512486678
149000	85966.53065316353
149100	86628.36652018924
149200	86546.99094930933
149300	87276.38016808448
149400	87036.75285853299
149500	87111.17691265506
149600	86875.83477874941
149700	85907.1701883813
149800	87258.3738940034
149900	86531.18941942995
150000	85542.4285585043
150100	86852.80839192764
150200	86813.38853253747
150300	87475.24218990287
150400	87045.53286793466
150500	88472.48145149292
150600	87795.65180075131
150700	86670.73028936141
150800	87493.55883346469
150900	87614.77443288614
151000	89295.59028577947
151100	88271.08890053042
151200	87640.9752523364
151300	88749.33669109736
151400	88982.03340117742
151500	87578.86908554693
151600	88444.03001568276
151700	89020.99882480707
151800	87369.31415495125
151900	89378.78374567293
152000	89051.34879986398
152100	89158.9064840774
152200	89121.47487934971
152300	88688.62615876392
152400	88705.91699351073
152500	88515.5497443631
152600	89601.55368320584
152700	87959.70427570907
152800	89662.65703465698
152900	89322.59537485459
153000	88432.9116240462
153100	89967.98819931988
153200	91235.48970175297
153300	91498.16279785527
153400	89891.7810585061
153500	89748.76050545793
153600	89470.79732765141
153700	89839.6326547086
153800	90341.78711840475
153900	90693.97911329968
154000	90938.58522534577
154100	89871.10259935757
154200	90425.13933934727
154300	89644.99426344721
154400	90148.07084670845
154500	89261.61811438056
154600	91743.2273670432
154700	90613.18305123765
154800	89794.71207357908
154900	89770.48157323485
155000	90106.04785403822
155100	90918.45522615153
155200	91548.45243227342
155300	91540.82132116775
155400	91088.65502880879
155500	90557.63216294882
155600	92656.44225692678
155700	92075.7618138411
155800	91794.53096070653
155900	90548.2538978664
156000	90910.01103919632
156100	92295.13877081689
156200	92330.95610924557
156300	91758.55865072268
156400	92797.37892657815
156500	91959.6651103242
156600	93641.55820350631
156700	91848.60714470233
156800	92158.2371553386
156900	90781.5034201833
157000	91909.07053358472
157100	91276.83830813835
157200	92493.42085030967
157300	91995.14112428858
157400	92496.82265331605
157500	92468.85508085907
157600	92568.97201124177
157700	93987.8810413924
157800	92774.31138302319
157900	95137.31390285777
158000	91543.40934086005
158100	93277.50037594112
158200	93252.33860789766
158300	93162.80842857198
158400	94791.66441198668
158500	93575.96295119912
158600	93979.28067352479
158700	93081.21636606824
158800	93593.91859291746
158900	93281.98884188636
159000	94755.29207833977
159100	93974.0277478142
159200	96189.36813813132
159300	93640.70014426655
159400	93216.26881171833
159500	92655.30941629568
159600	94408.78600249009
159700	96829.20881113452
159800	93675.02528362455
159900	94359.24108160322
160000	94730.95975911379
160100	95241.5024145931
160200	95065.45263647428
160300	94682.93759845565
160400	94939.69008015761
160500	94940.51722097046
160600	95669.57858768164
160700	94786.98254837879
160800	95033.37329450768
160900	93274.71882251315
161000	94580.05945860766
161100	95872.60427794783
161200	96880.70804033136
161300	96050.61022164079
161400	95423.91629287276
161500	96143.67380741576
161600	95281.56642821783
161700	96802.61957613939
161800	97861.20202490009
161900	96796.3744475808
162000	95314.90241444219
162100	98391.9751651421
162200	97703.25778694969
162300	96274.42224524533
162400	96764.67589891954
162500	97068.37329968014
162600	95849.2152367335
162700	97494.1881043825
162800	97084.99611196814
162900	96846.31465246974
163000	97656.05087598416
163100	97180.43235218628
163200	99089.5795864264
163300	97476.29333355342
163400	99145.42305671488
163500	98487.73488196147
163600	97782.86138631943
163700	98154.9193922989
163800	97808.06796041541
163900	99471.18867914443
164000	98517.84426029434
164100	99226.06066701595
164200	99086.01013876451
164300	99103.1453296027
164400	97442.67306163334
164500	98393.94607478436
164600	100189.09059639116
164700	98597.93839636276
164800	98664.08887435505
164900	98174.75397690646
165000	97677.65859821967
165100	99691.99130862975
165200	99538.21013178308
165300	100498.41131569125
165400	100387.60128584392
165500	99165.0456821269
165600	100060.43903118996
165700	99653.42227007484
165800	99341.69864698223
165900	100332.30639510673
166000	99981.36516282184
166100	99153.06817085612
166200	101042.48573832383
166300	99800.51355491125
166400	101599.87257527711
166500	101336.42197173277
166600	101892.51422736832
166700	101683.55747044295
166800	101966.81802705725
166900	101499.06383572551
167000	101476.19057657386
167100	101977.03857454544
167200	101638.62301658725
167300	101362.91158297316
167400	101813.38456024385
167500	100691.94515953718
167600	102018.68827022941
167700	102691.83226078268
167800	100933.16524732739
167900	101115.59089761702
168000	102435.42887928833
168100	104102.76357806931
168200	103464.05810825291
168300	103490.52841569234
168400	102797.14436370286
168500	102060.80262441582
168600	103123.01447385502
168700	104163.47590688027
168800	103186.8796222412
168900	104046.73250708918
169000	103446.64458485397
169100	104023.32521798792
169200	105209.25965265569
169300	104310.36994909082
169400	105120.25708889455
169500	104780.28352745195
169600	103353.37585434226
169700	102923.50169538819
169800	105676.61719260793
169900	103972.66098109841
170000	102705.00238234545
170100	104571.49307694186
170200	105128.6373477614
170300	103027.59338177704
170400	103601.87171745097
170500	103615.18744539098
170600	105583.22775753199
170700	105176.75279432497
170800	104579.5476705051
170900	104944.4979051194
171000	105196.77780655999
171100	106350.66472619143
171200	104266.07275896374
171300	106141.04839126626
171400	105887.11751468721
171500	105250.93001400001
171600	105732.59985378182
171700	106285.86782921567
171800	105637.18603569196
171900	106556.8183171791
172000	105239.44958406773
172100	104741.91281605678
172200	106008.84603199475
172300	105699.09399888993
172400	106256.32109973735
172500	106650.78298429787
172600	107835.43541198058
172700	106678.43874181996
172800	106328.4097165865
172900	107130.76084079336
173000	105955.87484913133
173100	106232.50431609049
173200	106938.21630542446
173300	106985.17138063908
173400	106803.01782459648
173500	106162.29627012444
173600	107512.30332615439
173700	107470.3746725716
173800	105910.32327211607
173900	107792.97538509102
174000	108018.83915772931
174100	108559.28957721007
174200	107719.3222724064
174300	108816.57782908579
174400	106822.59287077501
174500	108127.11192966001
174600	109250.00765145238
174700	108545.39398899961
174800	108013.32509971833
174900	107472.33573333225
175000	106447.38374678436
175100	107479.55099190238
175200	109149.89127073521
175300	108384.2470018913
175400	109999.42468682141
175500	109048.9570580708
175600	109472.35198886617
175700	108554.87296136699
175800	109643.71135366206
175900	109615.82697221913
176000	109866.7664689013
176100	109555.20413816662
176200	108937.3218876188
176300	108540.54190458529
176400	109011.32091856835
176500	109569.57448457555
176600	108787.16954432872
176700	110318.80735915745
176800	109156.76360885389
176900	110504.49256866559
177000	110877.61511893151
177100	109342.2063623353
177200	110406.59744332488
177300	109691.3126365812
177400	110909.14640191781
177500	111474.72112538674
177600	111048.48434198592
177700	111283.21500822315
177800	110804.11060126651
177900	111043.56108045601
178000	111603.42840021371
178100	111854.5840447814
178200	111280.96548981953
178300	113115.15217795374
178400	111982.0807058457
178500	110987.4245881639
178600	112304.36502751647
178700	113682.58270709138
178800	112740.3832992904
178900	113576.46567837583
179000	113786.35473743273
179100	113265.67064375665
179200	114850.58449777472
179300	113512.68752306998
179400	112244.68250391028
179500	115132.73361929001
179600	116404.81254165375
179700	113970.18183750792
179800	113501.6582805096
179900	114686.68868414777
180000	115885.78024115076
180100	113009.61520330595
180200	114558.6205956148
180300	114362.3547238248
180400	114343.877146425
180500	114406.84893644066
180600	114342.10152539492
180700	114817.07744939576
180800	114530.18071887731
180900	114197.68675485004
181000	114462.09129675772
181100	116403.23512459113
181200	115587.61955534892
181300	114925.1386009133
181400	114783.295309104
181500	116396.98261728785
181600	116153.1051664111
181700	115685.27155047948
181800	116060.50949640307
181900	116323.31033763221
182000	117573.84800223896
182100	116691.34995276814
182200	114683.01549406328
182300	116740.4496434322
182400	115584.16794724842
182500	115650.00362406386
182600	114072.2425071724
182700	118074.48923026916
182800	115211.07554566754
182900	115458.58168460002
183000	116224.21935086072
183100	117406.7051916876
183200	117266.23891157807
183300	116874.19645929546
183400	116940.44474550111
183500	117109.45311236357
183600	117392.24711347772
183700	117160.18183538302
183800	116756.08426130959
183900	116260.54294343294
184000	117975.61161795254
184100	118273.9861084637
184200	118047.70005039657
184300	118776.09240056855
184400	117854.58445583394
184500	118472.7033690137
184600	119903.09625217032
184700	116686.17712480952
184800	117061.68739533785
184900	117090.47269448284
185000	117042.30296181419
185100	118879.46993361396
185200	119633.37399204996
185300	119086.3049161348
185400	119529.3744329817
185500	117949.75005395066
185600	117648.18729705333
185700	119341.94112620741
185800	117187.23130055556
185900	120463.35280456065
186000	120163.7853293381
186100	119063.35197849365
186200	118864.52279613509
186300	118762.61104043854
186400	118902.09012521741
186500	119057.3027743371
186600	119463.38277880123
186700	118605.63726380808
186800	121135.22750677983
186900	119772.12746875465
187000	118920.49129798553
187100	119519.96312529677
187200	119182.94328242734
187300	118968.3660463105
187400	119495.16233167856
187500	119710.07382170908
187600	118133.37880806926
187700	118986.68083031078
187800	120068.35967582877
187900	119664.13960135558
188000	118821.2377936698
188100	118812.92643083242
188200	120405.01423009309
188300	120264.97636242272
188400	119376.24541454256
188500	120380.59829133733
188600	120807.8193868833
188700	120322.39563394888
188800	121109.2084914962
188900	119207.48829735069
189000	118863.91890145754
189100	119345.51240203527
189200	119950.46604610987
189300	119675.25452104391
189400	119675.30203658163
189500	121445.2192029969
189600	120090.05264943847
189700	119850.14482168296
189800	120430.19665025786
189900	122235.61153458105
190000	120394.41969716661
190100	120151.633878591
190200	120429.03734619574
190300	121624.14047227528
190400	119388.03544010292
190500	120972.66341923908
190600	120727.06656740124
190700	120667.38946642244
190800	122178.99409673967
190900	121226.15241667118
191000	121717.00176812061
191100	121076.40167666887
191200	121551.81113431942
191300	121913.7865416453
191400	121943.61269400513
191500	121906.95418157792
191600	123484.87625403902
191700	120692.06717668673
191800	121505.35748473683
191900	122954.27318669751
192000	122010.24288604171
192100	123160.22001518086
192200	122907.30259260279
192300	123797.49240505639
192400	121672.5399287135
192500	122128.6758934033
192600	122942.40962717333
192700	120490.74273048622
192800	121586.28652220935
192900	122301.12683235438
193000	122636.48891899566
193100	123170.84246667201
193200	123418.80395150422
193300	122427.42873990948
193400	125066.76005928942
193500	122150.27959569755
193600	123744.39790450055
193700	123793.79041499738
193800	123363.13953476172
193900	124643.35868355464
194000	123187.5181921354
194100	124112.61458266701
194200	124654.36035902095
194300	125136.05714457005
194400	124823.38301085355
194500	126838.25245074724
194600	125763.29323995007
194700	124492.28315138104
194800	123114.01617293635
194900	124490.46144132402
195000	124924.32667330677
195100	125142.71641799594
195200	126583.91630210732
195300	125744.15131568865
195400	125430.17053044886
195500	124380.64540783282
195600	126204.42358695503
195700	125966.86626607341
195800	126281.22079678158
195900	125082.52312670431
196000	126035.34129585636
196100	126925.24989511541
196200	125347.62912993287
196300	126343.48400131658
196400	127134.31984057106
196500	127869.46069957221
196600	127112.73045181476
196700	127115.31227238361
196800	127590.43229291277
196900	127381.49584996006
197000	127694.53775063506
197100	128034.78941091878
197200	128030.43629715848
197300	129351.78034070783
197400	127916.04578131989
197500	130192.2607969346
197600	128398.34043489487
197700	127918.38847194695
197800	128774.92477391547
197900	128433.4713924818
198000	129141.80460315594
198100	128893.32593073812
198200	129531.19827078353
198300	129480.64343817461
198400	128157.55598189532
198500	130382.20500797419
198600	130176.48067733659
198700	130328.87796957149
198800	129699.09832959404
198900	130546.33930297148
199000	130675.8790632334
199100	129894.28175249278
199200	131264.42049946103
199300	130942.0849627981
199400	128546.44882916354
199500	132568.39323093827
199600	132991.8839740067
199700	129822.45641387004
199800	129457.4802470252
199900	130988.63127050301
200000	132577.9364266934
200100	131526.06923774743
200200	133200.86272484585
200300	132067.74594574978
200400	132762.67706125122
200500	134520.98736647173
200600	133332.24861868448
200700	133341.8436771183
200800	133279.09110968493
200900	134038.397361548
201000	133604.66851426635
201100	133487.69113705587
201200	132764.38080601327
201300	133012.05329723243
201400	133970.4037420737
201500	132257.19363621986
201600	133891.86924302534
201700	133351.57216044998
201800	134184.35913916532
201900	134329.01659653554
202000	132670.58945028708
202100	133991.4854949088
202200	135296.28699439464
202300	133185.18248793966
202400	133069.33606559207
202500	134324.8143702026
202600	133961.3147677949
202700	133500.60223421437
202800	134896.91937888705
202900	134229.96394345674
203000	134115.71259622817
203100	135433.76153629457
203200	134761.85022007246
203300	135194.358493957
203400	135563.2270589885
203500	134778.47329836735
203600	135605.8706283486
203700	135670.0153811428
203800	136444.60520408547
203900	137032.57203030595
204000	137451.13730078528
204100	137792.66927654785
204200	137330.3313397641
204300	137515.24209125704
204400	136014.9772999407
204500	136253.61954427496
204600	139291.4191392463
204700	137431.47713533972
204800	136843.51052196044
204900	137167.20808433808
205000	136178.52209688295
205100	137015.46778979135
205200	138019.58385519966
205300	137007.51699499274
205400	137934.87786462574
205500	138431.4895358188
205600	138783.68781318993
205700	137306.96962703328
205800	138503.8944866356
205900	140629.94316711262
206000	140314.87885573483
206100	139163.71545897028
206200	140525.6113377578
206300	140710.21688377095
206400	139853.33760021522
206500	140566.74661894556
206600	138244.21543844993
206700	140381.5141499343
206800	138485.88975203873
206900	139517.62778525683
207000	139917.78851542372
207100	140206.95194959195
207200	141320.45900503057
207300	138462.47280029813
207400	140990.25610874503
207500	140723.9702302095
207600	141762.3919719189
207700	139884.81280495648
207800	141121.83769510832
207900	142319.24140849704
208000	142946.4555240181
208100	142935.26716065
208200	141939.66098380458
208300	143285.70191744165
208400	141374.01963516333
208500	142481.1531719183
208600	143274.5567966269
208700	141364.18825857097
208800	144133.62041770693
