#MCS	ActivatedTCell_Wall_contact_area	Total_cell_Wall_contact_area
0	1.0	1.0
100	58.0	58.0
200	123.0	123.0
300	162.0	162.0
400	176.0	176.0
500	186.0	186.0
600	184.0	184.0
700	194.0	194.0
800	224.0	224.0
900	236.0	236.0
1000	255.0	255.0
1100	278.0	278.0
1200	294.0	294.0
1300	272.0	272.0
1400	281.0	281.0
1500	277.0	277.0
1600	286.0	286.0
1700	311.0	311.0
1800	297.0	297.0
1900	325.0	325.0
2000	330.0	330.0
2100	364.0	364.0
2200	364.0	364.0
2300	382.0	382.0
2400	403.0	403.0
2500	449.0	449.0
2600	401.0	401.0
2700	427.0	427.0
2800	426.0	426.0
2900	433.0	433.0
3000	421.0	421.0
3100	448.0	448.0
3200	441.0	441.0
3300	439.0	439.0
3400	459.0	459.0
3500	458.0	458.0
3600	459.0	459.0
3700	454.0	454.0
3800	471.0	471.0
3900	461.0	461.0
4000	471.0	471.0
4100	452.0	452.0
4200	487.0	487.0
4300	459.0	459.0
4400	470.0	470.0
4500	485.0	485.0
4600	504.0	504.0
4700	485.0	485.0
4800	468.0	468.0
4900	508.0	508.0
5000	505.0	505.0
5100	494.0	494.0
5200	511.0	511.0
5300	491.0	491.0
5400	499.0	499.0
5500	506.0	506.0
5600	516.0	516.0
5700	557.0	557.0
5800	537.0	537.0
5900	556.0	556.0
6000	550.0	550.0
6100	547.0	547.0
6200	553.0	553.0
6300	531.0	531.0
6400	552.0	552.0
6500	560.0	560.0
6600	554.0	554.0
6700	560.0	560.0
6800	576.0	576.0
6900	577.0	577.0
7000	559.0	559.0
7100	569.0	569.0
7200	582.0	582.0
7300	599.0	599.0
7400	580.0	580.0
7500	567.0	567.0
7600	601.0	601.0
7700	593.0	593.0
7800	589.0	589.0
7900	610.0	610.0
8000	587.0	587.0
8100	579.0	579.0
8200	594.0	594.0
8300	584.0	584.0
8400	606.0	606.0
8500	600.0	600.0
8600	597.0	597.0
8700	592.0	592.0
8800	601.0	601.0
8900	596.0	596.0
9000	620.0	620.0
9100	591.0	591.0
9200	611.0	611.0
9300	621.0	621.0
9400	607.0	607.0
9500	650.0	650.0
9600	659.0	659.0
9700	649.0	649.0
9800	697.0	697.0
9900	666.0	666.0
10000	710.0	710.0
10100	696.0	696.0
10200	684.0	684.0
10300	691.0	691.0
10400	691.0	691.0
10500	706.0	706.0
10600	698.0	698.0
10700	682.0	682.0
10800	722.0	722.0
10900	721.0	721.0
11000	693.0	693.0
11100	714.0	714.0
11200	724.0	724.0
11300	709.0	709.0
11400	720.0	720.0
11500	735.0	735.0
11600	722.0	722.0
11700	741.0	741.0
11800	700.0	700.0
11900	751.0	751.0
12000	773.0	773.0
12100	753.0	753.0
12200	769.0	769.0
12300	757.0	757.0
12400	763.0	763.0
12500	775.0	775.0
12600	814.0	814.0
12700	793.0	793.0
12800	785.0	785.0
12900	767.0	767.0
13000	774.0	774.0
13100	793.0	793.0
13200	820.0	820.0
13300	808.0	808.0
13400	803.0	803.0
13500	805.0	805.0
13600	826.0	826.0
13700	813.0	813.0
13800	792.0	792.0
13900	820.0	820.0
14000	815.0	815.0
14100	811.0	811.0
14200	815.0	815.0
14300	805.0	805.0
14400	829.0	829.0
14500	811.0	811.0
14600	840.0	840.0
14700	823.0	823.0
14800	825.0	825.0
14900	845.0	845.0
15000	854.0	854.0
15100	853.0	853.0
15200	836.0	836.0
15300	820.0	820.0
15400	858.0	858.0
15500	830.0	830.0
15600	840.0	840.0
15700	877.0	877.0
15800	849.0	849.0
15900	868.0	868.0
16000	847.0	847.0
16100	862.0	862.0
16200	889.0	889.0
16300	857.0	857.0
16400	887.0	887.0
16500	894.0	894.0
16600	890.0	890.0
16700	933.0	933.0
16800	884.0	884.0
16900	882.0	882.0
17000	890.0	890.0
17100	906.0	906.0
17200	937.0	937.0
17300	937.0	937.0
17400	898.0	898.0
17500	920.0	920.0
17600	919.0	919.0
17700	933.0	933.0
17800	939.0	939.0
17900	913.0	913.0
18000	936.0	936.0
18100	911.0	911.0
18200	945.0	945.0
18300	945.0	945.0
18400	951.0	951.0
18500	922.0	922.0
18600	907.0	907.0
18700	904.0	904.0
18800	908.0	908.0
18900	919.0	919.0
19000	936.0	936.0
19100	940.0	940.0
19200	935.0	935.0
19300	943.0	943.0
19400	955.0	955.0
19500	941.0	941.0
19600	933.0	933.0
19700	932.0	932.0
19800	955.0	955.0
19900	951.0	951.0
20000	961.0	961.0
20100	966.0	966.0
20200	978.0	978.0
20300	953.0	953.0
20400	945.0	945.0
20500	945.0	945.0
20600	976.0	976.0
20700	997.0	997.0
20800	980.0	980.0
20900	962.0	962.0
21000	985.0	985.0
21100	987.0	987.0
21200	973.0	973.0
21300	978.0	978.0
21400	942.0	942.0
21500	1012.0	1012.0
21600	993.0	993.0
21700	1019.0	1019.0
21800	1022.0	1022.0
21900	1007.0	1007.0
22000	986.0	986.0
22100	1031.0	1031.0
22200	1061.0	1061.0
22300	1044.0	1044.0
22400	1018.0	1018.0
22500	1025.0	1025.0
22600	1031.0	1031.0
22700	1061.0	1061.0
22800	1073.0	1073.0
22900	1059.0	1059.0
23000	1041.0	1041.0
23100	1036.0	1036.0
23200	1039.0	1039.0
23300	1063.0	1063.0
23400	1026.0	1026.0
23500	1038.0	1038.0
23600	1056.0	1056.0
23700	1042.0	1042.0
23800	1005.0	1005.0
23900	1021.0	1021.0
24000	1043.0	1043.0
24100	1050.0	1050.0
24200	1037.0	1037.0
24300	1055.0	1055.0
24400	1080.0	1080.0
24500	1052.0	1052.0
24600	1083.0	1083.0
24700	1086.0	1086.0
24800	1092.0	1092.0
24900	1079.0	1079.0
25000	1081.0	1081.0
25100	1080.0	1080.0
25200	1082.0	1082.0
25300	1063.0	1063.0
25400	1101.0	1101.0
25500	1073.0	1073.0
25600	1073.0	1073.0
25700	1091.0	1091.0
25800	1084.0	1084.0
25900	1099.0	1099.0
26000	1089.0	1089.0
26100	1105.0	1105.0
26200	1098.0	1098.0
26300	1106.0	1106.0
26400	1058.0	1058.0
26500	1073.0	1073.0
26600	1069.0	1069.0
26700	1087.0	1087.0
26800	1080.0	1080.0
26900	1116.0	1116.0
27000	1148.0	1148.0
27100	1122.0	1122.0
27200	1112.0	1112.0
27300	1128.0	1128.0
27400	1140.0	1140.0
27500	1145.0	1145.0
27600	1147.0	1147.0
27700	1143.0	1143.0
27800	1150.0	1150.0
27900	1140.0	1140.0
28000	1134.0	1134.0
28100	1143.0	1143.0
28200	1150.0	1150.0
28300	1156.0	1156.0
28400	1177.0	1177.0
28500	1167.0	1167.0
28600	1184.0	1184.0
28700	1196.0	1196.0
28800	1169.0	1169.0
28900	1172.0	1172.0
29000	1159.0	1159.0
29100	1152.0	1152.0
29200	1183.0	1183.0
29300	1172.0	1172.0
29400	1192.0	1192.0
29500	1185.0	1185.0
29600	1205.0	1205.0
29700	1181.0	1181.0
29800	1213.0	1213.0
29900	1216.0	1216.0
30000	1229.0	1229.0
30100	1209.0	1209.0
30200	1255.0	1255.0
30300	1229.0	1229.0
30400	1208.0	1208.0
30500	1222.0	1222.0
30600	1252.0	1252.0
30700	1222.0	1222.0
30800	1203.0	1203.0
30900	1226.0	1226.0
31000	1223.0	1223.0
31100	1212.0	1212.0
31200	1229.0	1229.0
31300	1251.0	1251.0
31400	1288.0	1288.0
31500	1244.0	1244.0
31600	1279.0	1279.0
31700	1234.0	1234.0
31800	1282.0	1282.0
31900	1273.0	1273.0
32000	1264.0	1264.0
32100	1268.0	1268.0
32200	1272.0	1272.0
32300	1270.0	1270.0
32400	1258.0	1258.0
32500	1283.0	1283.0
32600	1283.0	1283.0
32700	1265.0	1265.0
32800	1266.0	1266.0
32900	1282.0	1282.0
33000	1270.0	1270.0
33100	1273.0	1273.0
33200	1245.0	1245.0
33300	1267.0	1267.0
33400	1296.0	1296.0
33500	1278.0	1278.0
33600	1263.0	1263.0
33700	1251.0	1251.0
33800	1266.0	1266.0
33900	1276.0	1276.0
34000	1272.0	1272.0
34100	1265.0	1265.0
34200	1278.0	1278.0
34300	1265.0	1265.0
34400	1259.0	1259.0
34500	1278.0	1278.0
34600	1296.0	1296.0
34700	1296.0	1296.0
34800	1293.0	1293.0
34900	1290.0	1290.0
35000	1312.0	1312.0
35100	1310.0	1310.0
35200	1291.0	1291.0
35300	1297.0	1297.0
35400	1304.0	1304.0
35500	1308.0	1308.0
35600	1296.0	1296.0
35700	1292.0	1292.0
35800	1300.0	1300.0
35900	1294.0	1294.0
36000	1280.0	1280.0
36100	1309.0	1309.0
36200	1297.0	1297.0
36300	1297.0	1297.0
36400	1291.0	1291.0
36500	1301.0	1301.0
36600	1294.0	1294.0
36700	1277.0	1277.0
36800	1268.0	1268.0
36900	1274.0	1274.0
37000	1286.0	1286.0
37100	1299.0	1299.0
37200	1304.0	1304.0
37300	1307.0	1307.0
37400	1306.0	1306.0
37500	1301.0	1301.0
37600	1324.0	1324.0
37700	1307.0	1307.0
37800	1317.0	1317.0
37900	1323.0	1323.0
38000	1324.0	1324.0
38100	1329.0	1329.0
38200	1318.0	1318.0
38300	1327.0	1327.0
38400	1337.0	1337.0
38500	1344.0	1344.0
38600	1335.0	1335.0
38700	1342.0	1342.0
38800	1345.0	1345.0
38900	1356.0	1356.0
39000	1350.0	1350.0
39100	1328.0	1328.0
39200	1341.0	1341.0
39300	1345.0	1345.0
39400	1369.0	1369.0
39500	1347.0	1347.0
39600	1358.0	1358.0
39700	1362.0	1362.0
39800	1361.0	1361.0
39900	1357.0	1357.0
40000	1361.0	1361.0
40100	1367.0	1367.0
40200	1378.0	1378.0
40300	1363.0	1363.0
40400	1362.0	1362.0
40500	1373.0	1373.0
40600	1367.0	1367.0
40700	1361.0	1361.0
40800	1375.0	1375.0
40900	1372.0	1372.0
41000	1382.0	1382.0
41100	1383.0	1383.0
41200	1382.0	1382.0
41300	1378.0	1378.0
41400	1376.0	1376.0
41500	1403.0	1403.0
41600	1408.0	1408.0
41700	1408.0	1408.0
41800	1425.0	1425.0
41900	1417.0	1417.0
42000	1403.0	1403.0
42100	1396.0	1396.0
42200	1432.0	1432.0
42300	1432.0	1432.0
42400	1418.0	1418.0
42500	1449.0	1449.0
42600	1456.0	1456.0
42700	1454.0	1454.0
42800	1447.0	1447.0
42900	1436.0	1436.0
43000	1433.0	1433.0
43100	1408.0	1408.0
43200	1436.0	1436.0
43300	1421.0	1421.0
43400	1424.0	1424.0
43500	1425.0	1425.0
43600	1445.0	1445.0
43700	1443.0	1443.0
43800	1451.0	1451.0
43900	1453.0	1453.0
44000	1453.0	1453.0
44100	1459.0	1459.0
44200	1474.0	1474.0
44300	1458.0	1458.0
44400	1470.0	1470.0
44500	1441.0	1441.0
44600	1457.0	1457.0
44700	1451.0	1451.0
44800	1469.0	1469.0
44900	1463.0	1463.0
45000	1457.0	1457.0
45100	1470.0	1470.0
45200	1467.0	1467.0
45300	1482.0	1482.0
45400	1459.0	1459.0
45500	1461.0	1461.0
45600	1471.0	1471.0
45700	1456.0	1456.0
45800	1485.0	1485.0
45900	1479.0	1479.0
46000	1460.0	1460.0
46100	1449.0	1449.0
46200	1470.0	1470.0
46300	1467.0	1467.0
46400	1455.0	1455.0
46500	1460.0	1460.0
46600	1491.0	1491.0
46700	1453.0	1453.0
46800	1447.0	1447.0
46900	1457.0	1457.0
47000	1463.0	1463.0
47100	1468.0	1468.0
47200	1472.0	1472.0
47300	1465.0	1465.0
47400	1469.0	1469.0
47500	1472.0	1472.0
47600	1463.0	1463.0
47700	1473.0	1473.0
47800	1478.0	1478.0
47900	1470.0	1470.0
48000	1466.0	1466.0
48100	1455.0	1455.0
48200	1478.0	1478.0
48300	1491.0	1491.0
48400	1478.0	1478.0
48500	1461.0	1461.0
48600	1481.0	1481.0
48700	1487.0	1487.0
48800	1479.0	1479.0
48900	1482.0	1482.0
49000	1478.0	1478.0
49100	1468.0	1468.0
49200	1472.0	1472.0
49300	1500.0	1500.0
49400	1493.0	1493.0
49500	1475.0	1475.0
49600	1482.0	1482.0
49700	1492.0	1492.0
49800	1485.0	1485.0
49900	1486.0	1486.0
50000	1460.0	1460.0
50100	1481.0	1481.0
50200	1469.0	1469.0
50300	1505.0	1505.0
50400	1493.0	1493.0
50500	1484.0	1484.0
50600	1500.0	1500.0
50700	1480.0	1480.0
50800	1494.0	1494.0
50900	1526.0	1526.0
51000	1504.0	1504.0
51100	1517.0	1517.0
51200	1505.0	1505.0
51300	1511.0	1511.0
51400	1510.0	1510.0
51500	1513.0	1513.0
51600	1529.0	1529.0
51700	1514.0	1514.0
51800	1523.0	1523.0
51900	1505.0	1505.0
52000	1514.0	1514.0
52100	1526.0	1526.0
52200	1523.0	1523.0
52300	1523.0	1523.0
52400	1529.0	1529.0
52500	1526.0	1526.0
52600	1540.0	1540.0
52700	1537.0	1537.0
52800	1546.0	1546.0
52900	1530.0	1530.0
53000	1530.0	1530.0
53100	1542.0	1542.0
53200	1558.0	1558.0
53300	1554.0	1554.0
53400	1565.0	1565.0
53500	1573.0	1573.0
53600	1570.0	1570.0
53700	1589.0	1589.0
53800	1597.0	1597.0
53900	1592.0	1592.0
54000	1597.0	1597.0
54100	1596.0	1596.0
54200	1593.0	1593.0
54300	1597.0	1597.0
54400	1619.0	1619.0
54500	1611.0	1611.0
54600	1608.0	1608.0
54700	1641.0	1641.0
54800	1608.0	1608.0
54900	1614.0	1614.0
55000	1612.0	1612.0
55100	1633.0	1633.0
55200	1617.0	1617.0
55300	1630.0	1630.0
55400	1631.0	1631.0
55500	1631.0	1631.0
55600	1630.0	1630.0
55700	1617.0	1617.0
55800	1639.0	1639.0
55900	1621.0	1621.0
56000	1635.0	1635.0
56100	1620.0	1620.0
56200	1623.0	1623.0
56300	1614.0	1614.0
56400	1656.0	1656.0
56500	1677.0	1677.0
56600	1654.0	1654.0
56700	1677.0	1677.0
56800	1676.0	1676.0
56900	1669.0	1669.0
57000	1674.0	1674.0
57100	1680.0	1680.0
57200	1661.0	1661.0
57300	1694.0	1694.0
57400	1672.0	1672.0
57500	1633.0	1633.0
57600	1666.0	1666.0
57700	1672.0	1672.0
57800	1668.0	1668.0
57900	1663.0	1663.0
58000	1677.0	1677.0
58100	1664.0	1664.0
58200	1663.0	1663.0
58300	1686.0	1686.0
58400	1687.0	1687.0
58500	1694.0	1694.0
58600	1686.0	1686.0
58700	1678.0	1678.0
58800	1679.0	1679.0
58900	1678.0	1678.0
59000	1654.0	1654.0
59100	1683.0	1683.0
59200	1681.0	1681.0
59300	1657.0	1657.0
59400	1670.0	1670.0
59500	1685.0	1685.0
59600	1715.0	1715.0
59700	1707.0	1707.0
59800	1688.0	1688.0
59900	1675.0	1675.0
60000	1671.0	1671.0
60100	1688.0	1688.0
60200	1706.0	1706.0
60300	1706.0	1706.0
60400	1694.0	1694.0
60500	1710.0	1710.0
60600	1727.0	1727.0
60700	1674.0	1674.0
60800	1711.0	1711.0
60900	1718.0	1718.0
61000	1716.0	1716.0
61100	1689.0	1689.0
61200	1695.0	1695.0
61300	1726.0	1726.0
61400	1711.0	1711.0
61500	1725.0	1725.0
61600	1729.0	1729.0
61700	1746.0	1746.0
61800	1750.0	1750.0
61900	1732.0	1732.0
62000	1733.0	1733.0
62100	1728.0	1728.0
62200	1744.0	1744.0
62300	1731.0	1731.0
62400	1746.0	1746.0
62500	1733.0	1733.0
62600	1733.0	1733.0
62700	1738.0	1738.0
62800	1728.0	1728.0
62900	1753.0	1753.0
63000	1743.0	1743.0
63100	1738.0	1738.0
63200	1740.0	1740.0
63300	1757.0	1757.0
63400	1767.0	1767.0
63500	1752.0	1752.0
63600	1749.0	1749.0
63700	1750.0	1750.0
63800	1762.0	1762.0
63900	1763.0	1763.0
64000	1774.0	1774.0
64100	1772.0	1772.0
64200	1763.0	1763.0
64300	1749.0	1749.0
64400	1775.0	1775.0
64500	1771.0	1771.0
64600	1760.0	1760.0
64700	1778.0	1778.0
64800	1783.0	1783.0
64900	1797.0	1797.0
65000	1754.0	1754.0
65100	1767.0	1767.0
65200	1785.0	1785.0
65300	1789.0	1789.0
65400	1804.0	1804.0
65500	1806.0	1806.0
65600	1806.0	1806.0
65700	1796.0	1796.0
65800	1804.0	1804.0
65900	1809.0	1809.0
66000	1832.0	1832.0
66100	1799.0	1799.0
66200	1800.0	1800.0
66300	1813.0	1813.0
66400	1801.0	1801.0
66500	1784.0	1784.0
66600	1800.0	1800.0
66700	1815.0	1815.0
66800	1789.0	1789.0
66900	1779.0	1779.0
67000	1805.0	1805.0
67100	1822.0	1822.0
67200	1828.0	1828.0
67300	1844.0	1844.0
67400	1858.0	1858.0
67500	1832.0	1832.0
67600	1855.0	1855.0
67700	1810.0	1810.0
67800	1825.0	1825.0
67900	1848.0	1848.0
68000	1859.0	1859.0
68100	1848.0	1848.0
68200	1876.0	1876.0
68300	1848.0	1848.0
68400	1862.0	1862.0
68500	1852.0	1852.0
68600	1858.0	1858.0
68700	1865.0	1865.0
68800	1905.0	1905.0
68900	1897.0	1897.0
69000	1874.0	1874.0
69100	1880.0	1880.0
69200	1874.0	1874.0
69300	1869.0	1869.0
69400	1896.0	1896.0
69500	1890.0	1890.0
69600	1874.0	1874.0
69700	1891.0	1891.0
69800	1876.0	1876.0
69900	1871.0	1871.0
70000	1890.0	1890.0
70100	1882.0	1882.0
70200	1893.0	1893.0
70300	1894.0	1894.0
70400	1923.0	1923.0
70500	1892.0	1892.0
70600	1892.0	1892.0
70700	1906.0	1906.0
70800	1908.0	1908.0
70900	1928.0	1928.0
71000	1932.0	1932.0
71100	1922.0	1922.0
71200	1913.0	1913.0
71300	1933.0	1933.0
71400	1922.0	1922.0
71500	1909.0	1909.0
71600	1927.0	1927.0
71700	1933.0	1933.0
71800	1905.0	1905.0
71900	1926.0	1926.0
72000	1906.0	1906.0
72100	1891.0	1891.0
72200	1874.0	1874.0
72300	1908.0	1908.0
72400	1912.0	1912.0
72500	1940.0	1940.0
72600	1937.0	1937.0
72700	1950.0	1950.0
72800	1938.0	1938.0
72900	1917.0	1917.0
73000	1943.0	1943.0
73100	1973.0	1973.0
73200	1962.0	1962.0
73300	1985.0	1985.0
73400	1977.0	1977.0
73500	1963.0	1963.0
73600	1967.0	1967.0
73700	1969.0	1969.0
73800	1985.0	1985.0
73900	1962.0	1962.0
74000	2000.0	2000.0
74100	1973.0	1973.0
74200	1978.0	1978.0
74300	1988.0	1988.0
74400	1985.0	1985.0
74500	1983.0	1983.0
74600	2002.0	2002.0
74700	1989.0	1989.0
74800	1975.0	1975.0
74900	1962.0	1962.0
75000	1993.0	1993.0
75100	1987.0	1987.0
75200	2006.0	2006.0
75300	1999.0	1999.0
75400	1982.0	1982.0
75500	2002.0	2002.0
75600	1990.0	1990.0
75700	2020.0	2020.0
75800	2005.0	2005.0
75900	2007.0	2007.0
76000	2047.0	2047.0
76100	2010.0	2010.0
76200	2033.0	2033.0
76300	2028.0	2028.0
76400	2055.0	2055.0
76500	2055.0	2055.0
76600	2042.0	2042.0
76700	2073.0	2073.0
76800	2047.0	2047.0
76900	2057.0	2057.0
77000	2074.0	2074.0
77100	2085.0	2085.0
77200	2076.0	2076.0
77300	2055.0	2055.0
77400	2046.0	2046.0
77500	2048.0	2048.0
77600	2065.0	2065.0
77700	2089.0	2089.0
77800	2061.0	2061.0
77900	2083.0	2083.0
78000	2081.0	2081.0
78100	2098.0	2098.0
78200	2078.0	2078.0
78300	2070.0	2070.0
78400	2064.0	2064.0
78500	2089.0	2089.0
78600	2064.0	2064.0
78700	2096.0	2096.0
78800	2080.0	2080.0
78900	2085.0	2085.0
79000	2065.0	2065.0
79100	2087.0	2087.0
79200	2123.0	2123.0
79300	2102.0	2102.0
79400	2075.0	2075.0
79500	2101.0	2101.0
79600	2083.0	2083.0
79700	2109.0	2109.0
79800	2118.0	2118.0
79900	2111.0	2111.0
80000	2129.0	2129.0
80100	2121.0	2121.0
80200	2117.0	2117.0
80300	2114.0	2114.0
80400	2104.0	2104.0
80500	2123.0	2123.0
80600	2095.0	2095.0
80700	2103.0	2103.0
80800	2119.0	2119.0
80900	2131.0	2131.0
81000	2131.0	2131.0
81100	2144.0	2144.0
81200	2116.0	2116.0
81300	2128.0	2128.0
81400	2116.0	2116.0
81500	2124.0	2124.0
81600	2130.0	2130.0
81700	2132.0	2132.0
81800	2138.0	2138.0
81900	2147.0	2147.0
82000	2112.0	2112.0
82100	2155.0	2155.0
82200	2162.0	2162.0
82300	2160.0	2160.0
82400	2161.0	2161.0
82500	2138.0	2138.0
82600	2150.0	2150.0
82700	2161.0	2161.0
82800	2153.0	2153.0
82900	2146.0	2146.0
83000	2160.0	2160.0
83100	2170.0	2170.0
83200	2141.0	2141.0
83300	2153.0	2153.0
83400	2142.0	2142.0
83500	2148.0	2148.0
83600	2150.0	2150.0
83700	2192.0	2192.0
83800	2196.0	2196.0
83900	2179.0	2179.0
84000	2174.0	2174.0
84100	2178.0	2178.0
84200	2201.0	2201.0
84300	2189.0	2189.0
84400	2180.0	2180.0
84500	2184.0	2184.0
84600	2204.0	2204.0
84700	2179.0	2179.0
84800	2188.0	2188.0
84900	2198.0	2198.0
85000	2216.0	2216.0
85100	2212.0	2212.0
85200	2208.0	2208.0
85300	2208.0	2208.0
85400	2183.0	2183.0
85500	2226.0	2226.0
85600	2222.0	2222.0
85700	2232.0	2232.0
85800	2236.0	2236.0
85900	2206.0	2206.0
86000	2241.0	2241.0
86100	2230.0	2230.0
86200	2223.0	2223.0
86300	2220.0	2220.0
86400	2232.0	2232.0
86500	2209.0	2209.0
86600	2203.0	2203.0
86700	2217.0	2217.0
86800	2224.0	2224.0
86900	2207.0	2207.0
87000	2203.0	2203.0
87100	2224.0	2224.0
87200	2234.0	2234.0
87300	2232.0	2232.0
87400	2210.0	2210.0
87500	2233.0	2233.0
87600	2218.0	2218.0
87700	2198.0	2198.0
87800	2223.0	2223.0
87900	2252.0	2252.0
88000	2236.0	2236.0
88100	2241.0	2241.0
88200	2250.0	2250.0
88300	2241.0	2241.0
88400	2248.0	2248.0
88500	2251.0	2251.0
88600	2260.0	2260.0
88700	2263.0	2263.0
88800	2246.0	2246.0
88900	2241.0	2241.0
89000	2225.0	2225.0
89100	2241.0	2241.0
89200	2271.0	2271.0
89300	2264.0	2264.0
89400	2298.0	2298.0
89500	2289.0	2289.0
89600	2266.0	2266.0
89700	2298.0	2298.0
89800	2287.0	2287.0
89900	2295.0	2295.0
90000	2282.0	2282.0
90100	2271.0	2271.0
90200	2289.0	2289.0
90300	2269.0	2269.0
90400	2246.0	2246.0
90500	2259.0	2259.0
90600	2302.0	2302.0
90700	2294.0	2294.0
90800	2290.0	2290.0
90900	2287.0	2287.0
91000	2308.0	2308.0
91100	2275.0	2275.0
91200	2303.0	2303.0
91300	2316.0	2316.0
91400	2308.0	2308.0
91500	2302.0	2302.0
91600	2298.0	2298.0
91700	2314.0	2314.0
91800	2327.0	2327.0
91900	2338.0	2338.0
92000	2326.0	2326.0
92100	2346.0	2346.0
92200	2327.0	2327.0
92300	2303.0	2303.0
92400	2312.0	2312.0
92500	2326.0	2326.0
92600	2350.0	2350.0
92700	2331.0	2331.0
92800	2341.0	2341.0
92900	2322.0	2322.0
93000	2369.0	2369.0
93100	2335.0	2335.0
93200	2330.0	2330.0
93300	2350.0	2350.0
93400	2346.0	2346.0
93500	2393.0	2393.0
93600	2349.0	2349.0
93700	2366.0	2366.0
93800	2362.0	2362.0
93900	2363.0	2363.0
94000	2359.0	2359.0
94100	2390.0	2390.0
94200	2386.0	2386.0
94300	2372.0	2372.0
94400	2343.0	2343.0
94500	2379.0	2379.0
94600	2341.0	2341.0
94700	2348.0	2348.0
94800	2360.0	2360.0
94900	2358.0	2358.0
95000	2373.0	2373.0
95100	2377.0	2377.0
95200	2378.0	2378.0
95300	2381.0	2381.0
95400	2365.0	2365.0
95500	2388.0	2388.0
95600	2380.0	2380.0
95700	2405.0	2405.0
95800	2397.0	2397.0
95900	2404.0	2404.0
96000	2402.0	2402.0
96100	2386.0	2386.0
96200	2397.0	2397.0
96300	2395.0	2395.0
96400	2387.0	2387.0
96500	2402.0	2402.0
96600	2393.0	2393.0
96700	2419.0	2419.0
96800	2423.0	2423.0
96900	2437.0	2437.0
97000	2444.0	2444.0
97100	2455.0	2455.0
97200	2461.0	2461.0
97300	2453.0	2453.0
97400	2444.0	2444.0
97500	2445.0	2445.0
97600	2470.0	2470.0
97700	2441.0	2441.0
97800	2479.0	2479.0
97900	2450.0	2450.0
98000	2448.0	2448.0
98100	2454.0	2454.0
98200	2457.0	2457.0
98300	2447.0	2447.0
98400	2474.0	2474.0
98500	2445.0	2445.0
98600	2467.0	2467.0
98700	2470.0	2470.0
98800	2486.0	2486.0
98900	2496.0	2496.0
99000	2451.0	2451.0
99100	2481.0	2481.0
99200	2469.0	2469.0
99300	2466.0	2466.0
99400	2449.0	2449.0
99500	2444.0	2444.0
99600	2450.0	2450.0
99700	2433.0	2433.0
99800	2431.0	2431.0
99900	2452.0	2452.0
100000	2441.0	2441.0
100100	2470.0	2470.0
100200	2470.0	2470.0
100300	2450.0	2450.0
100400	2476.0	2476.0
100500	2497.0	2497.0
100600	2484.0	2484.0
100700	2481.0	2481.0
100800	2486.0	2486.0
100900	2505.0	2505.0
101000	2516.0	2516.0
101100	2499.0	2499.0
101200	2503.0	2503.0
101300	2532.0	2532.0
101400	2521.0	2521.0
101500	2536.0	2536.0
101600	2540.0	2540.0
101700	2543.0	2543.0
101800	2542.0	2542.0
101900	2564.0	2564.0
102000	2535.0	2535.0
102100	2554.0	2554.0
102200	2543.0	2543.0
102300	2563.0	2563.0
102400	2584.0	2584.0
102500	2565.0	2565.0
102600	2541.0	2541.0
102700	2537.0	2537.0
102800	2553.0	2553.0
102900	2562.0	2562.0
103000	2584.0	2584.0
103100	2560.0	2560.0
103200	2578.0	2578.0
103300	2549.0	2549.0
103400	2565.0	2565.0
103500	2568.0	2568.0
103600	2590.0	2590.0
103700	2597.0	2597.0
103800	2562.0	2562.0
103900	2605.0	2605.0
104000	2607.0	2607.0
104100	2594.0	2594.0
104200	2603.0	2603.0
104300	2649.0	2649.0
104400	2649.0	2649.0
104500	2617.0	2617.0
104600	2605.0	2605.0
104700	2613.0	2613.0
104800	2660.0	2660.0
104900	2637.0	2637.0
105000	2625.0	2625.0
105100	2651.0	2651.0
105200	2674.0	2674.0
105300	2667.0	2667.0
105400	2634.0	2634.0
105500	2649.0	2649.0
105600	2685.0	2685.0
105700	2645.0	2645.0
105800	2666.0	2666.0
105900	2649.0	2649.0
106000	2672.0	2672.0
106100	2650.0	2650.0
106200	2637.0	2637.0
106300	2669.0	2669.0
106400	2644.0	2644.0
106500	2635.0	2635.0
106600	2690.0	2690.0
106700	2681.0	2681.0
106800	2663.0	2663.0
106900	2651.0	2651.0
107000	2664.0	2664.0
107100	2650.0	2650.0
107200	2662.0	2662.0
107300	2684.0	2684.0
107400	2686.0	2686.0
107500	2673.0	2673.0
107600	2689.0	2689.0
107700	2687.0	2687.0
107800	2684.0	2684.0
107900	2695.0	2695.0
108000	2667.0	2667.0
108100	2713.0	2713.0
108200	2704.0	2704.0
108300	2695.0	2695.0
108400	2693.0	2693.0
108500	2703.0	2703.0
108600	2730.0	2730.0
108700	2707.0	2707.0
108800	2692.0	2692.0
108900	2682.0	2682.0
109000	2720.0	2720.0
109100	2685.0	2685.0
109200	2704.0	2704.0
109300	2730.0	2730.0
109400	2717.0	2717.0
109500	2678.0	2678.0
109600	2718.0	2718.0
109700	2702.0	2702.0
109800	2723.0	2723.0
109900	2738.0	2738.0
110000	2726.0	2726.0
110100	2745.0	2745.0
110200	2755.0	2755.0
110300	2759.0	2759.0
110400	2735.0	2735.0
110500	2758.0	2758.0
110600	2755.0	2755.0
110700	2774.0	2774.0
110800	2744.0	2744.0
110900	2763.0	2763.0
111000	2756.0	2756.0
111100	2766.0	2766.0
111200	2746.0	2746.0
111300	2768.0	2768.0
111400	2764.0	2764.0
111500	2767.0	2767.0
111600	2759.0	2759.0
111700	2773.0	2773.0
111800	2759.0	2759.0
111900	2770.0	2770.0
112000	2771.0	2771.0
112100	2800.0	2800.0
112200	2803.0	2803.0
112300	2819.0	2819.0
112400	2819.0	2819.0
112500	2819.0	2819.0
112600	2809.0	2809.0
112700	2788.0	2788.0
112800	2808.0	2808.0
112900	2790.0	2790.0
113000	2801.0	2801.0
113100	2792.0	2792.0
113200	2786.0	2786.0
113300	2820.0	2820.0
113400	2814.0	2814.0
113500	2819.0	2819.0
113600	2848.0	2848.0
113700	2817.0	2817.0
113800	2812.0	2812.0
113900	2822.0	2822.0
114000	2818.0	2818.0
114100	2834.0	2834.0
114200	2808.0	2808.0
114300	2815.0	2815.0
114400	2848.0	2848.0
114500	2863.0	2863.0
114600	2874.0	2874.0
114700	2863.0	2863.0
114800	2858.0	2858.0
114900	2870.0	2870.0
115000	2845.0	2845.0
115100	2872.0	2872.0
115200	2880.0	2880.0
115300	2879.0	2879.0
115400	2869.0	2869.0
115500	2860.0	2860.0
115600	2895.0	2895.0
115700	2886.0	2886.0
115800	2875.0	2875.0
115900	2895.0	2895.0
116000	2892.0	2892.0
116100	2901.0	2901.0
116200	2906.0	2906.0
116300	2907.0	2907.0
116400	2884.0	2884.0
116500	2912.0	2912.0
116600	2907.0	2907.0
116700	2906.0	2906.0
116800	2899.0	2899.0
116900	2904.0	2904.0
117000	2911.0	2911.0
117100	2915.0	2915.0
117200	2920.0	2920.0
117300	2916.0	2916.0
117400	2884.0	2884.0
117500	2856.0	2856.0
117600	2903.0	2903.0
117700	2859.0	2859.0
117800	2892.0	2892.0
117900	2888.0	2888.0
118000	2897.0	2897.0
118100	2899.0	2899.0
118200	2879.0	2879.0
118300	2922.0	2922.0
118400	2903.0	2903.0
118500	2867.0	2867.0
118600	2878.0	2878.0
118700	2887.0	2887.0
118800	2917.0	2917.0
118900	2910.0	2910.0
119000	2919.0	2919.0
119100	2923.0	2923.0
119200	2971.0	2971.0
119300	2955.0	2955.0
119400	2933.0	2933.0
119500	2934.0	2934.0
119600	2939.0	2939.0
119700	2947.0	2947.0
119800	2939.0	2939.0
119900	2955.0	2955.0
120000	2976.0	2976.0
120100	2977.0	2977.0
120200	2969.0	2969.0
120300	2995.0	2995.0
120400	3018.0	3018.0
120500	3009.0	3009.0
120600	3022.0	3022.0
120700	2993.0	2993.0
120800	3011.0	3011.0
120900	3037.0	3037.0
121000	3017.0	3017.0
121100	2998.0	2998.0
121200	2993.0	2993.0
121300	3008.0	3008.0
121400	2994.0	2994.0
121500	2988.0	2988.0
121600	3023.0	3023.0
121700	3004.0	3004.0
121800	3008.0	3008.0
121900	3045.0	3045.0
122000	2991.0	2991.0
122100	3017.0	3017.0
122200	3015.0	3015.0
122300	3003.0	3003.0
122400	3030.0	3030.0
122500	3031.0	3031.0
122600	3042.0	3042.0
122700	3027.0	3027.0
122800	3056.0	3056.0
122900	3075.0	3075.0
123000	3045.0	3045.0
123100	3020.0	3020.0
123200	3029.0	3029.0
123300	3031.0	3031.0
123400	3046.0	3046.0
123500	3035.0	3035.0
123600	3051.0	3051.0
123700	3040.0	3040.0
123800	3043.0	3043.0
123900	3047.0	3047.0
124000	3084.0	3084.0
124100	3094.0	3094.0
124200	3048.0	3048.0
124300	3069.0	3069.0
124400	3100.0	3100.0
124500	3054.0	3054.0
124600	3094.0	3094.0
124700	3080.0	3080.0
124800	3104.0	3104.0
124900	3113.0	3113.0
125000	3062.0	3062.0
125100	3086.0	3086.0
125200	3127.0	3127.0
125300	3109.0	3109.0
125400	3109.0	3109.0
125500	3120.0	3120.0
125600	3127.0	3127.0
125700	3089.0	3089.0
125800	3111.0	3111.0
125900	3111.0	3111.0
126000	3124.0	3124.0
126100	3120.0	3120.0
126200	3119.0	3119.0
126300	3110.0	3110.0
126400	3110.0	3110.0
126500	3122.0	3122.0
126600	3104.0	3104.0
126700	3138.0	3138.0
126800	3166.0	3166.0
126900	3163.0	3163.0
127000	3138.0	3138.0
127100	3161.0	3161.0
127200	3143.0	3143.0
127300	3110.0	3110.0
127400	3129.0	3129.0
127500	3117.0	3117.0
127600	3144.0	3144.0
127700	3126.0	3126.0
127800	3136.0	3136.0
127900	3143.0	3143.0
128000	3143.0	3143.0
128100	3168.0	3168.0
128200	3143.0	3143.0
128300	3156.0	3156.0
128400	3138.0	3138.0
128500	3158.0	3158.0
128600	3155.0	3155.0
128700	3181.0	3181.0
128800	3169.0	3169.0
128900	3156.0	3156.0
129000	3159.0	3159.0
129100	3150.0	3150.0
129200	3117.0	3117.0
129300	3183.0	3183.0
129400	3154.0	3154.0
129500	3163.0	3163.0
129600	3169.0	3169.0
129700	3148.0	3148.0
129800	3163.0	3163.0
129900	3189.0	3189.0
130000	3188.0	3188.0
130100	3165.0	3165.0
130200	3169.0	3169.0
130300	3203.0	3203.0
130400	3180.0	3180.0
130500	3207.0	3207.0
130600	3222.0	3222.0
130700	3247.0	3247.0
130800	3269.0	3269.0
130900	3239.0	3239.0
131000	3238.0	3238.0
131100	3245.0	3245.0
131200	3223.0	3223.0
131300	3216.0	3216.0
131400	3228.0	3228.0
131500	3214.0	3214.0
131600	3214.0	3214.0
131700	3245.0	3245.0
131800	3231.0	3231.0
131900	3239.0	3239.0
132000	3256.0	3256.0
132100	3236.0	3236.0
132200	3226.0	3226.0
132300	3242.0	3242.0
132400	3253.0	3253.0
132500	3242.0	3242.0
132600	3241.0	3241.0
132700	3229.0	3229.0
132800	3249.0	3249.0
132900	3258.0	3258.0
133000	3253.0	3253.0
133100	3241.0	3241.0
133200	3256.0	3256.0
133300	3278.0	3278.0
133400	3252.0	3252.0
133500	3278.0	3278.0
133600	3300.0	3300.0
133700	3274.0	3274.0
133800	3277.0	3277.0
133900	3267.0	3267.0
134000	3276.0	3276.0
134100	3264.0	3264.0
134200	3285.0	3285.0
134300	3283.0	3283.0
134400	3273.0	3273.0
134500	3286.0	3286.0
134600	3286.0	3286.0
134700	3279.0	3279.0
134800	3283.0	3283.0
134900	3266.0	3266.0
135000	3279.0	3279.0
135100	3298.0	3298.0
135200	3320.0	3320.0
135300	3283.0	3283.0
135400	3296.0	3296.0
135500	3284.0	3284.0
135600	3292.0	3292.0
135700	3332.0	3332.0
135800	3352.0	3352.0
135900	3329.0	3329.0
136000	3339.0	3339.0
136100	3320.0	3320.0
136200	3358.0	3358.0
136300	3332.0	3332.0
136400	3356.0	3356.0
136500	3372.0	3372.0
136600	3372.0	3372.0
136700	3368.0	3368.0
136800	3397.0	3397.0
136900	3420.0	3420.0
137000	3405.0	3405.0
137100	3387.0	3387.0
137200	3410.0	3410.0
137300	3423.0	3423.0
137400	3418.0	3418.0
137500	3403.0	3403.0
137600	3423.0	3423.0
137700	3414.0	3414.0
137800	3419.0	3419.0
137900	3462.0	3462.0
138000	3447.0	3447.0
138100	3445.0	3445.0
138200	3438.0	3438.0
138300	3418.0	3418.0
138400	3394.0	3394.0
138500	3430.0	3430.0
138600	3435.0	3435.0
138700	3449.0	3449.0
138800	3471.0	3471.0
138900	3468.0	3468.0
139000	3454.0	3454.0
139100	3441.0	3441.0
139200	3475.0	3475.0
139300	3456.0	3456.0
139400	3497.0	3497.0
139500	3470.0	3470.0
139600	3502.0	3502.0
139700	3497.0	3497.0
139800	3513.0	3513.0
139900	3485.0	3485.0
140000	3517.0	3517.0
140100	3454.0	3454.0
140200	3474.0	3474.0
140300	3460.0	3460.0
140400	3511.0	3511.0
140500	3497.0	3497.0
140600	3501.0	3501.0
140700	3485.0	3485.0
140800	3495.0	3495.0
140900	3500.0	3500.0
141000	3530.0	3530.0
141100	3508.0	3508.0
141200	3544.0	3544.0
141300	3540.0	3540.0
141400	3568.0	3568.0
141500	3537.0	3537.0
141600	3546.0	3546.0
141700	3555.0	3555.0
141800	3545.0	3545.0
141900	3558.0	3558.0
142000	3578.0	3578.0
142100	3567.0	3567.0
142200	3580.0	3580.0
142300	3584.0	3584.0
142400	3609.0	3609.0
142500	3590.0	3590.0
142600	3596.0	3596.0
142700	3613.0	3613.0
142800	3596.0	3596.0
142900	3595.0	3595.0
143000	3629.0	3629.0
143100	3610.0	3610.0
143200	3586.0	3586.0
143300	3612.0	3612.0
143400	3606.0	3606.0
143500	3642.0	3642.0
143600	3617.0	3617.0
143700	3639.0	3639.0
143800	3619.0	3619.0
143900	3638.0	3638.0
144000	3641.0	3641.0
144100	3661.0	3661.0
144200	3652.0	3652.0
144300	3634.0	3634.0
144400	3654.0	3654.0
144500	3654.0	3654.0
144600	3652.0	3652.0
144700	3667.0	3667.0
144800	3635.0	3635.0
144900	3652.0	3652.0
145000	3641.0	3641.0
145100	3637.0	3637.0
145200	3648.0	3648.0
145300	3650.0	3650.0
145400	3629.0	3629.0
145500	3673.0	3673.0
145600	3636.0	3636.0
145700	3667.0	3667.0
145800	3658.0	3658.0
145900	3668.0	3668.0
146000	3686.0	3686.0
146100	3670.0	3670.0
146200	3709.0	3709.0
146300	3683.0	3683.0
146400	3693.0	3693.0
146500	3682.0	3682.0
146600	3715.0	3715.0
146700	3671.0	3671.0
146800	3660.0	3660.0
146900	3690.0	3690.0
147000	3734.0	3734.0
147100	3738.0	3738.0
147200	3743.0	3743.0
147300	3703.0	3703.0
147400	3734.0	3734.0
147500	3714.0	3714.0
147600	3731.0	3731.0
147700	3734.0	3734.0
147800	3736.0	3736.0
147900	3728.0	3728.0
148000	3729.0	3729.0
148100	3725.0	3725.0
148200	3760.0	3760.0
148300	3747.0	3747.0
148400	3731.0	3731.0
148500	3744.0	3744.0
148600	3748.0	3748.0
148700	3773.0	3773.0
148800	3781.0	3781.0
148900	3792.0	3792.0
149000	3794.0	3794.0
149100	3811.0	3811.0
149200	3794.0	3794.0
149300	3800.0	3800.0
149400	3802.0	3802.0
149500	3783.0	3783.0
149600	3803.0	3803.0
149700	3795.0	3795.0
149800	3819.0	3819.0
149900	3825.0	3825.0
150000	3838.0	3838.0
150100	3817.0	3817.0
150200	3807.0	3807.0
150300	3830.0	3830.0
150400	3809.0	3809.0
150500	3785.0	3785.0
150600	3830.0	3830.0
150700	3827.0	3827.0
150800	3823.0	3823.0
150900	3817.0	3817.0
151000	3834.0	3834.0
151100	3816.0	3816.0
151200	3847.0	3847.0
151300	3858.0	3858.0
151400	3834.0	3834.0
151500	3861.0	3861.0
151600	3842.0	3842.0
151700	3843.0	3843.0
151800	3870.0	3870.0
151900	3853.0	3853.0
152000	3845.0	3845.0
152100	3870.0	3870.0
152200	3877.0	3877.0
152300	3888.0	3888.0
152400	3904.0	3904.0
152500	3878.0	3878.0
152600	3863.0	3863.0
152700	3860.0	3860.0
152800	3907.0	3907.0
152900	3919.0	3919.0
153000	3911.0	3911.0
153100	3888.0	3888.0
153200	3914.0	3914.0
153300	3899.0	3899.0
153400	3898.0	3898.0
153500	3887.0	3887.0
153600	3911.0	3911.0
153700	3940.0	3940.0
153800	3890.0	3890.0
153900	3909.0	3909.0
154000	3913.0	3913.0
154100	3939.0	3939.0
154200	3914.0	3914.0
154300	3925.0	3925.0
154400	3938.0	3938.0
154500	3933.0	3933.0
154600	3921.0	3921.0
154700	3934.0	3934.0
154800	3926.0	3926.0
154900	3949.0	3949.0
155000	3946.0	3946.0
155100	3928.0	3928.0
155200	3952.0	3952.0
155300	3968.0	3968.0
155400	3918.0	3918.0
155500	3959.0	3959.0
155600	3945.0	3945.0
155700	3964.0	3964.0
155800	3959.0	3959.0
155900	3944.0	3944.0
156000	3957.0	3957.0
156100	3938.0	3938.0
156200	3958.0	3958.0
156300	3969.0	3969.0
156400	3947.0	3947.0
156500	3974.0	3974.0
156600	3928.0	3928.0
156700	3985.0	3985.0
156800	3964.0	3964.0
156900	3964.0	3964.0
157000	3982.0	3982.0
157100	3968.0	3968.0
157200	3959.0	3959.0
157300	3939.0	3939.0
157400	3956.0	3956.0
157500	3986.0	3986.0
157600	3954.0	3954.0
157700	3978.0	3978.0
157800	3969.0	3969.0
157900	4000.0	4000.0
158000	4001.0	4001.0
158100	3991.0	3991.0
158200	4004.0	4004.0
158300	4000.0	4000.0
158400	4012.0	4012.0
158500	3977.0	3977.0
158600	4014.0	4014.0
158700	4014.0	4014.0
158800	4003.0	4003.0
158900	4020.0	4020.0
159000	4002.0	4002.0
159100	4016.0	4016.0
159200	3973.0	3973.0
159300	4020.0	4020.0
159400	4028.0	4028.0
159500	4037.0	4037.0
159600	4009.0	4009.0
159700	4036.0	4036.0
159800	4042.0	4042.0
159900	4037.0	4037.0
160000	4063.0	4063.0
160100	4035.0	4035.0
160200	4065.0	4065.0
160300	4061.0	4061.0
160400	4051.0	4051.0
160500	4073.0	4073.0
160600	4042.0	4042.0
160700	4054.0	4054.0
160800	4045.0	4045.0
160900	4059.0	4059.0
161000	4058.0	4058.0
161100	4038.0	4038.0
161200	4047.0	4047.0
161300	4052.0	4052.0
161400	4078.0	4078.0
161500	4061.0	4061.0
161600	4089.0	4089.0
161700	4115.0	4115.0
161800	4103.0	4103.0
161900	4092.0	4092.0
162000	4099.0	4099.0
162100	4106.0	4106.0
162200	4063.0	4063.0
162300	4089.0	4089.0
162400	4109.0	4109.0
162500	4139.0	4139.0
162600	4121.0	4121.0
162700	4126.0	4126.0
162800	4160.0	4160.0
162900	4148.0	4148.0
163000	4182.0	4182.0
163100	4149.0	4149.0
163200	4134.0	4134.0
163300	4157.0	4157.0
163400	4166.0	4166.0
163500	4153.0	4153.0
163600	4178.0	4178.0
163700	4165.0	4165.0
163800	4157.0	4157.0
163900	4151.0	4151.0
164000	4172.0	4172.0
164100	4153.0	4153.0
164200	4157.0	4157.0
164300	4172.0	4172.0
164400	4190.0	4190.0
164500	4156.0	4156.0
164600	4167.0	4167.0
164700	4166.0	4166.0
164800	4186.0	4186.0
164900	4169.0	4169.0
165000	4153.0	4153.0
165100	4179.0	4179.0
165200	4172.0	4172.0
165300	4196.0	4196.0
165400	4183.0	4183.0
165500	4229.0	4229.0
165600	4224.0	4224.0
165700	4239.0	4239.0
165800	4226.0	4226.0
165900	4235.0	4235.0
166000	4222.0	4222.0
166100	4221.0	4221.0
166200	4207.0	4207.0
166300	4246.0	4246.0
166400	4258.0	4258.0
166500	4312.0	4312.0
166600	4265.0	4265.0
166700	4281.0	4281.0
166800	4289.0	4289.0
166900	4281.0	4281.0
167000	4270.0	4270.0
167100	4276.0	4276.0
167200	4289.0	4289.0
167300	4283.0	4283.0
167400	4301.0	4301.0
167500	4298.0	4298.0
167600	4351.0	4351.0
167700	4334.0	4334.0
167800	4346.0	4346.0
167900	4324.0	4324.0
168000	4330.0	4330.0
168100	4335.0	4335.0
168200	4336.0	4336.0
168300	4362.0	4362.0
168400	4346.0	4346.0
168500	4351.0	4351.0
168600	4350.0	4350.0
168700	4371.0	4371.0
168800	4360.0	4360.0
168900	4380.0	4380.0
169000	4403.0	4403.0
169100	4382.0	4382.0
169200	4347.0	4347.0
169300	4400.0	4400.0
169400	4428.0	4428.0
169500	4402.0	4402.0
169600	4396.0	4396.0
169700	4396.0	4396.0
169800	4418.0	4418.0
169900	4441.0	4441.0
170000	4438.0	4438.0
170100	4411.0	4411.0
170200	4451.0	4451.0
170300	4473.0	4473.0
170400	4468.0	4468.0
170500	4440.0	4440.0
170600	4461.0	4461.0
170700	4486.0	4486.0
170800	4486.0	4486.0
170900	4466.0	4466.0
171000	4481.0	4481.0
171100	4494.0	4494.0
171200	4480.0	4480.0
171300	4484.0	4484.0
171400	4488.0	4488.0
171500	4514.0	4514.0
171600	4526.0	4526.0
171700	4518.0	4518.0
171800	4519.0	4519.0
171900	4525.0	4525.0
172000	4509.0	4509.0
172100	4501.0	4501.0
172200	4491.0	4491.0
172300	4529.0	4529.0
172400	4533.0	4533.0
172500	4530.0	4530.0
172600	4478.0	4478.0
172700	4514.0	4514.0
172800	4544.0	4544.0
172900	4501.0	4501.0
173000	4549.0	4549.0
173100	4509.0	4509.0
173200	4527.0	4527.0
173300	4538.0	4538.0
173400	4535.0	4535.0
173500	4539.0	4539.0
173600	4531.0	4531.0
173700	4552.0	4552.0
173800	4553.0	4553.0
173900	4558.0	4558.0
174000	4547.0	4547.0
174100	4558.0	4558.0
174200	4571.0	4571.0
174300	4588.0	4588.0
174400	4550.0	4550.0
174500	4559.0	4559.0
174600	4530.0	4530.0
174700	4557.0	4557.0
174800	4585.0	4585.0
174900	4576.0	4576.0
175000	4585.0	4585.0
175100	4574.0	4574.0
175200	4557.0	4557.0
175300	4570.0	4570.0
175400	4621.0	4621.0
175500	4621.0	4621.0
175600	4595.0	4595.0
175700	4601.0	4601.0
175800	4604.0	4604.0
175900	4580.0	4580.0
176000	4571.0	4571.0
176100	4597.0	4597.0
176200	4590.0	4590.0
176300	4599.0	4599.0
176400	4602.0	4602.0
176500	4587.0	4587.0
176600	4589.0	4589.0
176700	4594.0	4594.0
176800	4610.0	4610.0
176900	4569.0	4569.0
177000	4583.0	4583.0
177100	4599.0	4599.0
177200	4612.0	4612.0
177300	4619.0	4619.0
177400	4606.0	4606.0
177500	4609.0	4609.0
177600	4633.0	4633.0
177700	4612.0	4612.0
177800	4585.0	4585.0
177900	4621.0	4621.0
178000	4619.0	4619.0
178100	4633.0	4633.0
178200	4635.0	4635.0
178300	4635.0	4635.0
178400	4637.0	4637.0
178500	4653.0	4653.0
178600	4663.0	4663.0
178700	4647.0	4647.0
178800	4671.0	4671.0
178900	4698.0	4698.0
179000	4691.0	4691.0
179100	4692.0	4692.0
179200	4715.0	4715.0
179300	4702.0	4702.0
179400	4703.0	4703.0
179500	4720.0	4720.0
179600	4708.0	4708.0
179700	4722.0	4722.0
179800	4732.0	4732.0
179900	4719.0	4719.0
180000	4728.0	4728.0
180100	4723.0	4723.0
180200	4714.0	4714.0
180300	4738.0	4738.0
180400	4729.0	4729.0
180500	4743.0	4743.0
180600	4719.0	4719.0
180700	4748.0	4748.0
180800	4749.0	4749.0
180900	4783.0	4783.0
181000	4741.0	4741.0
181100	4749.0	4749.0
181200	4749.0	4749.0
181300	4759.0	4759.0
181400	4748.0	4748.0
181500	4776.0	4776.0
181600	4762.0	4762.0
181700	4781.0	4781.0
181800	4762.0	4762.0
181900	4768.0	4768.0
182000	4766.0	4766.0
182100	4774.0	4774.0
182200	4803.0	4803.0
182300	4796.0	4796.0
182400	4804.0	4804.0
182500	4821.0	4821.0
182600	4849.0	4849.0
182700	4799.0	4799.0
182800	4846.0	4846.0
182900	4837.0	4837.0
183000	4840.0	4840.0
183100	4828.0	4828.0
183200	4833.0	4833.0
183300	4845.0	4845.0
183400	4836.0	4836.0
183500	4831.0	4831.0
183600	4832.0	4832.0
183700	4861.0	4861.0
183800	4804.0	4804.0
183900	4873.0	4873.0
184000	4837.0	4837.0
184100	4852.0	4852.0
184200	4853.0	4853.0
184300	4839.0	4839.0
184400	4854.0	4854.0
184500	4851.0	4851.0
184600	4829.0	4829.0
184700	4885.0	4885.0
184800	4842.0	4842.0
184900	4866.0	4866.0
185000	4910.0	4910.0
185100	4902.0	4902.0
185200	4888.0	4888.0
185300	4917.0	4917.0
185400	4897.0	4897.0
185500	4888.0	4888.0
185600	4889.0	4889.0
185700	4881.0	4881.0
185800	4916.0	4916.0
185900	4892.0	4892.0
186000	4902.0	4902.0
186100	4884.0	4884.0
186200	4857.0	4857.0
186300	4849.0	4849.0
186400	4876.0	4876.0
186500	4881.0	4881.0
186600	4902.0	4902.0
186700	4910.0	4910.0
186800	4886.0	4886.0
186900	4905.0	4905.0
187000	4900.0	4900.0
187100	4888.0	4888.0
187200	4891.0	4891.0
187300	4915.0	4915.0
187400	4932.0	4932.0
187500	4926.0	4926.0
187600	4910.0	4910.0
187700	4902.0	4902.0
187800	4865.0	4865.0
187900	4894.0	4894.0
188000	4939.0	4939.0
188100	4886.0	4886.0
188200	4887.0	4887.0
188300	4910.0	4910.0
188400	4937.0	4937.0
188500	4933.0	4933.0
188600	4911.0	4911.0
188700	4881.0	4881.0
188800	4883.0	4883.0
188900	4909.0	4909.0
189000	4944.0	4944.0
189100	4907.0	4907.0
189200	4910.0	4910.0
189300	4912.0	4912.0
189400	4937.0	4937.0
189500	4950.0	4950.0
189600	4929.0	4929.0
189700	4950.0	4950.0
189800	4945.0	4945.0
189900	4915.0	4915.0
190000	4918.0	4918.0
190100	4963.0	4963.0
190200	4969.0	4969.0
190300	4953.0	4953.0
190400	4986.0	4986.0
190500	4964.0	4964.0
190600	4973.0	4973.0
190700	4928.0	4928.0
190800	4979.0	4979.0
190900	4965.0	4965.0
191000	4960.0	4960.0
191100	4979.0	4979.0
191200	4975.0	4975.0
191300	4998.0	4998.0
191400	4993.0	4993.0
191500	5010.0	5010.0
191600	4984.0	4984.0
191700	5000.0	5000.0
191800	5001.0	5001.0
191900	5000.0	5000.0
192000	4976.0	4976.0
192100	5004.0	5004.0
192200	4975.0	4975.0
192300	5012.0	5012.0
192400	5007.0	5007.0
192500	5005.0	5005.0
192600	5025.0	5025.0
192700	5017.0	5017.0
192800	5047.0	5047.0
192900	5037.0	5037.0
193000	4967.0	4967.0
193100	5008.0	5008.0
193200	5057.0	5057.0
193300	5009.0	5009.0
193400	5012.0	5012.0
193500	5048.0	5048.0
193600	5056.0	5056.0
193700	5056.0	5056.0
193800	5063.0	5063.0
193900	5057.0	5057.0
194000	5062.0	5062.0
194100	5057.0	5057.0
194200	5050.0	5050.0
194300	5063.0	5063.0
194400	5061.0	5061.0
194500	5052.0	5052.0
194600	5078.0	5078.0
194700	5069.0	5069.0
194800	5094.0	5094.0
194900	5090.0	5090.0
195000	5103.0	5103.0
195100	5096.0	5096.0
195200	5075.0	5075.0
195300	5102.0	5102.0
195400	5107.0	5107.0
195500	5108.0	5108.0
195600	5141.0	5141.0
195700	5131.0	5131.0
195800	5099.0	5099.0
195900	5153.0	5153.0
196000	5165.0	5165.0
196100	5153.0	5153.0
196200	5157.0	5157.0
196300	5176.0	5176.0
196400	5145.0	5145.0
196500	5155.0	5155.0
196600	5173.0	5173.0
196700	5162.0	5162.0
196800	5170.0	5170.0
196900	5133.0	5133.0
197000	5154.0	5154.0
197100	5183.0	5183.0
197200	5174.0	5174.0
197300	5164.0	5164.0
197400	5174.0	5174.0
197500	5183.0	5183.0
197600	5205.0	5205.0
197700	5211.0	5211.0
197800	5224.0	5224.0
197900	5219.0	5219.0
198000	5237.0	5237.0
198100	5219.0	5219.0
198200	5172.0	5172.0
198300	5182.0	5182.0
198400	5206.0	5206.0
198500	5193.0	5193.0
198600	5235.0	5235.0
198700	5258.0	5258.0
198800	5224.0	5224.0
198900	5227.0	5227.0
199000	5218.0	5218.0
199100	5256.0	5256.0
199200	5256.0	5256.0
199300	5265.0	5265.0
199400	5240.0	5240.0
199500	5248.0	5248.0
199600	5263.0	5263.0
199700	5270.0	5270.0
199800	5267.0	5267.0
199900	5246.0	5246.0
200000	5253.0	5253.0
200100	5284.0	5284.0
200200	5280.0	5280.0
200300	5286.0	5286.0
200400	5286.0	5286.0
200500	5294.0	5294.0
200600	5285.0	5285.0
200700	5250.0	5250.0
200800	5278.0	5278.0
200900	5273.0	5273.0
201000	5284.0	5284.0
201100	5317.0	5317.0
201200	5334.0	5334.0
201300	5300.0	5300.0
201400	5341.0	5341.0
201500	5353.0	5353.0
201600	5305.0	5305.0
201700	5309.0	5309.0
201800	5297.0	5297.0
201900	5333.0	5333.0
202000	5286.0	5286.0
202100	5319.0	5319.0
202200	5334.0	5334.0
202300	5359.0	5359.0
202400	5333.0	5333.0
202500	5332.0	5332.0
202600	5342.0	5342.0
202700	5359.0	5359.0
202800	5395.0	5395.0
202900	5394.0	5394.0
203000	5418.0	5418.0
203100	5376.0	5376.0
203200	5389.0	5389.0
203300	5418.0	5418.0
203400	5411.0	5411.0
203500	5401.0	5401.0
203600	5378.0	5378.0
203700	5376.0	5376.0
203800	5384.0	5384.0
203900	5383.0	5383.0
204000	5406.0	5406.0
204100	5394.0	5394.0
204200	5396.0	5396.0
204300	5411.0	5411.0
204400	5411.0	5411.0
204500	5429.0	5429.0
204600	5431.0	5431.0
204700	5415.0	5415.0
204800	5434.0	5434.0
204900	5486.0	5486.0
205000	5469.0	5469.0
205100	5471.0	5471.0
205200	5475.0	5475.0
205300	5442.0	5442.0
205400	5477.0	5477.0
205500	5494.0	5494.0
205600	5488.0	5488.0
205700	5522.0	5522.0
205800	5531.0	5531.0
205900	5518.0	5518.0
206000	5477.0	5477.0
206100	5536.0	5536.0
206200	5522.0	5522.0
206300	5534.0	5534.0
206400	5531.0	5531.0
206500	5543.0	5543.0
206600	5539.0	5539.0
206700	5554.0	5554.0
206800	5550.0	5550.0
206900	5580.0	5580.0
207000	5555.0	5555.0
207100	5570.0	5570.0
207200	5567.0	5567.0
207300	5586.0	5586.0
207400	5596.0	5596.0
207500	5608.0	5608.0
207600	5590.0	5590.0
207700	5556.0	5556.0
207800	5615.0	5615.0
207900	5582.0	5582.0
208000	5609.0	5609.0
208100	5607.0	5607.0
208200	5630.0	5630.0
208300	5604.0	5604.0
208400	5632.0	5632.0
208500	5635.0	5635.0
208600	5625.0	5625.0
208700	5672.0	5672.0
208800	5648.0	5648.0
