#MCS	ActivatedTCells_touching_Wall	Total_cells_touching_Wall	Number_ActivatedTCells	Percent_ActivatedTCells_touching_wall
0	7	7	7	100.0
100	14	14	15	93.33333333333333
200	16	16	17	94.11764705882352
300	17	17	19	89.47368421052632
400	20	20	22	90.9090909090909
500	23	23	24	95.83333333333334
600	24	24	25	96.0
700	25	25	27	92.5925925925926
800	26	26	28	92.85714285714286
900	26	26	28	92.85714285714286
1000	26	26	28	92.85714285714286
1100	26	26	28	92.85714285714286
1200	28	28	30	93.33333333333333
1300	29	29	31	93.54838709677419
1400	29	29	31	93.54838709677419
1500	29	29	31	93.54838709677419
1600	30	30	32	93.75
1700	30	30	34	88.23529411764706
1800	30	30	34	88.23529411764706
1900	30	30	34	88.23529411764706
2000	30	30	34	88.23529411764706
2100	30	30	34	88.23529411764706
2200	31	31	34	91.17647058823529
2300	31	31	34	91.17647058823529
2400	32	32	35	91.42857142857143
2500	34	34	36	94.44444444444444
2600	34	34	36	94.44444444444444
2700	34	34	36	94.44444444444444
2800	35	35	37	94.5945945945946
2900	35	35	37	94.5945945945946
3000	36	36	37	97.2972972972973
3100	36	36	37	97.2972972972973
3200	37	37	38	97.36842105263158
3300	38	38	39	97.43589743589743
3400	38	38	39	97.43589743589743
3500	39	39	40	97.5
3600	39	39	40	97.5
3700	40	40	41	97.5609756097561
3800	40	40	41	97.5609756097561
3900	40	40	41	97.5609756097561
4000	40	40	41	97.5609756097561
4100	40	40	41	97.5609756097561
4200	40	40	41	97.5609756097561
4300	40	40	41	97.5609756097561
4400	40	40	41	97.5609756097561
4500	41	41	42	97.61904761904762
4600	42	42	43	97.67441860465115
4700	43	43	44	97.72727272727273
4800	42	42	44	95.45454545454545
4900	45	45	46	97.82608695652173
5000	45	45	46	97.82608695652173
5100	45	45	46	97.82608695652173
5200	45	45	47	95.74468085106383
5300	46	46	47	97.87234042553192
5400	46	46	48	95.83333333333334
5500	47	47	48	97.91666666666666
5600	48	48	49	97.95918367346938
5700	49	49	50	98.0
5800	49	49	50	98.0
5900	49	49	50	98.0
6000	49	49	50	98.0
6100	49	49	50	98.0
6200	49	49	50	98.0
6300	49	49	50	98.0
6400	49	49	50	98.0
6500	49	49	50	98.0
6600	49	49	50	98.0
6700	49	49	50	98.0
6800	50	50	51	98.0392156862745
6900	50	50	51	98.0392156862745
7000	50	50	51	98.0392156862745
7100	50	50	51	98.0392156862745
7200	50	50	51	98.0392156862745
7300	50	50	51	98.0392156862745
7400	50	50	51	98.0392156862745
7500	50	50	51	98.0392156862745
7600	50	50	51	98.0392156862745
7700	50	50	51	98.0392156862745
7800	50	50	51	98.0392156862745
7900	50	50	51	98.0392156862745
8000	51	51	52	98.07692307692307
8100	51	51	52	98.07692307692307
8200	51	51	52	98.07692307692307
8300	51	51	52	98.07692307692307
8400	51	51	52	98.07692307692307
8500	51	51	53	96.22641509433963
8600	51	51	53	96.22641509433963
8700	51	51	53	96.22641509433963
8800	51	51	53	96.22641509433963
8900	52	52	54	96.29629629629629
9000	55	55	55	100.0
9100	56	56	56	100.0
9200	56	56	56	100.0
9300	56	56	56	100.0
9400	56	56	56	100.0
9500	56	56	56	100.0
9600	56	56	56	100.0
9700	56	56	56	100.0
9800	56	56	56	100.0
9900	56	56	56	100.0
10000	56	56	56	100.0
10100	56	56	56	100.0
10200	56	56	56	100.0
10300	56	56	56	100.0
10400	56	56	56	100.0
10500	56	56	56	100.0
10600	57	57	57	100.0
10700	57	57	57	100.0
10800	57	57	57	100.0
10900	57	57	57	100.0
11000	57	57	57	100.0
11100	57	57	57	100.0
11200	57	57	57	100.0
11300	57	57	58	98.27586206896551
11400	57	57	58	98.27586206896551
11500	57	57	58	98.27586206896551
11600	57	57	58	98.27586206896551
11700	57	57	58	98.27586206896551
11800	57	57	58	98.27586206896551
11900	57	57	58	98.27586206896551
12000	57	57	58	98.27586206896551
12100	57	57	58	98.27586206896551
12200	58	58	59	98.30508474576271
12300	59	59	60	98.33333333333333
12400	59	59	60	98.33333333333333
12500	59	59	60	98.33333333333333
12600	59	59	60	98.33333333333333
12700	60	60	61	98.36065573770492
12800	60	60	61	98.36065573770492
12900	61	61	62	98.38709677419355
13000	61	61	62	98.38709677419355
13100	61	61	62	98.38709677419355
13200	61	61	62	98.38709677419355
13300	61	61	63	96.82539682539682
13400	62	62	64	96.875
13500	62	62	64	96.875
13600	62	62	64	96.875
13700	62	62	64	96.875
13800	62	62	64	96.875
13900	62	62	64	96.875
14000	63	63	65	96.92307692307692
14100	63	63	65	96.92307692307692
14200	63	63	65	96.92307692307692
14300	63	63	65	96.92307692307692
14400	63	63	65	96.92307692307692
14500	63	63	65	96.92307692307692
14600	65	65	66	98.48484848484848
14700	66	66	67	98.50746268656717
14800	66	66	67	98.50746268656717
14900	66	66	67	98.50746268656717
15000	66	66	67	98.50746268656717
15100	66	66	67	98.50746268656717
15200	66	66	67	98.50746268656717
15300	66	66	67	98.50746268656717
15400	66	66	67	98.50746268656717
15500	66	66	67	98.50746268656717
15600	66	66	67	98.50746268656717
15700	66	66	67	98.50746268656717
15800	66	66	67	98.50746268656717
15900	66	66	67	98.50746268656717
16000	66	66	67	98.50746268656717
16100	66	66	67	98.50746268656717
16200	67	67	68	98.52941176470588
16300	67	67	68	98.52941176470588
16400	67	67	69	97.10144927536231
16500	68	68	69	98.55072463768117
16600	68	68	69	98.55072463768117
16700	68	68	69	98.55072463768117
16800	68	68	69	98.55072463768117
16900	68	68	69	98.55072463768117
17000	68	68	69	98.55072463768117
17100	68	68	69	98.55072463768117
17200	68	68	69	98.55072463768117
17300	68	68	69	98.55072463768117
17400	68	68	69	98.55072463768117
17500	68	68	69	98.55072463768117
17600	68	68	69	98.55072463768117
17700	69	69	69	100.0
17800	69	69	69	100.0
17900	69	69	69	100.0
18000	69	69	69	100.0
18100	69	69	69	100.0
18200	69	69	69	100.0
18300	69	69	69	100.0
18400	69	69	69	100.0
18500	70	70	70	100.0
18600	70	70	70	100.0
18700	70	70	70	100.0
18800	71	71	71	100.0
18900	71	71	71	100.0
19000	71	71	71	100.0
19100	71	71	71	100.0
19200	71	71	71	100.0
19300	71	71	71	100.0
19400	71	71	71	100.0
19500	71	71	71	100.0
19600	71	71	71	100.0
19700	71	71	71	100.0
19800	71	71	71	100.0
19900	71	71	71	100.0
20000	71	71	71	100.0
20100	71	71	71	100.0
20200	71	71	71	100.0
20300	71	71	71	100.0
20400	71	71	71	100.0
20500	71	71	71	100.0
20600	71	71	71	100.0
20700	71	71	71	100.0
20800	72	72	72	100.0
20900	72	72	72	100.0
21000	72	72	72	100.0
21100	72	72	72	100.0
21200	72	72	72	100.0
21300	73	73	73	100.0
21400	73	73	73	100.0
21500	73	73	73	100.0
21600	73	73	73	100.0
21700	73	73	73	100.0
21800	73	73	73	100.0
21900	73	73	73	100.0
22000	73	73	73	100.0
22100	74	74	74	100.0
22200	74	74	74	100.0
22300	74	74	74	100.0
22400	74	74	74	100.0
22500	74	74	74	100.0
22600	74	74	74	100.0
22700	74	74	74	100.0
22800	74	74	74	100.0
22900	74	74	74	100.0
23000	74	74	74	100.0
23100	74	74	74	100.0
23200	74	74	74	100.0
23300	74	74	74	100.0
23400	74	74	74	100.0
23500	74	74	74	100.0
23600	74	74	75	98.66666666666667
23700	74	74	75	98.66666666666667
23800	74	74	75	98.66666666666667
23900	74	74	75	98.66666666666667
24000	75	75	76	98.68421052631578
24100	75	75	76	98.68421052631578
24200	75	75	76	98.68421052631578
24300	75	75	76	98.68421052631578
24400	75	75	76	98.68421052631578
24500	75	75	76	98.68421052631578
24600	75	75	76	98.68421052631578
24700	75	75	76	98.68421052631578
24800	75	75	76	98.68421052631578
24900	75	75	76	98.68421052631578
25000	75	75	76	98.68421052631578
25100	75	75	76	98.68421052631578
25200	75	75	76	98.68421052631578
25300	75	75	76	98.68421052631578
25400	75	75	76	98.68421052631578
25500	75	75	76	98.68421052631578
25600	75	75	76	98.68421052631578
25700	75	75	76	98.68421052631578
25800	76	76	77	98.7012987012987
25900	76	76	77	98.7012987012987
26000	76	76	77	98.7012987012987
26100	76	76	77	98.7012987012987
26200	76	76	77	98.7012987012987
26300	76	76	77	98.7012987012987
26400	76	76	77	98.7012987012987
26500	76	76	77	98.7012987012987
26600	76	76	77	98.7012987012987
26700	76	76	77	98.7012987012987
26800	76	76	77	98.7012987012987
26900	76	76	77	98.7012987012987
27000	76	76	77	98.7012987012987
27100	76	76	77	98.7012987012987
27200	76	76	77	98.7012987012987
27300	76	76	78	97.43589743589743
27400	77	77	78	98.71794871794873
27500	77	77	78	98.71794871794873
27600	77	77	78	98.71794871794873
27700	77	77	78	98.71794871794873
27800	77	77	78	98.71794871794873
27900	77	77	78	98.71794871794873
28000	77	77	78	98.71794871794873
28100	77	77	78	98.71794871794873
28200	78	78	79	98.73417721518987
28300	78	78	79	98.73417721518987
28400	78	78	79	98.73417721518987
28500	78	78	79	98.73417721518987
28600	78	78	79	98.73417721518987
28700	78	78	79	98.73417721518987
28800	78	78	79	98.73417721518987
28900	78	78	79	98.73417721518987
29000	78	78	79	98.73417721518987
29100	78	78	79	98.73417721518987
29200	78	78	79	98.73417721518987
29300	78	78	79	98.73417721518987
29400	78	78	79	98.73417721518987
29500	78	78	79	98.73417721518987
29600	78	78	79	98.73417721518987
29700	78	78	79	98.73417721518987
29800	78	78	79	98.73417721518987
29900	78	78	79	98.73417721518987
30000	78	78	79	98.73417721518987
30100	78	78	79	98.73417721518987
30200	78	78	79	98.73417721518987
30300	78	78	79	98.73417721518987
30400	78	78	79	98.73417721518987
30500	78	78	79	98.73417721518987
30600	78	78	79	98.73417721518987
30700	78	78	79	98.73417721518987
30800	78	78	80	97.5
30900	78	78	80	97.5
31000	78	78	80	97.5
31100	78	78	80	97.5
31200	78	78	80	97.5
31300	78	78	80	97.5
31400	78	78	80	97.5
31500	78	78	80	97.5
31600	78	78	80	97.5
31700	78	78	80	97.5
31800	78	78	80	97.5
31900	78	78	80	97.5
32000	78	78	80	97.5
32100	78	78	80	97.5
32200	78	78	80	97.5
32300	78	78	80	97.5
32400	78	78	80	97.5
32500	78	78	80	97.5
32600	78	78	80	97.5
32700	78	78	80	97.5
32800	78	78	80	97.5
32900	78	78	80	97.5
33000	78	78	80	97.5
33100	78	78	80	97.5
33200	78	78	80	97.5
33300	78	78	80	97.5
33400	78	78	80	97.5
33500	78	78	80	97.5
33600	78	78	80	97.5
33700	78	78	80	97.5
33800	78	78	80	97.5
33900	78	78	80	97.5
34000	78	78	80	97.5
34100	78	78	80	97.5
34200	78	78	80	97.5
34300	78	78	80	97.5
34400	78	78	80	97.5
34500	78	78	80	97.5
34600	78	78	80	97.5
34700	78	78	80	97.5
34800	78	78	80	97.5
34900	78	78	80	97.5
35000	78	78	80	97.5
35100	78	78	80	97.5
35200	78	78	80	97.5
35300	78	78	80	97.5
35400	78	78	80	97.5
35500	78	78	80	97.5
35600	78	78	80	97.5
35700	78	78	80	97.5
35800	78	78	80	97.5
35900	78	78	80	97.5
36000	78	78	80	97.5
36100	78	78	80	97.5
36200	78	78	80	97.5
36300	78	78	80	97.5
36400	78	78	80	97.5
36500	78	78	81	96.29629629629629
36600	79	79	81	97.53086419753086
36700	79	79	81	97.53086419753086
36800	79	79	81	97.53086419753086
36900	79	79	81	97.53086419753086
37000	79	79	81	97.53086419753086
37100	79	79	81	97.53086419753086
37200	79	79	81	97.53086419753086
37300	79	79	81	97.53086419753086
37400	79	79	81	97.53086419753086
37500	79	79	81	97.53086419753086
37600	79	79	81	97.53086419753086
37700	79	79	81	97.53086419753086
37800	79	79	81	97.53086419753086
37900	79	79	81	97.53086419753086
38000	79	79	81	97.53086419753086
38100	79	79	81	97.53086419753086
38200	79	79	81	97.53086419753086
38300	79	79	81	97.53086419753086
38400	79	79	81	97.53086419753086
38500	79	79	81	97.53086419753086
38600	79	79	81	97.53086419753086
38700	79	79	81	97.53086419753086
38800	79	79	81	97.53086419753086
38900	79	79	81	97.53086419753086
39000	79	79	81	97.53086419753086
39100	79	79	81	97.53086419753086
39200	79	79	81	97.53086419753086
39300	79	79	81	97.53086419753086
39400	79	79	81	97.53086419753086
39500	79	79	81	97.53086419753086
39600	79	79	81	97.53086419753086
39700	79	79	81	97.53086419753086
39800	79	79	81	97.53086419753086
39900	79	79	81	97.53086419753086
40000	79	79	81	97.53086419753086
40100	79	79	81	97.53086419753086
40200	79	79	81	97.53086419753086
40300	79	79	81	97.53086419753086
40400	79	79	81	97.53086419753086
40500	79	79	81	97.53086419753086
40600	79	79	81	97.53086419753086
40700	79	79	81	97.53086419753086
40800	79	79	81	97.53086419753086
40900	80	80	82	97.5609756097561
41000	81	81	83	97.59036144578313
41100	81	81	83	97.59036144578313
41200	81	81	83	97.59036144578313
41300	81	81	83	97.59036144578313
41400	81	81	83	97.59036144578313
41500	81	81	83	97.59036144578313
41600	81	81	83	97.59036144578313
41700	81	81	83	97.59036144578313
41800	81	81	83	97.59036144578313
41900	81	81	83	97.59036144578313
42000	81	81	84	96.42857142857143
42100	81	81	84	96.42857142857143
42200	82	82	84	97.61904761904762
42300	82	82	84	97.61904761904762
42400	82	82	84	97.61904761904762
42500	82	82	84	97.61904761904762
42600	82	82	84	97.61904761904762
42700	82	82	84	97.61904761904762
42800	82	82	84	97.61904761904762
42900	82	82	84	97.61904761904762
43000	82	82	84	97.61904761904762
43100	82	82	84	97.61904761904762
43200	82	82	84	97.61904761904762
43300	82	82	84	97.61904761904762
43400	82	82	84	97.61904761904762
43500	82	82	84	97.61904761904762
43600	82	82	84	97.61904761904762
43700	82	82	84	97.61904761904762
43800	83	83	85	97.6470588235294
43900	83	83	85	97.6470588235294
44000	83	83	85	97.6470588235294
44100	83	83	85	97.6470588235294
44200	83	83	85	97.6470588235294
44300	83	83	85	97.6470588235294
44400	83	83	85	97.6470588235294
44500	83	83	85	97.6470588235294
44600	83	83	85	97.6470588235294
44700	83	83	85	97.6470588235294
44800	83	83	85	97.6470588235294
44900	83	83	86	96.51162790697676
45000	83	83	86	96.51162790697676
45100	83	83	86	96.51162790697676
45200	83	83	86	96.51162790697676
45300	83	83	86	96.51162790697676
45400	83	83	86	96.51162790697676
45500	83	83	86	96.51162790697676
45600	83	83	86	96.51162790697676
45700	83	83	86	96.51162790697676
45800	83	83	86	96.51162790697676
45900	84	84	87	96.55172413793103
46000	84	84	87	96.55172413793103
46100	84	84	87	96.55172413793103
46200	84	84	87	96.55172413793103
46300	84	84	87	96.55172413793103
46400	84	84	87	96.55172413793103
46500	84	84	87	96.55172413793103
46600	84	84	87	96.55172413793103
46700	84	84	87	96.55172413793103
46800	84	84	87	96.55172413793103
46900	84	84	88	95.45454545454545
47000	84	84	88	95.45454545454545
47100	84	84	88	95.45454545454545
47200	84	84	88	95.45454545454545
47300	84	84	88	95.45454545454545
47400	84	84	88	95.45454545454545
47500	84	84	88	95.45454545454545
47600	84	84	88	95.45454545454545
47700	85	85	89	95.50561797752809
47800	85	85	89	95.50561797752809
47900	85	85	89	95.50561797752809
48000	86	86	90	95.55555555555556
48100	86	86	90	95.55555555555556
48200	86	86	90	95.55555555555556
48300	86	86	90	95.55555555555556
48400	86	86	90	95.55555555555556
48500	86	86	90	95.55555555555556
48600	86	86	90	95.55555555555556
48700	86	86	90	95.55555555555556
48800	86	86	90	95.55555555555556
48900	87	87	91	95.6043956043956
49000	87	87	91	95.6043956043956
49100	87	87	91	95.6043956043956
49200	89	89	92	96.73913043478261
49300	89	89	92	96.73913043478261
49400	89	89	92	96.73913043478261
49500	89	89	92	96.73913043478261
49600	89	89	92	96.73913043478261
49700	89	89	92	96.73913043478261
49800	89	89	92	96.73913043478261
49900	89	89	93	95.6989247311828
50000	90	90	93	96.7741935483871
50100	90	90	93	96.7741935483871
50200	90	90	93	96.7741935483871
50300	90	90	93	96.7741935483871
50400	91	91	94	96.80851063829788
50500	91	91	94	96.80851063829788
50600	91	91	94	96.80851063829788
50700	91	91	94	96.80851063829788
50800	91	91	94	96.80851063829788
50900	93	93	95	97.89473684210527
51000	93	93	95	97.89473684210527
51100	93	93	95	97.89473684210527
51200	93	93	95	97.89473684210527
51300	93	93	95	97.89473684210527
51400	93	93	95	97.89473684210527
51500	93	93	96	96.875
51600	93	93	96	96.875
51700	93	93	96	96.875
51800	94	94	97	96.90721649484536
51900	94	94	97	96.90721649484536
52000	94	94	97	96.90721649484536
52100	94	94	97	96.90721649484536
52200	94	94	97	96.90721649484536
52300	94	94	97	96.90721649484536
52400	96	96	98	97.95918367346938
52500	95	95	98	96.93877551020408
52600	95	95	98	96.93877551020408
52700	95	95	98	96.93877551020408
52800	96	96	98	97.95918367346938
52900	96	96	98	97.95918367346938
53000	96	96	98	97.95918367346938
53100	96	96	98	97.95918367346938
53200	96	96	98	97.95918367346938
53300	96	96	98	97.95918367346938
53400	97	97	99	97.97979797979798
53500	97	97	99	97.97979797979798
53600	97	97	99	97.97979797979798
53700	97	97	99	97.97979797979798
53800	98	98	100	98.0
53900	98	98	100	98.0
54000	98	98	100	98.0
54100	98	98	100	98.0
54200	98	98	100	98.0
54300	98	98	100	98.0
54400	98	98	100	98.0
54500	98	98	100	98.0
54600	98	98	100	98.0
54700	98	98	100	98.0
54800	98	98	100	98.0
54900	98	98	100	98.0
55000	98	98	100	98.0
55100	98	98	100	98.0
55200	98	98	100	98.0
55300	98	98	100	98.0
55400	98	98	100	98.0
55500	98	98	100	98.0
55600	98	98	100	98.0
55700	98	98	100	98.0
55800	98	98	100	98.0
55900	98	98	100	98.0
56000	98	98	100	98.0
56100	98	98	100	98.0
56200	98	98	100	98.0
56300	98	98	100	98.0
56400	98	98	101	97.02970297029702
56500	98	98	101	97.02970297029702
56600	98	98	101	97.02970297029702
56700	98	98	101	97.02970297029702
56800	98	98	101	97.02970297029702
56900	98	98	101	97.02970297029702
57000	98	98	101	97.02970297029702
57100	98	98	101	97.02970297029702
57200	98	98	101	97.02970297029702
57300	98	98	101	97.02970297029702
57400	98	98	101	97.02970297029702
57500	98	98	101	97.02970297029702
57600	98	98	101	97.02970297029702
57700	98	98	101	97.02970297029702
57800	98	98	101	97.02970297029702
57900	98	98	101	97.02970297029702
58000	98	98	101	97.02970297029702
58100	98	98	101	97.02970297029702
58200	98	98	101	97.02970297029702
58300	98	98	101	97.02970297029702
58400	99	99	103	96.11650485436894
58500	100	100	103	97.0873786407767
58600	100	100	103	97.0873786407767
58700	100	100	103	97.0873786407767
58800	100	100	103	97.0873786407767
58900	101	101	104	97.11538461538461
59000	101	101	104	97.11538461538461
59100	101	101	104	97.11538461538461
59200	101	101	104	97.11538461538461
59300	101	101	104	97.11538461538461
59400	101	101	104	97.11538461538461
59500	101	101	104	97.11538461538461
59600	102	102	105	97.14285714285714
59700	102	102	105	97.14285714285714
59800	102	102	105	97.14285714285714
59900	102	102	105	97.14285714285714
60000	102	102	105	97.14285714285714
60100	102	102	105	97.14285714285714
60200	103	103	106	97.16981132075472
60300	103	103	106	97.16981132075472
60400	103	103	106	97.16981132075472
60500	104	104	107	97.19626168224299
60600	104	104	107	97.19626168224299
60700	104	104	107	97.19626168224299
60800	104	104	108	96.29629629629629
60900	104	104	108	96.29629629629629
61000	104	104	108	96.29629629629629
61100	104	104	108	96.29629629629629
61200	105	105	108	97.22222222222221
61300	105	105	108	97.22222222222221
61400	105	105	108	97.22222222222221
61500	105	105	108	97.22222222222221
61600	105	105	108	97.22222222222221
61700	106	106	109	97.24770642201835
61800	106	106	109	97.24770642201835
61900	106	106	109	97.24770642201835
62000	106	106	109	97.24770642201835
62100	106	106	109	97.24770642201835
62200	106	106	109	97.24770642201835
62300	106	106	109	97.24770642201835
62400	106	106	109	97.24770642201835
62500	106	106	109	97.24770642201835
62600	107	107	110	97.27272727272728
62700	107	107	110	97.27272727272728
62800	107	107	110	97.27272727272728
62900	107	107	110	97.27272727272728
63000	107	107	110	97.27272727272728
63100	107	107	110	97.27272727272728
63200	107	107	110	97.27272727272728
63300	107	107	110	97.27272727272728
63400	107	107	110	97.27272727272728
63500	107	107	110	97.27272727272728
63600	107	107	110	97.27272727272728
63700	107	107	110	97.27272727272728
63800	107	107	110	97.27272727272728
63900	107	107	110	97.27272727272728
64000	107	107	110	97.27272727272728
64100	107	107	110	97.27272727272728
64200	107	107	110	97.27272727272728
64300	107	107	110	97.27272727272728
64400	108	108	111	97.2972972972973
64500	108	108	111	97.2972972972973
64600	109	109	112	97.32142857142857
64700	110	110	113	97.34513274336283
64800	110	110	113	97.34513274336283
64900	110	110	113	97.34513274336283
65000	110	110	114	96.49122807017544
65100	111	111	115	96.52173913043478
65200	111	111	115	96.52173913043478
65300	112	112	115	97.3913043478261
65400	112	112	115	97.3913043478261
65500	112	112	115	97.3913043478261
65600	112	112	115	97.3913043478261
65700	113	113	116	97.41379310344827
65800	113	113	116	97.41379310344827
65900	113	113	116	97.41379310344827
66000	113	113	116	97.41379310344827
66100	113	113	116	97.41379310344827
66200	113	113	116	97.41379310344827
66300	113	113	116	97.41379310344827
66400	113	113	116	97.41379310344827
66500	113	113	116	97.41379310344827
66600	113	113	116	97.41379310344827
66700	113	113	116	97.41379310344827
66800	113	113	116	97.41379310344827
66900	113	113	116	97.41379310344827
67000	113	113	116	97.41379310344827
67100	113	113	116	97.41379310344827
67200	113	113	116	97.41379310344827
67300	113	113	116	97.41379310344827
67400	113	113	116	97.41379310344827
67500	113	113	116	97.41379310344827
67600	113	113	116	97.41379310344827
67700	114	114	117	97.43589743589743
67800	114	114	118	96.61016949152543
67900	114	114	118	96.61016949152543
68000	114	114	118	96.61016949152543
68100	114	114	118	96.61016949152543
68200	114	114	118	96.61016949152543
68300	114	114	118	96.61016949152543
68400	114	114	118	96.61016949152543
68500	115	115	119	96.63865546218487
68600	115	115	119	96.63865546218487
68700	115	115	119	96.63865546218487
68800	115	115	119	96.63865546218487
68900	115	115	119	96.63865546218487
69000	115	115	119	96.63865546218487
69100	115	115	119	96.63865546218487
69200	115	115	119	96.63865546218487
69300	116	116	120	96.66666666666667
69400	116	116	120	96.66666666666667
69500	116	116	120	96.66666666666667
69600	116	116	120	96.66666666666667
69700	116	116	120	96.66666666666667
69800	116	116	120	96.66666666666667
69900	116	116	120	96.66666666666667
70000	116	116	120	96.66666666666667
70100	116	116	120	96.66666666666667
70200	116	116	120	96.66666666666667
70300	116	116	120	96.66666666666667
70400	116	116	120	96.66666666666667
70500	116	116	120	96.66666666666667
70600	116	116	120	96.66666666666667
70700	116	116	120	96.66666666666667
70800	116	116	120	96.66666666666667
70900	116	116	120	96.66666666666667
71000	116	116	120	96.66666666666667
71100	116	116	120	96.66666666666667
71200	116	116	120	96.66666666666667
71300	116	116	120	96.66666666666667
71400	116	116	120	96.66666666666667
71500	116	116	120	96.66666666666667
71600	116	116	120	96.66666666666667
71700	116	116	120	96.66666666666667
71800	116	116	120	96.66666666666667
71900	116	116	120	96.66666666666667
72000	117	117	121	96.69421487603306
72100	117	117	122	95.90163934426229
72200	117	117	122	95.90163934426229
72300	117	117	122	95.90163934426229
72400	117	117	122	95.90163934426229
72500	117	117	122	95.90163934426229
72600	117	117	122	95.90163934426229
72700	118	118	122	96.72131147540983
72800	119	119	123	96.7479674796748
72900	119	119	123	96.7479674796748
73000	119	119	123	96.7479674796748
73100	119	119	123	96.7479674796748
73200	119	119	123	96.7479674796748
73300	119	119	123	96.7479674796748
73400	119	119	123	96.7479674796748
73500	119	119	123	96.7479674796748
73600	120	120	124	96.7741935483871
73700	120	120	124	96.7741935483871
73800	120	120	124	96.7741935483871
73900	120	120	124	96.7741935483871
74000	120	120	124	96.7741935483871
74100	120	120	124	96.7741935483871
74200	120	120	124	96.7741935483871
74300	120	120	124	96.7741935483871
74400	120	120	124	96.7741935483871
74500	120	120	124	96.7741935483871
74600	120	120	124	96.7741935483871
74700	120	120	124	96.7741935483871
74800	120	120	124	96.7741935483871
74900	120	120	124	96.7741935483871
75000	120	120	124	96.7741935483871
75100	120	120	124	96.7741935483871
75200	120	120	124	96.7741935483871
75300	120	120	124	96.7741935483871
75400	120	120	124	96.7741935483871
75500	121	121	127	95.2755905511811
75600	122	122	128	95.3125
75700	122	122	128	95.3125
75800	122	122	128	95.3125
75900	122	122	128	95.3125
76000	122	122	128	95.3125
76100	122	122	128	95.3125
76200	122	122	128	95.3125
76300	122	122	128	95.3125
76400	122	122	128	95.3125
76500	122	122	128	95.3125
76600	123	123	129	95.34883720930233
76700	123	123	129	95.34883720930233
76800	123	123	129	95.34883720930233
76900	123	123	129	95.34883720930233
77000	123	123	129	95.34883720930233
77100	123	123	129	95.34883720930233
77200	123	123	129	95.34883720930233
77300	123	123	129	95.34883720930233
77400	123	123	129	95.34883720930233
77500	124	124	130	95.38461538461539
77600	124	124	130	95.38461538461539
77700	124	124	130	95.38461538461539
77800	124	124	130	95.38461538461539
77900	124	124	130	95.38461538461539
78000	124	124	130	95.38461538461539
78100	124	124	130	95.38461538461539
78200	124	124	130	95.38461538461539
78300	124	124	130	95.38461538461539
78400	125	125	131	95.41984732824427
78500	126	126	133	94.73684210526315
78600	126	126	133	94.73684210526315
78700	126	126	133	94.73684210526315
78800	126	126	133	94.73684210526315
78900	126	126	133	94.73684210526315
79000	126	126	133	94.73684210526315
79100	127	127	133	95.48872180451127
79200	128	128	134	95.52238805970148
79300	128	128	134	95.52238805970148
79400	128	128	134	95.52238805970148
79500	128	128	134	95.52238805970148
79600	128	128	134	95.52238805970148
79700	129	129	134	96.26865671641791
79800	129	129	134	96.26865671641791
79900	129	129	134	96.26865671641791
80000	129	129	134	96.26865671641791
80100	129	129	134	96.26865671641791
80200	129	129	135	95.55555555555556
80300	129	129	135	95.55555555555556
80400	131	131	136	96.32352941176471
80500	131	131	136	96.32352941176471
80600	131	131	136	96.32352941176471
80700	131	131	136	96.32352941176471
80800	131	131	136	96.32352941176471
80900	131	131	136	96.32352941176471
81000	131	131	136	96.32352941176471
81100	131	131	136	96.32352941176471
81200	132	132	137	96.35036496350365
81300	132	132	137	96.35036496350365
81400	132	132	137	96.35036496350365
81500	132	132	137	96.35036496350365
81600	132	132	137	96.35036496350365
81700	132	132	137	96.35036496350365
81800	132	132	137	96.35036496350365
81900	132	132	137	96.35036496350365
82000	132	132	137	96.35036496350365
82100	132	132	137	96.35036496350365
82200	132	132	137	96.35036496350365
82300	132	132	137	96.35036496350365
82400	132	132	137	96.35036496350365
82500	133	133	138	96.37681159420289
82600	133	133	138	96.37681159420289
82700	133	133	138	96.37681159420289
82800	133	133	138	96.37681159420289
82900	133	133	138	96.37681159420289
83000	133	133	139	95.68345323741008
83100	133	133	139	95.68345323741008
83200	133	133	139	95.68345323741008
83300	133	133	139	95.68345323741008
83400	133	133	139	95.68345323741008
83500	134	134	140	95.71428571428572
83600	134	134	140	95.71428571428572
83700	134	134	140	95.71428571428572
83800	135	135	140	96.42857142857143
83900	135	135	140	96.42857142857143
84000	135	135	140	96.42857142857143
84100	135	135	140	96.42857142857143
84200	135	135	140	96.42857142857143
84300	135	135	140	96.42857142857143
84400	135	135	140	96.42857142857143
84500	135	135	140	96.42857142857143
84600	135	135	140	96.42857142857143
84700	135	135	140	96.42857142857143
84800	135	135	140	96.42857142857143
84900	135	135	140	96.42857142857143
85000	135	135	140	96.42857142857143
85100	136	136	141	96.45390070921985
85200	136	136	141	96.45390070921985
85300	136	136	141	96.45390070921985
85400	136	136	141	96.45390070921985
85500	136	136	141	96.45390070921985
85600	136	136	141	96.45390070921985
85700	136	136	141	96.45390070921985
85800	136	136	141	96.45390070921985
85900	136	136	141	96.45390070921985
86000	136	136	141	96.45390070921985
86100	137	137	142	96.47887323943662
86200	137	137	142	96.47887323943662
86300	137	137	142	96.47887323943662
86400	137	137	142	96.47887323943662
86500	137	137	142	96.47887323943662
86600	137	137	142	96.47887323943662
86700	137	137	142	96.47887323943662
86800	137	137	142	96.47887323943662
86900	137	137	142	96.47887323943662
87000	137	137	142	96.47887323943662
87100	137	137	142	96.47887323943662
87200	137	137	142	96.47887323943662
87300	137	137	142	96.47887323943662
87400	137	137	142	96.47887323943662
87500	137	137	142	96.47887323943662
87600	137	137	142	96.47887323943662
87700	137	137	143	95.8041958041958
87800	138	138	144	95.83333333333334
87900	139	139	144	96.52777777777779
88000	139	139	144	96.52777777777779
88100	139	139	144	96.52777777777779
88200	139	139	144	96.52777777777779
88300	139	139	144	96.52777777777779
88400	139	139	144	96.52777777777779
88500	139	139	144	96.52777777777779
88600	139	139	144	96.52777777777779
88700	139	139	144	96.52777777777779
88800	140	140	145	96.55172413793103
88900	140	140	145	96.55172413793103
89000	140	140	145	96.55172413793103
89100	140	140	145	96.55172413793103
89200	140	140	145	96.55172413793103
89300	140	140	145	96.55172413793103
89400	140	140	146	95.8904109589041
89500	140	140	147	95.23809523809523
89600	140	140	147	95.23809523809523
89700	140	140	147	95.23809523809523
89800	141	141	147	95.91836734693877
89900	141	141	147	95.91836734693877
90000	141	141	147	95.91836734693877
90100	141	141	147	95.91836734693877
90200	141	141	147	95.91836734693877
90300	141	141	147	95.91836734693877
90400	141	141	147	95.91836734693877
90500	141	141	147	95.91836734693877
90600	141	141	147	95.91836734693877
90700	141	141	147	95.91836734693877
90800	141	141	147	95.91836734693877
90900	141	141	147	95.91836734693877
91000	141	141	147	95.91836734693877
91100	141	141	147	95.91836734693877
91200	141	141	147	95.91836734693877
91300	141	141	147	95.91836734693877
91400	141	141	147	95.91836734693877
91500	141	141	147	95.91836734693877
91600	141	141	147	95.91836734693877
91700	141	141	147	95.91836734693877
91800	141	141	147	95.91836734693877
91900	141	141	147	95.91836734693877
92000	142	142	148	95.94594594594594
92100	142	142	148	95.94594594594594
92200	142	142	148	95.94594594594594
92300	142	142	148	95.94594594594594
92400	142	142	148	95.94594594594594
92500	143	143	150	95.33333333333334
92600	143	143	150	95.33333333333334
92700	143	143	150	95.33333333333334
92800	143	143	150	95.33333333333334
92900	143	143	150	95.33333333333334
93000	143	143	150	95.33333333333334
93100	143	143	150	95.33333333333334
93200	143	143	150	95.33333333333334
93300	143	143	150	95.33333333333334
93400	143	143	151	94.70198675496688
93500	144	144	152	94.73684210526315
93600	144	144	152	94.73684210526315
93700	145	145	152	95.39473684210526
93800	146	146	153	95.42483660130719
93900	147	147	153	96.07843137254902
94000	147	147	153	96.07843137254902
94100	147	147	153	96.07843137254902
94200	147	147	153	96.07843137254902
94300	147	147	153	96.07843137254902
94400	148	148	154	96.1038961038961
94500	149	149	155	96.12903225806451
94600	149	149	155	96.12903225806451
94700	149	149	155	96.12903225806451
94800	149	149	155	96.12903225806451
94900	149	149	155	96.12903225806451
95000	149	149	155	96.12903225806451
95100	149	149	155	96.12903225806451
95200	149	149	155	96.12903225806451
95300	149	149	155	96.12903225806451
95400	149	149	155	96.12903225806451
95500	149	149	155	96.12903225806451
95600	149	149	155	96.12903225806451
95700	149	149	155	96.12903225806451
95800	149	149	155	96.12903225806451
95900	149	149	155	96.12903225806451
96000	149	149	155	96.12903225806451
96100	149	149	155	96.12903225806451
96200	149	149	155	96.12903225806451
96300	149	149	155	96.12903225806451
96400	149	149	155	96.12903225806451
96500	149	149	155	96.12903225806451
96600	149	149	155	96.12903225806451
96700	149	149	155	96.12903225806451
96800	149	149	155	96.12903225806451
96900	149	149	155	96.12903225806451
97000	149	149	155	96.12903225806451
97100	149	149	156	95.51282051282051
97200	149	149	156	95.51282051282051
97300	149	149	156	95.51282051282051
97400	149	149	156	95.51282051282051
97500	150	150	157	95.54140127388536
97600	150	150	157	95.54140127388536
97700	151	151	158	95.56962025316456
97800	151	151	158	95.56962025316456
97900	151	151	158	95.56962025316456
98000	151	151	158	95.56962025316456
98100	151	151	158	95.56962025316456
98200	151	151	158	95.56962025316456
98300	151	151	158	95.56962025316456
98400	151	151	158	95.56962025316456
98500	151	151	158	95.56962025316456
98600	151	151	158	95.56962025316456
98700	151	151	158	95.56962025316456
98800	152	152	159	95.59748427672956
98900	153	153	160	95.625
99000	153	153	160	95.625
99100	154	154	160	96.25
99200	154	154	160	96.25
99300	155	155	161	96.27329192546584
99400	155	155	161	96.27329192546584
99500	155	155	161	96.27329192546584
99600	155	155	161	96.27329192546584
99700	155	155	161	96.27329192546584
99800	155	155	161	96.27329192546584
99900	155	155	161	96.27329192546584
100000	155	155	161	96.27329192546584
100100	155	155	161	96.27329192546584
100200	155	155	161	96.27329192546584
100300	155	155	161	96.27329192546584
100400	155	155	161	96.27329192546584
100500	155	155	161	96.27329192546584
100600	155	155	161	96.27329192546584
100700	157	157	162	96.91358024691358
100800	157	157	162	96.91358024691358
100900	157	157	162	96.91358024691358
101000	157	157	162	96.91358024691358
101100	157	157	162	96.91358024691358
101200	157	157	162	96.91358024691358
101300	158	158	163	96.93251533742331
101400	159	159	164	96.95121951219512
101500	159	159	164	96.95121951219512
101600	159	159	164	96.95121951219512
101700	159	159	164	96.95121951219512
101800	159	159	164	96.95121951219512
101900	159	159	164	96.95121951219512
102000	159	159	164	96.95121951219512
102100	159	159	164	96.95121951219512
102200	159	159	164	96.95121951219512
102300	159	159	164	96.95121951219512
102400	159	159	164	96.95121951219512
102500	159	159	164	96.95121951219512
102600	159	159	164	96.95121951219512
102700	159	159	164	96.95121951219512
102800	159	159	164	96.95121951219512
102900	159	159	164	96.95121951219512
103000	159	159	164	96.95121951219512
103100	159	159	164	96.95121951219512
103200	159	159	164	96.95121951219512
103300	159	159	164	96.95121951219512
103400	159	159	164	96.95121951219512
103500	159	159	164	96.95121951219512
103600	159	159	164	96.95121951219512
103700	159	159	164	96.95121951219512
103800	159	159	164	96.95121951219512
103900	159	159	164	96.95121951219512
104000	160	160	165	96.96969696969697
104100	160	160	165	96.96969696969697
104200	160	160	165	96.96969696969697
104300	160	160	165	96.96969696969697
104400	160	160	165	96.96969696969697
104500	160	160	165	96.96969696969697
104600	160	160	165	96.96969696969697
104700	160	160	165	96.96969696969697
104800	161	161	166	96.98795180722891
104900	161	161	166	96.98795180722891
105000	162	162	167	97.0059880239521
105100	162	162	167	97.0059880239521
105200	162	162	167	97.0059880239521
105300	163	163	168	97.02380952380952
105400	163	163	168	97.02380952380952
105500	163	163	168	97.02380952380952
105600	163	163	168	97.02380952380952
105700	163	163	168	97.02380952380952
105800	163	163	168	97.02380952380952
105900	163	163	168	97.02380952380952
106000	163	163	168	97.02380952380952
106100	163	163	168	97.02380952380952
106200	163	163	168	97.02380952380952
106300	163	163	168	97.02380952380952
106400	163	163	168	97.02380952380952
106500	163	163	168	97.02380952380952
106600	163	163	168	97.02380952380952
106700	163	163	168	97.02380952380952
106800	163	163	168	97.02380952380952
106900	164	164	169	97.0414201183432
107000	164	164	169	97.0414201183432
107100	164	164	170	96.47058823529412
107200	164	164	170	96.47058823529412
107300	164	164	170	96.47058823529412
107400	164	164	170	96.47058823529412
107500	164	164	170	96.47058823529412
107600	164	164	170	96.47058823529412
107700	164	164	170	96.47058823529412
107800	164	164	170	96.47058823529412
107900	165	165	171	96.49122807017544
108000	165	165	171	96.49122807017544
108100	165	165	171	96.49122807017544
108200	166	166	172	96.51162790697676
108300	168	168	174	96.55172413793103
108400	168	168	174	96.55172413793103
108500	168	168	174	96.55172413793103
108600	168	168	174	96.55172413793103
108700	168	168	174	96.55172413793103
108800	168	168	174	96.55172413793103
108900	169	169	175	96.57142857142857
109000	169	169	175	96.57142857142857
109100	169	169	175	96.57142857142857
109200	169	169	175	96.57142857142857
109300	170	170	176	96.5909090909091
109400	170	170	176	96.5909090909091
109500	170	170	176	96.5909090909091
109600	170	170	176	96.5909090909091
109700	170	170	177	96.045197740113
109800	170	170	177	96.045197740113
109900	170	170	177	96.045197740113
110000	171	171	178	96.06741573033707
110100	171	171	178	96.06741573033707
110200	172	172	179	96.08938547486034
110300	172	172	179	96.08938547486034
110400	172	172	179	96.08938547486034
110500	172	172	179	96.08938547486034
110600	172	172	179	96.08938547486034
110700	172	172	179	96.08938547486034
110800	172	172	179	96.08938547486034
110900	172	172	179	96.08938547486034
111000	172	172	179	96.08938547486034
111100	173	173	180	96.11111111111111
111200	173	173	180	96.11111111111111
111300	173	173	180	96.11111111111111
111400	173	173	180	96.11111111111111
111500	173	173	180	96.11111111111111
111600	173	173	180	96.11111111111111
111700	173	173	180	96.11111111111111
111800	173	173	180	96.11111111111111
111900	173	173	180	96.11111111111111
112000	173	173	180	96.11111111111111
112100	173	173	180	96.11111111111111
112200	173	173	180	96.11111111111111
112300	173	173	180	96.11111111111111
112400	173	173	180	96.11111111111111
112500	174	174	181	96.13259668508287
112600	174	174	181	96.13259668508287
112700	174	174	181	96.13259668508287
112800	174	174	181	96.13259668508287
112900	174	174	181	96.13259668508287
113000	175	175	182	96.15384615384616
113100	176	176	183	96.17486338797814
113200	176	176	183	96.17486338797814
113300	176	176	183	96.17486338797814
113400	176	176	183	96.17486338797814
113500	176	176	183	96.17486338797814
113600	176	176	183	96.17486338797814
113700	176	176	184	95.65217391304348
113800	176	176	184	95.65217391304348
113900	176	176	185	95.13513513513514
114000	176	176	185	95.13513513513514
114100	177	177	186	95.16129032258065
114200	177	177	186	95.16129032258065
114300	177	177	186	95.16129032258065
114400	177	177	186	95.16129032258065
114500	179	179	188	95.2127659574468
114600	179	179	188	95.2127659574468
114700	179	179	188	95.2127659574468
114800	179	179	188	95.2127659574468
114900	179	179	188	95.2127659574468
115000	179	179	188	95.2127659574468
115100	179	179	188	95.2127659574468
115200	179	179	188	95.2127659574468
115300	180	180	189	95.23809523809523
115400	180	180	189	95.23809523809523
115500	180	180	189	95.23809523809523
115600	181	181	190	95.26315789473684
115700	182	182	191	95.28795811518324
115800	182	182	191	95.28795811518324
115900	182	182	191	95.28795811518324
116000	182	182	191	95.28795811518324
116100	182	182	191	95.28795811518324
116200	182	182	191	95.28795811518324
116300	182	182	191	95.28795811518324
116400	182	182	191	95.28795811518324
116500	182	182	191	95.28795811518324
116600	182	182	191	95.28795811518324
116700	182	182	191	95.28795811518324
116800	184	184	193	95.33678756476684
116900	184	184	193	95.33678756476684
117000	184	184	193	95.33678756476684
117100	184	184	193	95.33678756476684
117200	184	184	193	95.33678756476684
117300	184	184	193	95.33678756476684
117400	184	184	193	95.33678756476684
117500	184	184	193	95.33678756476684
117600	184	184	193	95.33678756476684
117700	184	184	193	95.33678756476684
117800	184	184	193	95.33678756476684
117900	184	184	193	95.33678756476684
118000	184	184	193	95.33678756476684
118100	184	184	193	95.33678756476684
118200	184	184	193	95.33678756476684
118300	184	184	193	95.33678756476684
118400	184	184	193	95.33678756476684
118500	184	184	193	95.33678756476684
118600	185	185	194	95.36082474226805
118700	185	185	194	95.36082474226805
118800	185	185	195	94.87179487179486
118900	185	185	195	94.87179487179486
119000	186	186	195	95.38461538461539
119100	186	186	195	95.38461538461539
119200	186	186	196	94.89795918367348
119300	186	186	196	94.89795918367348
119400	186	186	196	94.89795918367348
119500	186	186	196	94.89795918367348
119600	186	186	196	94.89795918367348
119700	186	186	196	94.89795918367348
119800	186	186	196	94.89795918367348
119900	186	186	196	94.89795918367348
120000	186	186	196	94.89795918367348
120100	186	186	196	94.89795918367348
120200	186	186	196	94.89795918367348
120300	186	186	196	94.89795918367348
120400	186	186	196	94.89795918367348
120500	186	186	196	94.89795918367348
120600	186	186	196	94.89795918367348
120700	187	187	197	94.9238578680203
120800	187	187	198	94.44444444444444
120900	187	187	198	94.44444444444444
121000	187	187	198	94.44444444444444
121100	187	187	198	94.44444444444444
121200	187	187	198	94.44444444444444
121300	187	187	198	94.44444444444444
121400	188	188	198	94.94949494949495
121500	188	188	198	94.94949494949495
121600	188	188	198	94.94949494949495
121700	189	189	199	94.9748743718593
121800	189	189	199	94.9748743718593
121900	189	189	199	94.9748743718593
122000	189	189	199	94.9748743718593
122100	189	189	199	94.9748743718593
122200	190	190	199	95.47738693467338
122300	190	190	199	95.47738693467338
122400	190	190	199	95.47738693467338
122500	190	190	199	95.47738693467338
122600	190	190	199	95.47738693467338
122700	190	190	199	95.47738693467338
122800	190	190	199	95.47738693467338
122900	190	190	199	95.47738693467338
123000	190	190	199	95.47738693467338
123100	190	190	199	95.47738693467338
123200	190	190	199	95.47738693467338
123300	190	190	199	95.47738693467338
123400	190	190	199	95.47738693467338
123500	191	191	200	95.5
123600	191	191	200	95.5
123700	191	191	200	95.5
123800	191	191	200	95.5
123900	191	191	200	95.5
124000	191	191	200	95.5
124100	191	191	200	95.5
124200	191	191	200	95.5
124300	191	191	200	95.5
124400	192	192	201	95.52238805970148
124500	192	192	201	95.52238805970148
124600	192	192	201	95.52238805970148
124700	192	192	201	95.52238805970148
124800	192	192	201	95.52238805970148
124900	192	192	201	95.52238805970148
125000	192	192	201	95.52238805970148
125100	192	192	201	95.52238805970148
125200	192	192	201	95.52238805970148
125300	193	193	202	95.54455445544554
125400	193	193	202	95.54455445544554
125500	193	193	203	95.07389162561576
125600	193	193	203	95.07389162561576
125700	193	193	203	95.07389162561576
125800	193	193	203	95.07389162561576
125900	193	193	203	95.07389162561576
126000	193	193	203	95.07389162561576
126100	193	193	203	95.07389162561576
126200	193	193	203	95.07389162561576
126300	194	194	204	95.09803921568627
126400	194	194	204	95.09803921568627
126500	194	194	204	95.09803921568627
126600	194	194	204	95.09803921568627
126700	195	195	205	95.1219512195122
126800	195	195	205	95.1219512195122
126900	195	195	205	95.1219512195122
127000	195	195	205	95.1219512195122
127100	195	195	205	95.1219512195122
127200	195	195	205	95.1219512195122
127300	196	196	206	95.14563106796116
127400	197	197	207	95.16908212560386
127500	197	197	207	95.16908212560386
127600	197	197	207	95.16908212560386
127700	197	197	207	95.16908212560386
127800	197	197	207	95.16908212560386
127900	197	197	207	95.16908212560386
128000	197	197	207	95.16908212560386
128100	198	198	208	95.1923076923077
128200	198	198	208	95.1923076923077
128300	199	199	209	95.21531100478468
128400	199	199	209	95.21531100478468
128500	199	199	209	95.21531100478468
128600	200	200	210	95.23809523809523
128700	201	201	211	95.260663507109
128800	201	201	211	95.260663507109
128900	201	201	212	94.81132075471697
129000	203	203	214	94.85981308411215
129100	204	204	214	95.32710280373831
129200	203	203	214	94.85981308411215
129300	203	203	214	94.85981308411215
129400	205	205	215	95.34883720930233
129500	205	205	215	95.34883720930233
129600	205	205	215	95.34883720930233
129700	205	205	215	95.34883720930233
129800	205	205	215	95.34883720930233
129900	205	205	215	95.34883720930233
130000	205	205	215	95.34883720930233
130100	206	206	216	95.37037037037037
130200	206	206	216	95.37037037037037
130300	206	206	216	95.37037037037037
130400	206	206	216	95.37037037037037
130500	206	206	216	95.37037037037037
130600	206	206	216	95.37037037037037
130700	206	206	216	95.37037037037037
130800	206	206	216	95.37037037037037
130900	206	206	216	95.37037037037037
131000	206	206	216	95.37037037037037
131100	206	206	216	95.37037037037037
131200	207	207	217	95.39170506912443
131300	207	207	217	95.39170506912443
131400	207	207	218	94.95412844036697
131500	207	207	218	94.95412844036697
131600	207	207	218	94.95412844036697
131700	207	207	218	94.95412844036697
131800	207	207	218	94.95412844036697
131900	208	208	219	94.97716894977168
132000	208	208	220	94.54545454545455
132100	208	208	220	94.54545454545455
132200	208	208	220	94.54545454545455
132300	208	208	220	94.54545454545455
132400	209	209	221	94.57013574660633
132500	209	209	221	94.57013574660633
132600	210	210	222	94.5945945945946
132700	210	210	222	94.5945945945946
132800	210	210	222	94.5945945945946
132900	210	210	222	94.5945945945946
133000	210	210	222	94.5945945945946
133100	210	210	222	94.5945945945946
133200	210	210	223	94.17040358744396
133300	210	210	223	94.17040358744396
133400	210	210	223	94.17040358744396
133500	210	210	223	94.17040358744396
133600	210	210	223	94.17040358744396
133700	211	211	224	94.19642857142857
133800	211	211	224	94.19642857142857
133900	212	212	225	94.22222222222221
134000	212	212	225	94.22222222222221
134100	212	212	225	94.22222222222221
134200	212	212	225	94.22222222222221
134300	212	212	225	94.22222222222221
134400	212	212	225	94.22222222222221
134500	212	212	225	94.22222222222221
134600	212	212	225	94.22222222222221
134700	212	212	225	94.22222222222221
134800	212	212	225	94.22222222222221
134900	212	212	225	94.22222222222221
135000	212	212	225	94.22222222222221
135100	212	212	225	94.22222222222221
135200	212	212	225	94.22222222222221
135300	212	212	225	94.22222222222221
135400	212	212	225	94.22222222222221
135500	212	212	225	94.22222222222221
135600	212	212	225	94.22222222222221
135700	212	212	225	94.22222222222221
135800	212	212	225	94.22222222222221
135900	212	212	225	94.22222222222221
136000	212	212	225	94.22222222222221
136100	212	212	225	94.22222222222221
136200	212	212	225	94.22222222222221
136300	212	212	225	94.22222222222221
136400	212	212	225	94.22222222222221
136500	213	213	226	94.24778761061947
136600	213	213	227	93.83259911894272
136700	213	213	227	93.83259911894272
136800	213	213	227	93.83259911894272
136900	213	213	227	93.83259911894272
137000	213	213	227	93.83259911894272
137100	213	213	227	93.83259911894272
137200	213	213	227	93.83259911894272
137300	214	214	227	94.27312775330397
137400	214	214	227	94.27312775330397
137500	215	215	228	94.2982456140351
137600	215	215	228	94.2982456140351
137700	215	215	228	94.2982456140351
137800	215	215	228	94.2982456140351
137900	215	215	228	94.2982456140351
138000	215	215	228	94.2982456140351
138100	215	215	228	94.2982456140351
138200	215	215	228	94.2982456140351
138300	215	215	228	94.2982456140351
138400	215	215	228	94.2982456140351
138500	215	215	228	94.2982456140351
138600	215	215	228	94.2982456140351
138700	215	215	228	94.2982456140351
138800	215	215	228	94.2982456140351
138900	215	215	228	94.2982456140351
139000	215	215	228	94.2982456140351
139100	215	215	228	94.2982456140351
139200	215	215	228	94.2982456140351
139300	216	216	229	94.32314410480349
139400	216	216	229	94.32314410480349
139500	216	216	229	94.32314410480349
139600	218	218	231	94.37229437229438
139700	218	218	231	94.37229437229438
139800	218	218	231	94.37229437229438
139900	218	218	231	94.37229437229438
140000	218	218	231	94.37229437229438
140100	218	218	231	94.37229437229438
140200	218	218	231	94.37229437229438
140300	219	219	232	94.39655172413794
140400	219	219	232	94.39655172413794
140500	219	219	232	94.39655172413794
140600	220	220	233	94.4206008583691
140700	219	219	233	93.99141630901288
140800	220	220	233	94.4206008583691
140900	220	220	233	94.4206008583691
141000	221	221	234	94.44444444444444
141100	222	222	236	94.0677966101695
141200	221	221	236	93.64406779661016
141300	221	221	236	93.64406779661016
141400	221	221	236	93.64406779661016
141500	221	221	236	93.64406779661016
141600	221	221	236	93.64406779661016
141700	222	222	236	94.0677966101695
141800	222	222	236	94.0677966101695
141900	222	222	236	94.0677966101695
142000	222	222	236	94.0677966101695
142100	222	222	236	94.0677966101695
142200	222	222	237	93.67088607594937
142300	222	222	237	93.67088607594937
142400	222	222	237	93.67088607594937
142500	223	223	238	93.69747899159664
142600	224	224	238	94.11764705882352
142700	224	224	238	94.11764705882352
142800	224	224	238	94.11764705882352
142900	224	224	238	94.11764705882352
143000	224	224	239	93.72384937238493
143100	224	224	239	93.72384937238493
143200	225	225	239	94.14225941422593
143300	226	226	240	94.16666666666667
143400	226	226	240	94.16666666666667
143500	226	226	240	94.16666666666667
143600	227	227	241	94.1908713692946
143700	227	227	241	94.1908713692946
143800	227	227	241	94.1908713692946
143900	227	227	241	94.1908713692946
144000	227	227	241	94.1908713692946
144100	227	227	241	94.1908713692946
144200	227	227	241	94.1908713692946
144300	227	227	241	94.1908713692946
144400	227	227	241	94.1908713692946
144500	227	227	241	94.1908713692946
144600	227	227	242	93.80165289256198
144700	227	227	242	93.80165289256198
144800	227	227	242	93.80165289256198
144900	227	227	242	93.80165289256198
145000	227	227	242	93.80165289256198
145100	227	227	242	93.80165289256198
145200	227	227	242	93.80165289256198
145300	227	227	242	93.80165289256198
145400	228	228	243	93.82716049382715
145500	228	228	243	93.82716049382715
145600	229	229	244	93.85245901639344
145700	229	229	244	93.85245901639344
145800	229	229	244	93.85245901639344
145900	229	229	244	93.85245901639344
146000	229	229	244	93.85245901639344
146100	230	230	245	93.87755102040816
146200	230	230	245	93.87755102040816
146300	231	231	246	93.90243902439023
146400	231	231	246	93.90243902439023
146500	231	231	246	93.90243902439023
146600	231	231	246	93.90243902439023
146700	231	231	246	93.90243902439023
146800	231	231	248	93.14516129032258
146900	232	232	248	93.54838709677419
147000	232	232	248	93.54838709677419
147100	232	232	249	93.17269076305222
147200	233	233	249	93.57429718875501
147300	233	233	249	93.57429718875501
147400	233	233	249	93.57429718875501
147500	233	233	249	93.57429718875501
147600	233	233	249	93.57429718875501
147700	233	233	249	93.57429718875501
147800	233	233	249	93.57429718875501
147900	233	233	249	93.57429718875501
148000	233	233	249	93.57429718875501
148100	233	233	249	93.57429718875501
148200	233	233	249	93.57429718875501
148300	233	233	249	93.57429718875501
148400	233	233	249	93.57429718875501
148500	233	233	249	93.57429718875501
148600	233	233	249	93.57429718875501
148700	234	234	250	93.60000000000001
148800	234	234	250	93.60000000000001
148900	234	234	250	93.60000000000001
149000	235	235	251	93.62549800796812
149100	235	235	251	93.62549800796812
149200	235	235	251	93.62549800796812
149300	235	235	251	93.62549800796812
149400	235	235	251	93.62549800796812
149500	235	235	251	93.62549800796812
149600	236	236	252	93.65079365079364
149700	236	236	252	93.65079365079364
149800	236	236	252	93.65079365079364
149900	236	236	252	93.65079365079364
150000	236	236	252	93.65079365079364
150100	236	236	252	93.65079365079364
150200	236	236	252	93.65079365079364
150300	236	236	253	93.2806324110672
150400	238	238	254	93.7007874015748
150500	238	238	255	93.33333333333333
150600	238	238	255	93.33333333333333
150700	238	238	256	92.96875
150800	238	238	256	92.96875
150900	238	238	256	92.96875
151000	238	238	256	92.96875
151100	238	238	257	92.60700389105058
151200	239	239	257	92.99610894941634
151300	239	239	257	92.99610894941634
151400	240	240	258	93.02325581395348
151500	240	240	258	93.02325581395348
151600	240	240	258	93.02325581395348
151700	240	240	259	92.66409266409266
151800	241	241	260	92.6923076923077
151900	242	242	262	92.36641221374046
152000	242	242	262	92.36641221374046
152100	242	242	262	92.36641221374046
152200	243	243	262	92.74809160305344
152300	243	243	262	92.74809160305344
152400	243	243	262	92.74809160305344
152500	243	243	262	92.74809160305344
152600	243	243	262	92.74809160305344
152700	244	244	262	93.12977099236642
152800	244	244	262	93.12977099236642
152900	245	245	263	93.15589353612167
153000	245	245	263	93.15589353612167
153100	245	245	263	93.15589353612167
153200	245	245	263	93.15589353612167
153300	245	245	263	93.15589353612167
153400	245	245	263	93.15589353612167
153500	245	245	263	93.15589353612167
153600	245	245	263	93.15589353612167
153700	245	245	263	93.15589353612167
153800	245	245	263	93.15589353612167
153900	245	245	263	93.15589353612167
154000	246	246	264	93.18181818181817
154100	246	246	264	93.18181818181817
154200	246	246	264	93.18181818181817
154300	246	246	264	93.18181818181817
154400	247	247	265	93.20754716981132
154500	247	247	265	93.20754716981132
154600	247	247	265	93.20754716981132
154700	247	247	265	93.20754716981132
154800	247	247	265	93.20754716981132
154900	247	247	265	93.20754716981132
155000	247	247	265	93.20754716981132
155100	247	247	265	93.20754716981132
155200	247	247	265	93.20754716981132
155300	248	248	266	93.23308270676691
155400	248	248	266	93.23308270676691
155500	248	248	266	93.23308270676691
155600	248	248	266	93.23308270676691
155700	248	248	266	93.23308270676691
155800	248	248	266	93.23308270676691
155900	248	248	266	93.23308270676691
156000	248	248	266	93.23308270676691
156100	248	248	266	93.23308270676691
156200	248	248	266	93.23308270676691
156300	248	248	266	93.23308270676691
156400	248	248	266	93.23308270676691
156500	248	248	266	93.23308270676691
156600	248	248	266	93.23308270676691
156700	248	248	266	93.23308270676691
156800	248	248	266	93.23308270676691
156900	249	249	267	93.25842696629213
157000	249	249	267	93.25842696629213
157100	249	249	267	93.25842696629213
157200	249	249	267	93.25842696629213
157300	249	249	267	93.25842696629213
157400	249	249	267	93.25842696629213
157500	249	249	267	93.25842696629213
157600	250	250	268	93.28358208955224
157700	250	250	268	93.28358208955224
157800	250	250	268	93.28358208955224
157900	250	250	268	93.28358208955224
158000	250	250	268	93.28358208955224
158100	250	250	268	93.28358208955224
158200	251	251	269	93.3085501858736
158300	251	251	269	93.3085501858736
158400	251	251	269	93.3085501858736
158500	251	251	269	93.3085501858736
158600	251	251	269	93.3085501858736
158700	251	251	269	93.3085501858736
158800	251	251	269	93.3085501858736
158900	251	251	269	93.3085501858736
159000	251	251	269	93.3085501858736
159100	251	251	269	93.3085501858736
159200	251	251	269	93.3085501858736
159300	251	251	269	93.3085501858736
159400	251	251	269	93.3085501858736
159500	251	251	269	93.3085501858736
159600	252	252	271	92.98892988929889
159700	252	252	271	92.98892988929889
159800	253	253	272	93.01470588235294
159900	255	255	275	92.72727272727272
160000	255	255	275	92.72727272727272
160100	255	255	275	92.72727272727272
160200	255	255	275	92.72727272727272
160300	256	256	276	92.7536231884058
160400	256	256	276	92.7536231884058
160500	256	256	276	92.7536231884058
160600	256	256	276	92.7536231884058
160700	256	256	276	92.7536231884058
160800	256	256	276	92.7536231884058
160900	256	256	276	92.7536231884058
161000	256	256	276	92.7536231884058
161100	257	257	277	92.7797833935018
161200	257	257	277	92.7797833935018
161300	257	257	277	92.7797833935018
161400	257	257	277	92.7797833935018
161500	257	257	277	92.7797833935018
161600	258	258	278	92.80575539568345
161700	260	260	280	92.85714285714286
161800	261	261	282	92.5531914893617
161900	262	262	282	92.90780141843972
162000	262	262	282	92.90780141843972
162100	263	263	283	92.93286219081273
162200	264	264	284	92.95774647887323
162300	264	264	284	92.95774647887323
162400	264	264	284	92.95774647887323
162500	264	264	284	92.95774647887323
162600	264	264	284	92.95774647887323
162700	265	265	285	92.98245614035088
162800	265	265	285	92.98245614035088
162900	265	265	285	92.98245614035088
163000	265	265	285	92.98245614035088
163100	265	265	285	92.98245614035088
163200	265	265	285	92.98245614035088
163300	265	265	285	92.98245614035088
163400	265	265	285	92.98245614035088
163500	265	265	285	92.98245614035088
163600	265	265	285	92.98245614035088
163700	265	265	285	92.98245614035088
163800	265	265	285	92.98245614035088
163900	265	265	285	92.98245614035088
164000	265	265	285	92.98245614035088
164100	265	265	285	92.98245614035088
164200	265	265	285	92.98245614035088
164300	265	265	286	92.65734265734265
164400	265	265	286	92.65734265734265
164500	266	266	288	92.36111111111111
164600	266	266	288	92.36111111111111
164700	266	266	289	92.04152249134948
164800	267	267	290	92.06896551724138
164900	267	267	290	92.06896551724138
165000	267	267	290	92.06896551724138
165100	268	268	291	92.09621993127148
165200	268	268	291	92.09621993127148
165300	268	268	293	91.46757679180887
165400	268	268	293	91.46757679180887
165500	269	269	294	91.49659863945578
165600	269	269	294	91.49659863945578
165700	270	270	296	91.21621621621621
165800	270	270	296	91.21621621621621
165900	270	270	296	91.21621621621621
166000	270	270	297	90.9090909090909
166100	270	270	297	90.9090909090909
166200	270	270	297	90.9090909090909
166300	270	270	297	90.9090909090909
166400	270	270	297	90.9090909090909
166500	271	271	297	91.24579124579124
166600	271	271	297	91.24579124579124
166700	271	271	297	91.24579124579124
166800	271	271	298	90.93959731543623
166900	271	271	298	90.93959731543623
167000	272	272	299	90.96989966555184
167100	272	272	299	90.96989966555184
167200	272	272	299	90.96989966555184
167300	272	272	299	90.96989966555184
167400	273	273	300	91.0
167500	273	273	300	91.0
167600	273	273	300	91.0
167700	273	273	300	91.0
167800	273	273	300	91.0
