#MCS	Adhesion_energy
0	101167.5
100	83430.0
200	84675.0
300	86692.5
400	83130.0
500	84780.0
600	85012.5
700	83092.5
800	82860.0
900	83190.0
1000	84547.5
1100	83250.0
1200	84367.5
1300	84157.5
1400	84802.5
1500	83077.5
1600	84922.5
1700	83895.0
1800	84435.0
1900	83835.0
2000	85485.0
2100	84825.0
2200	84472.5
2300	83940.0
2400	85590.0
2500	84532.5
2600	83835.0
2700	85140.0
2800	84570.0
2900	84817.5
3000	84705.0
3100	85110.0
3200	84652.5
3300	86250.0
3400	85282.5
3500	85777.5
3600	86647.5
3700	85695.0
3800	87240.0
3900	85597.5
4000	85395.0
4100	87225.0
4200	86587.5
4300	86895.0
4400	86932.5
4500	86280.0
4600	86602.5
4700	86715.0
4800	86512.5
4900	86580.0
5000	86797.5
5100	89505.0
5200	88837.5
5300	86737.5
5400	87960.0
5500	87690.0
5600	88335.0
5700	87802.5
5800	89265.0
5900	88905.0
6000	88627.5
6100	89445.0
6200	88702.5
6300	89587.5
6400	90240.0
6500	90157.5
6600	89932.5
6700	90067.5
6800	89535.0
6900	90285.0
7000	90007.5
7100	90825.0
7200	90405.0
7300	90952.5
7400	90667.5
7500	90900.0
7600	91980.0
7700	90480.0
7800	91897.5
7900	92085.0
8000	93022.5
8100	91642.5
8200	92362.5
8300	93682.5
8400	92475.0
8500	95857.5
8600	94447.5
8700	92400.0
8800	93202.5
8900	95115.0
9000	94560.0
9100	96120.0
9200	94027.5
9300	94200.0
9400	94837.5
9500	96082.5
9600	96030.0
9700	97117.5
9800	95550.0
9900	95760.0
10000	95640.0
10100	96540.0
10200	96892.5
10300	97477.5
10400	96510.0
10500	96682.5
10600	97590.0
10700	96712.5
10800	97440.0
10900	99187.5
11000	97455.0
11100	96960.0
11200	96435.0
11300	97335.0
11400	99292.5
11500	97755.0
11600	98955.0
11700	98857.5
11800	97432.5
11900	99997.5
12000	98257.5
12100	99442.5
12200	100185.0
12300	98362.5
12400	99915.0
12500	100837.5
12600	99502.5
12700	100957.5
12800	101310.0
12900	101250.0
13000	101617.5
13100	101122.5
13200	102495.0
13300	101880.0
13400	101640.0
13500	103620.0
13600	103275.0
13700	100860.0
13800	102240.0
13900	102150.0
14000	102367.5
14100	104295.0
14200	104955.0
14300	103485.0
14400	104505.0
14500	104070.0
14600	105742.5
14700	105727.5
14800	104175.0
14900	104677.5
15000	104902.5
15100	105570.0
15200	105772.5
15300	106612.5
15400	106335.0
15500	106837.5
15600	105352.5
15700	106282.5
15800	106207.5
15900	106725.0
16000	108690.0
16100	107505.0
16200	109200.0
16300	108592.5
16400	108420.0
16500	108697.5
16600	108195.0
16700	108082.5
16800	109507.5
16900	110692.5
17000	109620.0
17100	109297.5
17200	110107.5
17300	109612.5
17400	111157.5
17500	112597.5
17600	110595.0
17700	112350.0
17800	112507.5
17900	112702.5
18000	112777.5
18100	112087.5
18200	113385.0
18300	112672.5
18400	113182.5
18500	113955.0
18600	113092.5
18700	114480.0
18800	112672.5
18900	114840.0
19000	114067.5
19100	115192.5
19200	116197.5
19300	114855.0
19400	115732.5
19500	116707.5
19600	115560.0
19700	115890.0
19800	116760.0
19900	115830.0
20000	116737.5
20100	117757.5
20200	116092.5
20300	117720.0
20400	117165.0
20500	117855.0
20600	117150.0
20700	117697.5
20800	119400.0
20900	118387.5
21000	118012.5
21100	119602.5
21200	119542.5
21300	119580.0
21400	119587.5
21500	121762.5
21600	120682.5
21700	121252.5
21800	119557.5
21900	120300.0
22000	120840.0
22100	121035.0
22200	120202.5
22300	121237.5
22400	120367.5
22500	120787.5
22600	123502.5
22700	121792.5
22800	122782.5
22900	123540.0
23000	122805.0
23100	123292.5
23200	123697.5
23300	124545.0
23400	122842.5
23500	123817.5
23600	123967.5
23700	123757.5
23800	123120.0
23900	125167.5
24000	124845.0
24100	122857.5
24200	124305.0
24300	124522.5
24400	125505.0
24500	123885.0
24600	126187.5
24700	125827.5
24800	125865.0
24900	125655.0
25000	128100.0
25100	126420.0
25200	126787.5
25300	126742.5
25400	127425.0
25500	127042.5
25600	128070.0
25700	127290.0
25800	126600.0
25900	129015.0
26000	128370.0
26100	127830.0
26200	129255.0
26300	128130.0
26400	128047.5
26500	129435.0
26600	129367.5
26700	128602.5
26800	128842.5
26900	129727.5
27000	129810.0
27100	129330.0
27200	131122.5
27300	131542.5
27400	131122.5
27500	130777.5
27600	132660.0
27700	132472.5
27800	133237.5
27900	133342.5
28000	132630.0
28100	132637.5
28200	133470.0
28300	133582.5
28400	134182.5
28500	133702.5
28600	134415.0
28700	134887.5
28800	134385.0
28900	133920.0
29000	135420.0
29100	135487.5
29200	135412.5
29300	136020.0
29400	135975.0
29500	136035.0
29600	137242.5
29700	137850.0
29800	138022.5
29900	137715.0
30000	138247.5
30100	137415.0
30200	138622.5
30300	140265.0
30400	140040.0
30500	139267.5
30600	139470.0
30700	141540.0
30800	141225.0
30900	138990.0
31000	141135.0
31100	140100.0
31200	141510.0
31300	140857.5
31400	141270.0
31500	140977.5
31600	142177.5
31700	141562.5
31800	141067.5
31900	142350.0
32000	142530.0
32100	143062.5
32200	143557.5
32300	142965.0
32400	143130.0
32500	144022.5
32600	143220.0
32700	143887.5
32800	144247.5
32900	143707.5
33000	145845.0
33100	144720.0
33200	145687.5
33300	145552.5
33400	144555.0
33500	145860.0
33600	145087.5
33700	146055.0
33800	145957.5
33900	146647.5
34000	146257.5
34100	146632.5
34200	146940.0
34300	146880.0
34400	146115.0
34500	146992.5
34600	146677.5
34700	146610.0
34800	148882.5
34900	148305.0
35000	148335.0
35100	148342.5
35200	148545.0
35300	148515.0
35400	149385.0
35500	148822.5
35600	149280.0
35700	147637.5
35800	149197.5
35900	150367.5
36000	149287.5
36100	149790.0
36200	150495.0
36300	151102.5
36400	150367.5
36500	149542.5
36600	150675.0
36700	150382.5
36800	150727.5
36900	150825.0
37000	152077.5
37100	150630.0
37200	150982.5
37300	151897.5
37400	151807.5
37500	151717.5
37600	152662.5
37700	152715.0
37800	150630.0
37900	151575.0
38000	152685.0
38100	151657.5
38200	151425.0
38300	151935.0
38400	152512.5
38500	151222.5
38600	152670.0
38700	152565.0
38800	152242.5
38900	152805.0
39000	151807.5
39100	153345.0
39200	154192.5
39300	153015.0
39400	154305.0
39500	152745.0
39600	152572.5
39700	153997.5
39800	154170.0
39900	154710.0
40000	155227.5
40100	155100.0
40200	154605.0
40300	156225.0
40400	155625.0
40500	155760.0
40600	155715.0
40700	156817.5
40800	155362.5
40900	156315.0
41000	157245.0
41100	155910.0
41200	156532.5
41300	155872.5
41400	156397.5
41500	157545.0
41600	156825.0
41700	157612.5
41800	158880.0
41900	158940.0
42000	156840.0
42100	156967.5
42200	157717.5
42300	159142.5
42400	158130.0
42500	159255.0
42600	158317.5
42700	158272.5
42800	158452.5
42900	160740.0
43000	159210.0
43100	160807.5
43200	160327.5
43300	159630.0
43400	160957.5
43500	160635.0
43600	160987.5
43700	160942.5
43800	161347.5
43900	160312.5
44000	161355.0
44100	161362.5
44200	160297.5
44300	161347.5
44400	161092.5
44500	161482.5
44600	161505.0
44700	162172.5
44800	163552.5
44900	162637.5
45000	162330.0
45100	163702.5
45200	163297.5
45300	162930.0
45400	163785.0
45500	164017.5
45600	161257.5
45700	164047.5
45800	164400.0
45900	164565.0
46000	164835.0
46100	164122.5
46200	165862.5
46300	164947.5
46400	164985.0
46500	165330.0
46600	165742.5
46700	166305.0
46800	166777.5
46900	166905.0
47000	166065.0
47100	168060.0
47200	166200.0
47300	167220.0
47400	167925.0
47500	167085.0
47600	168577.5
47700	167970.0
47800	168195.0
47900	167730.0
48000	168097.5
48100	168187.5
48200	168120.0
48300	168705.0
48400	169942.5
48500	169222.5
48600	169957.5
48700	170490.0
48800	169672.5
48900	169897.5
49000	171375.0
49100	170700.0
49200	170347.5
49300	170025.0
49400	170910.0
49500	171007.5
49600	171600.0
49700	172200.0
49800	174307.5
49900	174030.0
50000	172440.0
50100	172800.0
50200	173692.5
50300	172237.5
50400	174397.5
50500	174202.5
50600	175342.5
50700	174285.0
50800	174630.0
50900	176902.5
51000	175365.0
51100	174292.5
51200	177337.5
51300	176257.5
51400	176962.5
51500	177030.0
51600	177592.5
51700	175785.0
51800	176242.5
51900	176542.5
52000	176400.0
52100	178012.5
52200	178057.5
52300	176760.0
52400	178020.0
52500	177187.5
52600	180412.5
52700	178635.0
52800	177937.5
52900	180750.0
53000	179835.0
53100	180375.0
53200	179955.0
53300	180150.0
53400	181342.5
53500	179445.0
53600	179302.5
53700	181905.0
53800	180900.0
53900	181222.5
54000	181590.0
54100	180922.5
54200	181890.0
54300	181830.0
54400	181305.0
54500	182835.0
54600	181560.0
54700	183630.0
54800	182257.5
54900	183247.5
55000	182790.0
55100	184852.5
55200	184500.0
55300	183937.5
55400	185857.5
55500	185940.0
55600	184395.0
55700	186517.5
55800	188242.5
55900	184980.0
56000	186847.5
56100	187162.5
56200	187972.5
56300	189112.5
56400	187237.5
56500	189270.0
56600	188460.0
56700	187440.0
56800	189090.0
56900	189802.5
57000	188790.0
57100	189772.5
57200	190035.0
57300	190912.5
57400	191220.0
57500	189757.5
57600	191055.0
57700	191325.0
57800	192300.0
57900	191805.0
58000	193200.0
58100	193177.5
58200	192960.0
58300	192877.5
58400	192517.5
58500	193560.0
58600	193807.5
58700	193642.5
58800	194692.5
58900	194512.5
59000	195757.5
59100	196657.5
59200	193642.5
59300	194752.5
59400	196447.5
59500	196455.0
59600	196897.5
59700	197662.5
59800	197130.0
59900	198090.0
60000	196665.0
60100	198052.5
60200	197482.5
60300	198990.0
60400	198922.5
60500	199492.5
60600	199687.5
60700	199687.5
60800	199575.0
60900	199365.0
61000	202440.0
61100	201607.5
61200	201945.0
61300	201997.5
61400	201450.0
61500	202965.0
61600	200790.0
61700	203992.5
61800	204105.0
61900	204855.0
62000	203715.0
62100	204630.0
62200	205762.5
62300	205012.5
62400	207795.0
62500	205792.5
62600	207405.0
62700	205290.0
62800	208785.0
62900	207262.5
63000	208620.0
63100	209752.5
63200	210000.0
63300	209137.5
63400	210832.5
63500	211035.0
63600	212130.0
63700	212242.5
63800	212797.5
63900	212670.0
64000	213352.5
64100	212610.0
64200	213240.0
64300	212632.5
64400	214012.5
64500	212167.5
64600	212827.5
64700	214470.0
64800	215340.0
64900	216082.5
65000	214110.0
65100	216307.5
65200	218790.0
65300	217365.0
65400	215955.0
65500	218220.0
65600	217837.5
65700	217117.5
65800	217785.0
65900	217402.5
66000	217837.5
66100	218782.5
66200	220260.0
66300	219607.5
66400	222352.5
66500	221122.5
66600	221130.0
66700	221850.0
66800	222210.0
66900	221302.5
67000	222135.0
67100	222427.5
67200	225075.0
67300	223612.5
67400	225952.5
67500	224835.0
67600	225375.0
67700	225135.0
67800	227400.0
67900	227197.5
68000	226687.5
68100	228255.0
68200	227115.0
68300	228007.5
68400	229657.5
68500	229680.0
68600	228922.5
68700	229402.5
68800	229477.5
68900	229545.0
69000	230887.5
69100	230062.5
69200	231135.0
69300	231780.0
69400	231562.5
69500	231840.0
69600	233355.0
69700	232582.5
69800	233820.0
69900	234600.0
70000	235012.5
70100	234585.0
70200	235965.0
70300	235500.0
70400	235785.0
70500	236850.0
70600	235957.5
70700	236280.0
70800	236610.0
70900	237030.0
71000	237855.0
71100	238035.0
71200	239085.0
71300	239880.0
71400	239392.5
71500	241462.5
71600	241230.0
71700	240360.0
71800	241672.5
71900	241695.0
72000	242542.5
72100	242272.5
72200	242572.5
72300	243915.0
72400	244657.5
72500	245025.0
72600	244305.0
72700	245107.5
72800	243240.0
72900	245565.0
73000	245332.5
73100	246180.0
73200	246472.5
73300	248182.5
73400	247230.0
73500	248310.0
73600	249450.0
73700	247845.0
73800	249487.5
73900	249435.0
74000	251400.0
74100	249262.5
74200	250552.5
74300	251092.5
74400	251662.5
74500	252067.5
74600	253785.0
74700	253882.5
74800	252510.0
74900	254460.0
75000	254932.5
75100	254790.0
75200	255907.5
75300	254865.0
75400	256432.5
75500	256342.5
75600	255547.5
75700	257130.0
75800	255472.5
75900	257287.5
76000	258000.0
76100	258960.0
76200	258037.5
76300	258337.5
76400	260242.5
76500	259815.0
76600	260437.5
76700	260550.0
76800	260400.0
76900	261067.5
77000	262282.5
77100	261967.5
77200	262387.5
77300	263085.0
77400	263580.0
77500	261352.5
77600	263212.5
77700	265417.5
77800	264652.5
77900	265395.0
78000	266677.5
78100	264967.5
78200	265665.0
78300	267127.5
78400	267172.5
78500	267885.0
78600	267765.0
78700	268627.5
78800	268590.0
78900	269055.0
79000	270172.5
79100	269167.5
79200	269670.0
79300	269317.5
79400	270862.5
79500	270862.5
79600	271072.5
79700	270982.5
79800	272302.5
79900	272437.5
80000	271177.5
80100	271987.5
80200	273825.0
80300	273577.5
80400	273352.5
80500	273120.0
80600	274342.5
80700	275640.0
80800	276562.5
80900	275977.5
81000	274447.5
81100	276615.0
81200	276712.5
81300	276082.5
81400	276592.5
81500	277665.0
81600	278692.5
81700	278010.0
81800	278752.5
81900	280027.5
82000	280312.5
82100	279030.0
82200	278887.5
82300	280875.0
82400	280995.0
82500	280537.5
82600	281812.5
82700	281782.5
82800	281422.5
82900	281872.5
83000	281760.0
83100	283815.0
83200	284152.5
83300	283860.0
83400	283470.0
83500	284722.5
83600	285217.5
83700	284940.0
83800	283837.5
83900	285960.0
84000	284745.0
84100	284490.0
84200	287587.5
84300	287820.0
84400	288450.0
84500	287805.0
84600	288172.5
84700	289095.0
84800	287647.5
84900	289867.5
85000	290250.0
85100	289875.0
85200	290197.5
85300	290992.5
85400	290512.5
85500	290407.5
85600	292410.0
85700	293205.0
85800	291592.5
85900	290685.0
86000	292125.0
86100	295012.5
86200	295402.5
86300	293857.5
86400	294810.0
86500	295147.5
86600	295192.5
86700	295372.5
86800	294142.5
86900	298867.5
87000	297037.5
87100	298117.5
87200	298372.5
87300	297720.0
87400	296917.5
87500	297382.5
87600	298957.5
87700	300652.5
87800	301687.5
87900	299625.0
88000	301305.0
88100	300210.0
88200	300967.5
88300	301852.5
88400	301095.0
88500	302932.5
88600	301807.5
88700	303652.5
88800	301687.5
88900	302385.0
89000	303727.5
89100	304020.0
89200	305782.5
89300	306682.5
89400	304635.0
89500	306172.5
89600	306270.0
89700	306165.0
89800	306840.0
89900	306615.0
90000	307875.0
90100	309862.5
90200	309000.0
90300	307942.5
90400	309367.5
90500	310665.0
90600	310462.5
90700	310845.0
90800	311872.5
90900	312270.0
91000	310522.5
91100	313057.5
91200	313020.0
91300	313965.0
91400	313020.0
91500	313972.5
91600	314085.0
91700	316185.0
91800	314617.5
91900	316410.0
92000	317745.0
92100	316335.0
92200	316425.0
92300	318555.0
92400	318240.0
92500	319395.0
92600	319035.0
92700	316455.0
92800	318360.0
92900	321195.0
93000	320325.0
93100	321705.0
93200	322342.5
93300	322530.0
93400	323205.0
93500	323887.5
93600	323445.0
93700	324555.0
93800	325057.5
93900	324817.5
94000	327540.0
94100	325672.5
94200	326715.0
94300	326430.0
94400	327105.0
94500	326550.0
94600	327982.5
94700	329115.0
94800	331830.0
94900	332025.0
95000	329985.0
95100	330945.0
95200	329032.5
95300	332647.5
95400	332040.0
95500	334545.0
95600	334657.5
95700	332265.0
95800	332385.0
95900	335130.0
96000	333472.5
96100	336885.0
96200	334980.0
96300	336000.0
96400	336577.5
96500	337950.0
96600	338362.5
96700	338745.0
96800	339210.0
96900	339592.5
97000	340747.5
97100	341145.0
97200	338917.5
97300	341625.0
97400	339765.0
97500	343417.5
97600	342585.0
97700	344257.5
97800	343395.0
97900	342900.0
98000	345225.0
98100	347452.5
98200	345765.0
98300	346867.5
98400	346050.0
98500	346695.0
98600	347340.0
98700	349912.5
98800	350167.5
98900	350287.5
99000	350572.5
99100	350842.5
99200	350610.0
99300	352635.0
99400	354037.5
99500	354405.0
99600	353197.5
99700	353235.0
99800	355177.5
99900	354877.5
100000	356317.5
100100	355702.5
100200	357007.5
100300	357030.0
100400	358620.0
100500	358305.0
100600	358605.0
100700	359152.5
100800	359355.0
100900	361350.0
101000	359542.5
101100	360472.5
101200	361710.0
101300	362707.5
101400	363532.5
101500	366045.0
101600	364327.5
101700	363105.0
101800	365392.5
101900	366232.5
102000	366637.5
102100	368902.5
102200	368137.5
102300	367020.0
102400	367905.0
102500	367192.5
102600	372150.0
102700	370042.5
102800	370440.0
102900	374047.5
103000	373455.0
103100	372765.0
103200	373305.0
103300	374077.5
103400	373687.5
103500	376050.0
103600	376042.5
103700	375952.5
103800	377242.5
103900	379440.0
104000	380265.0
104100	378150.0
104200	380310.0
104300	381262.5
104400	381240.0
104500	380062.5
104600	381825.0
104700	381225.0
104800	381427.5
104900	381705.0
105000	384262.5
105100	384015.0
105200	385822.5
105300	385042.5
105400	385252.5
105500	385987.5
105600	388672.5
105700	388372.5
105800	389040.0
105900	388680.0
106000	389242.5
106100	389670.0
106200	390562.5
106300	390817.5
106400	392490.0
106500	391927.5
106600	393937.5
106700	394200.0
106800	394267.5
106900	395610.0
107000	395527.5
107100	394882.5
107200	394170.0
107300	395670.0
107400	397380.0
107500	398677.5
107600	399157.5
107700	400230.0
107800	400635.0
107900	401250.0
108000	400567.5
108100	400927.5
108200	401257.5
108300	404850.0
108400	402487.5
108500	404565.0
108600	405120.0
108700	405240.0
108800	404610.0
108900	406837.5
109000	406155.0
109100	407287.5
109200	408172.5
109300	409087.5
109400	409447.5
109500	411637.5
109600	410647.5
109700	413332.5
109800	413250.0
109900	412957.5
110000	413377.5
110100	415200.0
110200	416602.5
110300	414840.0
110400	414967.5
110500	417412.5
110600	419355.0
110700	416820.0
110800	420652.5
110900	420510.0
111000	420345.0
111100	421665.0
111200	423135.0
111300	421177.5
111400	424050.0
111500	423810.0
111600	423435.0
111700	425812.5
111800	425235.0
111900	427837.5
112000	426975.0
112100	429217.5
112200	428407.5
112300	428782.5
112400	431580.0
112500	430372.5
112600	431520.0
112700	430440.0
112800	432232.5
112900	433245.0
113000	436740.0
113100	434070.0
113200	432547.5
113300	436687.5
113400	437040.0
113500	437265.0
113600	438547.5
113700	439065.0
113800	439200.0
113900	439800.0
114000	441810.0
114100	441952.5
114200	442417.5
114300	442200.0
114400	442792.5
114500	444832.5
114600	444547.5
114700	445882.5
114800	444645.0
114900	447225.0
115000	447225.0
115100	449070.0
115200	448695.0
115300	449880.0
115400	449797.5
115500	451207.5
115600	452077.5
115700	453150.0
115800	454560.0
115900	453352.5
116000	456465.0
116100	455265.0
116200	455835.0
116300	455002.5
116400	457095.0
116500	456772.5
116600	457860.0
116700	458512.5
116800	458265.0
116900	459735.0
117000	460245.0
117100	461760.0
117200	461827.5
117300	462135.0
117400	462600.0
117500	464617.5
117600	464662.5
117700	465862.5
117800	466320.0
117900	466155.0
118000	468120.0
118100	466537.5
118200	470182.5
118300	468960.0
118400	467947.5
118500	472140.0
118600	470010.0
118700	472440.0
118800	472410.0
118900	472725.0
119000	472095.0
119100	473422.5
119200	475087.5
119300	473362.5
119400	474870.0
119500	478132.5
119600	476910.0
119700	477960.0
119800	477015.0
119900	477367.5
120000	479325.0
120100	478815.0
120200	478657.5
120300	481657.5
120400	481200.0
120500	479820.0
120600	483757.5
120700	481920.0
120800	481530.0
120900	483052.5
121000	485107.5
121100	484732.5
121200	484290.0
121300	485842.5
121400	486060.0
121500	485310.0
121600	486802.5
121700	487237.5
121800	489607.5
121900	488977.5
122000	488850.0
122100	492652.5
122200	492420.0
122300	492322.5
122400	495090.0
122500	494452.5
122600	493155.0
122700	494032.5
122800	495780.0
122900	496350.0
123000	496972.5
123100	494475.0
123200	496372.5
123300	498697.5
123400	498997.5
123500	498450.0
123600	500115.0
123700	500662.5
123800	501285.0
123900	503985.0
124000	504015.0
124100	503550.0
124200	501907.5
124300	503370.0
124400	505890.0
124500	504540.0
124600	507262.5
124700	507660.0
124800	509137.5
124900	507930.0
125000	510097.5
125100	509497.5
125200	511267.5
125300	510180.0
125400	512490.0
125500	512265.0
125600	513225.0
125700	515775.0
125800	513135.0
125900	514462.5
126000	515497.5
126100	514837.5
126200	518835.0
126300	518340.0
126400	518715.0
126500	519345.0
126600	518392.5
126700	520147.5
126800	520065.0
126900	520800.0
127000	523845.0
127100	522975.0
127200	523005.0
127300	522727.5
127400	524212.5
127500	525435.0
127600	526582.5
127700	529710.0
127800	529192.5
127900	529260.0
128000	530040.0
128100	531510.0
128200	530422.5
128300	531360.0
128400	532830.0
128500	534885.0
128600	533955.0
128700	536235.0
128800	535770.0
128900	536602.5
129000	537570.0
129100	538417.5
129200	540165.0
129300	540322.5
129400	542235.0
129500	541590.0
129600	541845.0
129700	544245.0
129800	545752.5
129900	544335.0
130000	544275.0
130100	546750.0
130200	547297.5
130300	546945.0
130400	549472.5
130500	550852.5
130600	550755.0
130700	550207.5
130800	550920.0
130900	552292.5
131000	553402.5
131100	554152.5
131200	553890.0
131300	556335.0
131400	556117.5
131500	556942.5
131600	556837.5
131700	557662.5
131800	559102.5
131900	562867.5
132000	561712.5
132100	562005.0
132200	561825.0
132300	563250.0
132400	564030.0
132500	565297.5
132600	562935.0
132700	566722.5
132800	566782.5
132900	567135.0
133000	568327.5
133100	568380.0
133200	568545.0
133300	570007.5
133400	570682.5
133500	570510.0
133600	572017.5
133700	571470.0
133800	575392.5
133900	573600.0
134000	574185.0
134100	573930.0
134200	577042.5
134300	577110.0
134400	578137.5
134500	578340.0
134600	578977.5
134700	581197.5
134800	579697.5
134900	579067.5
135000	579742.5
135100	580755.0
135200	583500.0
135300	583717.5
135400	584610.0
135500	583470.0
135600	585510.0
135700	585667.5
135800	587197.5
135900	585735.0
136000	587272.5
136100	587737.5
136200	588082.5
136300	587325.0
136400	590752.5
136500	591375.0
136600	591682.5
136700	593452.5
136800	594945.0
136900	593887.5
137000	594030.0
137100	595950.0
137200	596880.0
137300	598042.5
137400	599017.5
137500	601815.0
137600	600337.5
137700	601372.5
137800	602760.0
137900	602685.0
138000	601755.0
138100	604462.5
138200	602332.5
138300	604935.0
138400	605242.5
138500	606945.0
138600	609135.0
138700	606225.0
138800	607845.0
138900	608812.5
139000	611692.5
139100	612225.0
139200	612105.0
139300	612337.5
139400	615315.0
139500	615765.0
139600	614857.5
139700	616747.5
139800	616387.5
139900	620535.0
140000	619582.5
140100	617182.5
140200	621232.5
140300	621637.5
140400	622387.5
140500	623017.5
140600	624495.0
140700	625867.5
140800	627375.0
140900	627847.5
141000	628777.5
141100	628815.0
141200	629880.0
141300	629917.5
141400	632595.0
141500	628822.5
141600	632932.5
141700	633517.5
141800	634702.5
141900	634267.5
142000	633345.0
142100	639067.5
142200	636885.0
142300	640485.0
142400	642652.5
142500	639615.0
142600	641550.0
142700	642495.0
142800	641025.0
142900	643110.0
143000	646612.5
143100	648517.5
143200	645487.5
143300	647632.5
143400	647692.5
143500	648750.0
143600	649035.0
143700	648367.5
143800	650902.5
143900	650842.5
144000	652125.0
144100	654757.5
144200	654907.5
144300	655072.5
144400	654750.0
144500	654525.0
144600	658005.0
144700	658957.5
144800	658950.0
144900	660847.5
145000	660225.0
145100	660937.5
145200	662520.0
145300	663480.0
145400	663727.5
145500	666412.5
145600	664425.0
145700	664455.0
145800	666630.0
145900	668010.0
146000	669277.5
146100	668340.0
146200	670440.0
146300	672667.5
146400	672465.0
146500	672255.0
146600	677197.5
146700	674992.5
146800	675052.5
146900	679350.0
147000	681427.5
147100	681742.5
147200	683625.0
147300	683137.5
147400	685230.0
147500	686010.0
147600	687270.0
147700	687682.5
147800	689085.0
147900	691590.0
148000	688695.0
148100	693165.0
148200	693082.5
148300	694432.5
148400	693547.5
148500	696885.0
148600	696480.0
148700	698407.5
148800	699727.5
148900	702322.5
149000	703732.5
149100	703485.0
149200	704062.5
149300	704505.0
149400	705517.5
149500	708487.5
149600	709132.5
149700	708517.5
149800	707925.0
149900	711637.5
150000	710040.0
150100	712800.0
150200	714802.5
150300	716085.0
150400	715882.5
150500	717352.5
150600	718140.0
150700	722925.0
150800	719340.0
150900	721560.0
151000	722295.0
151100	722137.5
151200	723427.5
151300	723960.0
