#MCS	TotalCells_Number	TCells_Number	ActivatedTCells_Number	Percentage_ActivatedTCells
0	100	97	3	3.0
100	100	92	8	8.0
200	100	90	10	10.0
300	100	88	12	12.0
400	100	88	12	12.0
500	100	84	16	16.0
600	100	84	16	16.0
700	100	84	16	16.0
800	100	83	17	17.0
900	100	80	20	20.0
1000	100	80	20	20.0
1100	100	77	23	23.0
1200	100	77	23	23.0
1300	100	77	23	23.0
1400	100	76	24	24.0
1500	100	76	24	24.0
1600	100	75	25	25.0
1700	100	75	25	25.0
1800	100	74	26	26.0
1900	100	74	26	26.0
2000	100	72	28	28.000000000000004
2100	100	71	29	28.999999999999996
2200	100	70	30	30.0
2300	100	70	30	30.0
2400	100	69	31	31.0
2500	100	67	33	33.0
2600	100	67	33	33.0
2700	100	66	34	34.0
2800	100	64	36	36.0
2900	100	62	38	38.0
3000	100	61	39	39.0
3100	100	60	40	40.0
3200	100	60	40	40.0
3300	100	59	41	41.0
3400	100	59	41	41.0
3500	100	58	42	42.0
3600	100	57	43	43.0
3700	100	57	43	43.0
3800	100	57	43	43.0
3900	100	57	43	43.0
4000	100	57	43	43.0
4100	100	57	43	43.0
4200	100	57	43	43.0
4300	100	55	45	45.0
4400	100	55	45	45.0
4500	100	55	45	45.0
4600	100	55	45	45.0
4700	100	55	45	45.0
4800	100	55	45	45.0
4900	100	54	46	46.0
5000	100	54	46	46.0
5100	100	53	47	47.0
5200	100	53	47	47.0
5300	100	52	48	48.0
5400	100	52	48	48.0
5500	100	51	49	49.0
5600	100	51	49	49.0
5700	100	50	50	50.0
5800	100	50	50	50.0
5900	100	50	50	50.0
6000	100	49	51	51.0
6100	100	49	51	51.0
6200	100	49	51	51.0
6300	100	48	52	52.0
6400	100	48	52	52.0
6500	100	48	52	52.0
6600	100	47	53	53.0
6700	100	47	53	53.0
6800	100	47	53	53.0
6900	100	47	53	53.0
7000	100	47	53	53.0
7100	100	47	53	53.0
7200	100	47	53	53.0
7300	100	47	53	53.0
7400	100	47	53	53.0
7500	100	47	53	53.0
7600	100	47	53	53.0
7700	100	47	53	53.0
7800	100	46	54	54.0
7900	100	46	54	54.0
8000	100	46	54	54.0
8100	100	46	54	54.0
8200	100	46	54	54.0
8300	100	46	54	54.0
8400	100	46	54	54.0
8500	100	45	55	55.00000000000001
8600	100	45	55	55.00000000000001
8700	100	44	56	56.00000000000001
8800	100	44	56	56.00000000000001
8900	100	44	56	56.00000000000001
9000	100	44	56	56.00000000000001
9100	100	44	56	56.00000000000001
9200	100	44	56	56.00000000000001
9300	100	44	56	56.00000000000001
9400	100	44	56	56.00000000000001
9500	100	44	56	56.00000000000001
9600	100	44	56	56.00000000000001
9700	100	44	56	56.00000000000001
9800	100	44	56	56.00000000000001
9900	100	44	56	56.00000000000001
10000	100	44	56	56.00000000000001
10100	100	44	56	56.00000000000001
10200	100	44	56	56.00000000000001
10300	100	44	56	56.00000000000001
10400	100	44	56	56.00000000000001
10500	100	44	56	56.00000000000001
10600	100	44	56	56.00000000000001
10700	100	44	56	56.00000000000001
10800	100	44	56	56.00000000000001
10900	100	44	56	56.00000000000001
11000	100	44	56	56.00000000000001
11100	100	44	56	56.00000000000001
11200	100	44	56	56.00000000000001
11300	100	44	56	56.00000000000001
11400	100	44	56	56.00000000000001
11500	100	44	56	56.00000000000001
11600	100	44	56	56.00000000000001
11700	100	44	56	56.00000000000001
11800	100	44	56	56.00000000000001
11900	100	44	56	56.00000000000001
12000	100	44	56	56.00000000000001
12100	100	44	56	56.00000000000001
12200	100	44	56	56.00000000000001
12300	100	44	56	56.00000000000001
12400	100	44	56	56.00000000000001
12500	100	44	56	56.00000000000001
12600	100	44	56	56.00000000000001
12700	100	44	56	56.00000000000001
12800	100	44	56	56.00000000000001
12900	100	44	56	56.00000000000001
13000	100	44	56	56.00000000000001
13100	100	44	56	56.00000000000001
13200	100	44	56	56.00000000000001
13300	100	44	56	56.00000000000001
13400	100	44	56	56.00000000000001
13500	100	44	56	56.00000000000001
13600	100	44	56	56.00000000000001
13700	100	44	56	56.00000000000001
13800	100	44	56	56.00000000000001
13900	100	44	56	56.00000000000001
14000	100	44	56	56.00000000000001
14100	100	43	57	56.99999999999999
14200	100	43	57	56.99999999999999
14300	100	43	57	56.99999999999999
14400	100	43	57	56.99999999999999
14500	100	43	57	56.99999999999999
14600	100	43	57	56.99999999999999
14700	100	43	57	56.99999999999999
14800	100	43	57	56.99999999999999
14900	100	43	57	56.99999999999999
15000	100	43	57	56.99999999999999
15100	100	43	57	56.99999999999999
15200	100	43	57	56.99999999999999
15300	100	43	57	56.99999999999999
15400	100	43	57	56.99999999999999
15500	100	43	57	56.99999999999999
15600	100	43	57	56.99999999999999
15700	100	43	57	56.99999999999999
15800	100	43	57	56.99999999999999
15900	100	43	57	56.99999999999999
16000	100	43	57	56.99999999999999
16100	100	43	57	56.99999999999999
16200	100	43	57	56.99999999999999
16300	100	43	57	56.99999999999999
16400	100	43	57	56.99999999999999
16500	100	43	57	56.99999999999999
16600	100	43	57	56.99999999999999
16700	100	43	57	56.99999999999999
16800	100	43	57	56.99999999999999
16900	100	43	57	56.99999999999999
17000	100	42	58	57.99999999999999
17100	100	42	58	57.99999999999999
17200	100	42	58	57.99999999999999
17300	100	41	59	59.0
17400	100	41	59	59.0
17500	100	41	59	59.0
17600	100	41	59	59.0
17700	100	41	59	59.0
17800	100	41	59	59.0
17900	100	41	59	59.0
18000	100	40	60	60.0
18100	100	40	60	60.0
18200	100	40	60	60.0
18300	100	39	61	61.0
18400	100	39	61	61.0
18500	100	39	61	61.0
18600	100	39	61	61.0
18700	100	39	61	61.0
18800	100	39	61	61.0
18900	100	39	61	61.0
19000	100	39	61	61.0
19100	100	38	62	62.0
19200	100	38	62	62.0
19300	100	38	62	62.0
19400	100	38	62	62.0
19500	100	38	62	62.0
19600	100	38	62	62.0
19700	100	38	62	62.0
19800	100	38	62	62.0
19900	100	38	62	62.0
20000	100	38	62	62.0
20100	100	38	62	62.0
20200	100	38	62	62.0
20300	100	38	62	62.0
20400	100	38	62	62.0
20500	100	38	62	62.0
20600	100	38	62	62.0
20700	100	38	62	62.0
20800	100	38	62	62.0
20900	100	38	62	62.0
21000	100	38	62	62.0
21100	100	38	62	62.0
21200	100	38	62	62.0
21300	100	38	62	62.0
21400	100	38	62	62.0
21500	100	38	62	62.0
21600	100	38	62	62.0
21700	100	38	62	62.0
21800	100	38	62	62.0
21900	100	38	62	62.0
22000	100	38	62	62.0
22100	100	38	62	62.0
22200	100	37	63	63.0
22300	100	36	64	64.0
22400	100	36	64	64.0
22500	100	36	64	64.0
22600	100	35	65	65.0
22700	100	35	65	65.0
22800	100	35	65	65.0
22900	100	35	65	65.0
23000	100	35	65	65.0
23100	100	35	65	65.0
23200	100	35	65	65.0
23300	100	35	65	65.0
23400	100	35	65	65.0
23500	100	35	65	65.0
23600	100	35	65	65.0
23700	100	35	65	65.0
23800	100	35	65	65.0
23900	100	35	65	65.0
24000	100	35	65	65.0
24100	100	35	65	65.0
24200	100	35	65	65.0
24300	100	35	65	65.0
24400	100	35	65	65.0
24500	100	35	65	65.0
24600	100	35	65	65.0
24700	100	35	65	65.0
24800	100	35	65	65.0
24900	100	34	66	66.0
25000	100	34	66	66.0
25100	100	34	66	66.0
25200	100	34	66	66.0
25300	100	34	66	66.0
25400	100	33	67	67.0
25500	100	33	67	67.0
25600	100	33	67	67.0
25700	100	33	67	67.0
25800	100	33	67	67.0
25900	100	33	67	67.0
26000	100	33	67	67.0
26100	100	33	67	67.0
26200	100	33	67	67.0
26300	100	33	67	67.0
26400	100	33	67	67.0
26500	100	33	67	67.0
26600	100	33	67	67.0
26700	100	33	67	67.0
26800	100	33	67	67.0
26900	100	33	67	67.0
27000	100	33	67	67.0
27100	100	33	67	67.0
27200	100	33	67	67.0
27300	100	32	68	68.0
27400	100	32	68	68.0
27500	100	32	68	68.0
27600	100	32	68	68.0
27700	100	32	68	68.0
27800	100	32	68	68.0
27900	100	32	68	68.0
28000	100	32	68	68.0
28100	100	32	68	68.0
28200	100	32	68	68.0
28300	100	32	68	68.0
28400	100	32	68	68.0
28500	100	32	68	68.0
28600	100	32	68	68.0
28700	100	32	68	68.0
28800	100	32	68	68.0
28900	100	32	68	68.0
29000	100	31	69	69.0
29100	100	30	70	70.0
29200	100	30	70	70.0
29300	100	30	70	70.0
29400	100	30	70	70.0
29500	100	29	71	71.0
29600	100	29	71	71.0
29700	100	29	71	71.0
29800	100	29	71	71.0
29900	100	29	71	71.0
30000	100	29	71	71.0
30100	100	29	71	71.0
30200	100	29	71	71.0
30300	100	29	71	71.0
30400	100	29	71	71.0
30500	100	29	71	71.0
30600	100	29	71	71.0
30700	100	29	71	71.0
30800	100	29	71	71.0
30900	100	29	71	71.0
31000	100	29	71	71.0
31100	100	29	71	71.0
31200	100	29	71	71.0
31300	100	29	71	71.0
31400	100	29	71	71.0
31500	100	29	71	71.0
31600	100	29	71	71.0
31700	100	28	72	72.0
31800	100	28	72	72.0
31900	100	28	72	72.0
32000	100	28	72	72.0
32100	100	28	72	72.0
32200	100	28	72	72.0
32300	100	28	72	72.0
32400	100	28	72	72.0
32500	100	28	72	72.0
32600	100	28	72	72.0
32700	100	28	72	72.0
32800	100	28	72	72.0
32900	100	28	72	72.0
33000	100	28	72	72.0
33100	100	28	72	72.0
33200	100	28	72	72.0
33300	100	28	72	72.0
33400	100	28	72	72.0
33500	100	28	72	72.0
33600	100	28	72	72.0
33700	100	28	72	72.0
33800	100	28	72	72.0
33900	100	28	72	72.0
34000	100	28	72	72.0
34100	100	28	72	72.0
34200	100	28	72	72.0
34300	100	28	72	72.0
34400	100	28	72	72.0
34500	100	28	72	72.0
34600	100	28	72	72.0
34700	100	28	72	72.0
34800	100	28	72	72.0
34900	100	28	72	72.0
35000	100	28	72	72.0
35100	100	28	72	72.0
35200	100	28	72	72.0
35300	100	28	72	72.0
35400	100	28	72	72.0
35500	100	28	72	72.0
35600	100	28	72	72.0
35700	100	28	72	72.0
35800	100	28	72	72.0
35900	100	28	72	72.0
36000	100	28	72	72.0
36100	100	28	72	72.0
36200	100	28	72	72.0
36300	100	28	72	72.0
36400	100	28	72	72.0
36500	100	28	72	72.0
36600	100	28	72	72.0
36700	100	28	72	72.0
36800	100	28	72	72.0
36900	100	28	72	72.0
37000	100	27	73	73.0
37100	100	27	73	73.0
37200	100	27	73	73.0
37300	100	27	73	73.0
37400	100	27	73	73.0
37500	100	27	73	73.0
37600	100	27	73	73.0
37700	100	27	73	73.0
37800	100	27	73	73.0
37900	100	26	74	74.0
38000	100	26	74	74.0
38100	101	26	75	74.25742574257426
38200	101	26	75	74.25742574257426
38300	101	26	75	74.25742574257426
38400	101	26	75	74.25742574257426
38500	101	26	75	74.25742574257426
38600	102	26	76	74.50980392156863
38700	102	26	76	74.50980392156863
38800	102	26	76	74.50980392156863
38900	102	26	76	74.50980392156863
39000	102	26	76	74.50980392156863
39100	102	26	76	74.50980392156863
39200	103	26	77	74.75728155339806
39300	103	26	77	74.75728155339806
39400	104	26	78	75.0
39500	104	26	78	75.0
39600	104	26	78	75.0
39700	104	26	78	75.0
39800	104	26	78	75.0
39900	104	26	78	75.0
40000	104	26	78	75.0
40100	104	26	78	75.0
40200	104	26	78	75.0
40300	104	26	78	75.0
40400	105	26	79	75.23809523809524
40500	105	26	79	75.23809523809524
40600	105	26	79	75.23809523809524
40700	106	26	80	75.47169811320755
40800	106	26	80	75.47169811320755
40900	106	26	80	75.47169811320755
41000	106	26	80	75.47169811320755
41100	106	26	80	75.47169811320755
41200	106	26	80	75.47169811320755
41300	107	26	81	75.70093457943925
41400	107	26	81	75.70093457943925
41500	107	26	81	75.70093457943925
41600	107	26	81	75.70093457943925
41700	107	26	81	75.70093457943925
41800	107	26	81	75.70093457943925
41900	107	26	81	75.70093457943925
42000	107	26	81	75.70093457943925
42100	107	26	81	75.70093457943925
42200	107	26	81	75.70093457943925
42300	108	26	82	75.92592592592592
42400	108	25	83	76.85185185185185
42500	108	25	83	76.85185185185185
42600	108	25	83	76.85185185185185
42700	108	25	83	76.85185185185185
42800	108	25	83	76.85185185185185
42900	108	25	83	76.85185185185185
43000	108	25	83	76.85185185185185
43100	108	25	83	76.85185185185185
43200	108	25	83	76.85185185185185
43300	108	25	83	76.85185185185185
43400	109	25	84	77.06422018348624
43500	109	24	85	77.98165137614679
43600	109	24	85	77.98165137614679
43700	109	24	85	77.98165137614679
43800	109	24	85	77.98165137614679
43900	109	24	85	77.98165137614679
44000	109	24	85	77.98165137614679
44100	109	24	85	77.98165137614679
44200	109	24	85	77.98165137614679
44300	109	24	85	77.98165137614679
44400	109	24	85	77.98165137614679
44500	110	23	87	79.0909090909091
44600	110	23	87	79.0909090909091
44700	110	23	87	79.0909090909091
44800	110	23	87	79.0909090909091
44900	110	23	87	79.0909090909091
45000	111	23	88	79.27927927927928
45100	111	23	88	79.27927927927928
45200	111	23	88	79.27927927927928
45300	111	23	88	79.27927927927928
45400	111	23	88	79.27927927927928
45500	111	23	88	79.27927927927928
45600	111	23	88	79.27927927927928
45700	111	23	88	79.27927927927928
45800	111	23	88	79.27927927927928
45900	111	23	88	79.27927927927928
46000	111	23	88	79.27927927927928
46100	112	23	89	79.46428571428571
46200	112	23	89	79.46428571428571
46300	112	23	89	79.46428571428571
46400	112	23	89	79.46428571428571
46500	112	23	89	79.46428571428571
46600	112	23	89	79.46428571428571
46700	112	23	89	79.46428571428571
46800	112	23	89	79.46428571428571
46900	112	23	89	79.46428571428571
47000	112	23	89	79.46428571428571
47100	113	23	90	79.64601769911505
47200	114	23	91	79.82456140350878
47300	114	23	91	79.82456140350878
47400	114	23	91	79.82456140350878
47500	114	23	91	79.82456140350878
47600	114	23	91	79.82456140350878
47700	114	23	91	79.82456140350878
47800	114	23	91	79.82456140350878
47900	114	23	91	79.82456140350878
48000	114	22	92	80.7017543859649
48100	115	22	93	80.8695652173913
48200	115	22	93	80.8695652173913
48300	115	22	93	80.8695652173913
48400	115	22	93	80.8695652173913
48500	115	22	93	80.8695652173913
48600	115	22	93	80.8695652173913
48700	115	22	93	80.8695652173913
48800	115	22	93	80.8695652173913
48900	115	22	93	80.8695652173913
49000	115	22	93	80.8695652173913
49100	115	22	93	80.8695652173913
49200	115	22	93	80.8695652173913
49300	115	22	93	80.8695652173913
49400	115	22	93	80.8695652173913
49500	115	22	93	80.8695652173913
49600	115	22	93	80.8695652173913
49700	115	22	93	80.8695652173913
49800	115	22	93	80.8695652173913
49900	115	22	93	80.8695652173913
50000	115	22	93	80.8695652173913
50100	115	22	93	80.8695652173913
50200	115	22	93	80.8695652173913
50300	115	22	93	80.8695652173913
50400	115	22	93	80.8695652173913
50500	115	22	93	80.8695652173913
50600	115	22	93	80.8695652173913
50700	115	22	93	80.8695652173913
50800	115	22	93	80.8695652173913
50900	115	22	93	80.8695652173913
51000	116	22	94	81.03448275862068
51100	116	22	94	81.03448275862068
51200	116	22	94	81.03448275862068
51300	116	22	94	81.03448275862068
51400	116	22	94	81.03448275862068
51500	116	22	94	81.03448275862068
51600	116	22	94	81.03448275862068
51700	117	22	95	81.19658119658119
51800	117	22	95	81.19658119658119
51900	117	22	95	81.19658119658119
52000	117	22	95	81.19658119658119
52100	119	22	97	81.5126050420168
52200	119	22	97	81.5126050420168
52300	120	22	98	81.66666666666667
52400	120	22	98	81.66666666666667
52500	120	22	98	81.66666666666667
52600	120	22	98	81.66666666666667
52700	120	22	98	81.66666666666667
52800	120	22	98	81.66666666666667
52900	120	21	99	82.5
53000	121	21	100	82.64462809917356
53100	121	21	100	82.64462809917356
53200	121	21	100	82.64462809917356
53300	121	21	100	82.64462809917356
53400	121	21	100	82.64462809917356
53500	122	21	101	82.78688524590164
53600	124	21	103	83.06451612903226
53700	124	21	103	83.06451612903226
53800	124	21	103	83.06451612903226
53900	125	21	104	83.2
54000	125	21	104	83.2
54100	125	21	104	83.2
54200	125	21	104	83.2
54300	125	21	104	83.2
54400	125	21	104	83.2
54500	125	21	104	83.2
54600	126	21	105	83.33333333333334
54700	126	21	105	83.33333333333334
54800	126	21	105	83.33333333333334
54900	127	21	106	83.46456692913385
55000	127	21	106	83.46456692913385
55100	127	21	106	83.46456692913385
55200	128	21	107	83.59375
55300	128	21	107	83.59375
55400	128	21	107	83.59375
55500	128	21	107	83.59375
55600	128	21	107	83.59375
55700	128	21	107	83.59375
55800	129	21	108	83.72093023255815
55900	129	21	108	83.72093023255815
56000	129	21	108	83.72093023255815
56100	129	21	108	83.72093023255815
56200	130	21	109	83.84615384615385
56300	131	21	110	83.96946564885496
56400	131	21	110	83.96946564885496
56500	131	21	110	83.96946564885496
56600	131	21	110	83.96946564885496
56700	131	21	110	83.96946564885496
56800	131	21	110	83.96946564885496
56900	131	21	110	83.96946564885496
57000	132	21	111	84.0909090909091
57100	132	21	111	84.0909090909091
57200	133	21	112	84.21052631578947
57300	133	21	112	84.21052631578947
57400	133	21	112	84.21052631578947
57500	133	21	112	84.21052631578947
57600	135	21	114	84.44444444444444
57700	136	21	115	84.55882352941177
57800	136	21	115	84.55882352941177
57900	136	21	115	84.55882352941177
58000	136	21	115	84.55882352941177
58100	136	21	115	84.55882352941177
58200	136	21	115	84.55882352941177
58300	138	21	117	84.78260869565217
58400	138	21	117	84.78260869565217
58500	138	21	117	84.78260869565217
58600	139	21	118	84.89208633093526
58700	140	21	119	85.0
58800	140	21	119	85.0
58900	140	21	119	85.0
59000	140	21	119	85.0
59100	140	21	119	85.0
59200	140	21	119	85.0
59300	140	21	119	85.0
59400	140	21	119	85.0
59500	141	21	120	85.1063829787234
59600	141	21	120	85.1063829787234
59700	142	21	121	85.2112676056338
59800	142	21	121	85.2112676056338
59900	142	21	121	85.2112676056338
60000	142	21	121	85.2112676056338
60100	142	21	121	85.2112676056338
60200	142	20	122	85.91549295774648
60300	142	19	123	86.61971830985915
60400	142	19	123	86.61971830985915
60500	142	19	123	86.61971830985915
60600	142	19	123	86.61971830985915
60700	142	19	123	86.61971830985915
60800	142	19	123	86.61971830985915
60900	143	19	124	86.7132867132867
61000	143	19	124	86.7132867132867
61100	143	19	124	86.7132867132867
61200	143	19	124	86.7132867132867
61300	143	19	124	86.7132867132867
61400	143	19	124	86.7132867132867
61500	144	19	125	86.80555555555556
61600	144	19	125	86.80555555555556
61700	144	19	125	86.80555555555556
61800	144	19	125	86.80555555555556
61900	144	19	125	86.80555555555556
62000	144	19	125	86.80555555555556
62100	145	19	126	86.89655172413792
62200	145	19	126	86.89655172413792
62300	145	19	126	86.89655172413792
62400	146	19	127	86.98630136986301
62500	146	19	127	86.98630136986301
62600	147	19	128	87.07482993197279
62700	148	19	129	87.16216216216216
62800	148	19	129	87.16216216216216
62900	148	19	129	87.16216216216216
63000	148	19	129	87.16216216216216
63100	148	19	129	87.16216216216216
63200	148	19	129	87.16216216216216
63300	148	19	129	87.16216216216216
63400	148	19	129	87.16216216216216
63500	148	19	129	87.16216216216216
63600	148	19	129	87.16216216216216
63700	149	19	130	87.24832214765101
63800	149	19	130	87.24832214765101
63900	149	19	130	87.24832214765101
64000	149	19	130	87.24832214765101
64100	149	19	130	87.24832214765101
64200	149	19	130	87.24832214765101
64300	149	19	130	87.24832214765101
64400	149	19	130	87.24832214765101
64500	149	19	130	87.24832214765101
64600	150	19	131	87.33333333333333
64700	150	19	131	87.33333333333333
64800	151	19	132	87.41721854304636
64900	151	19	132	87.41721854304636
65000	151	19	132	87.41721854304636
65100	152	19	133	87.5
65200	152	19	133	87.5
65300	153	19	134	87.58169934640523
65400	154	19	135	87.66233766233766
65500	154	19	135	87.66233766233766
65600	154	19	135	87.66233766233766
65700	154	19	135	87.66233766233766
65800	155	19	136	87.74193548387098
65900	156	19	137	87.82051282051282
66000	156	19	137	87.82051282051282
66100	156	19	137	87.82051282051282
66200	156	19	137	87.82051282051282
66300	157	19	138	87.89808917197452
66400	157	19	138	87.89808917197452
66500	157	19	138	87.89808917197452
66600	157	19	138	87.89808917197452
66700	157	19	138	87.89808917197452
66800	157	19	138	87.89808917197452
66900	157	19	138	87.89808917197452
67000	157	19	138	87.89808917197452
67100	157	19	138	87.89808917197452
67200	157	19	138	87.89808917197452
67300	157	19	138	87.89808917197452
67400	157	19	138	87.89808917197452
67500	157	19	138	87.89808917197452
67600	158	19	139	87.9746835443038
67700	159	19	140	88.0503144654088
67800	159	18	141	88.67924528301887
67900	159	18	141	88.67924528301887
68000	159	18	141	88.67924528301887
68100	159	18	141	88.67924528301887
68200	159	18	141	88.67924528301887
68300	159	18	141	88.67924528301887
68400	159	18	141	88.67924528301887
68500	159	18	141	88.67924528301887
68600	159	18	141	88.67924528301887
68700	159	18	141	88.67924528301887
68800	159	18	141	88.67924528301887
68900	159	18	141	88.67924528301887
69000	159	18	141	88.67924528301887
69100	159	18	141	88.67924528301887
69200	159	18	141	88.67924528301887
69300	159	18	141	88.67924528301887
69400	159	18	141	88.67924528301887
69500	159	18	141	88.67924528301887
69600	159	18	141	88.67924528301887
69700	160	18	142	88.75
69800	160	18	142	88.75
69900	160	18	142	88.75
70000	160	18	142	88.75
70100	160	18	142	88.75
70200	160	18	142	88.75
70300	160	17	143	89.375
70400	161	17	144	89.44099378881988
70500	162	17	145	89.50617283950618
70600	162	17	145	89.50617283950618
70700	162	17	145	89.50617283950618
70800	162	17	145	89.50617283950618
70900	162	17	145	89.50617283950618
71000	163	17	146	89.57055214723927
71100	163	17	146	89.57055214723927
71200	163	17	146	89.57055214723927
71300	163	17	146	89.57055214723927
71400	163	17	146	89.57055214723927
71500	163	17	146	89.57055214723927
71600	164	17	147	89.63414634146342
71700	164	17	147	89.63414634146342
71800	164	17	147	89.63414634146342
71900	164	17	147	89.63414634146342
72000	164	17	147	89.63414634146342
72100	164	17	147	89.63414634146342
72200	165	17	148	89.6969696969697
72300	165	17	148	89.6969696969697
72400	165	17	148	89.6969696969697
72500	165	17	148	89.6969696969697
72600	165	17	148	89.6969696969697
72700	165	17	148	89.6969696969697
72800	165	17	148	89.6969696969697
72900	165	17	148	89.6969696969697
73000	166	17	149	89.7590361445783
73100	166	17	149	89.7590361445783
73200	166	17	149	89.7590361445783
73300	166	17	149	89.7590361445783
73400	166	17	149	89.7590361445783
73500	166	17	149	89.7590361445783
73600	166	17	149	89.7590361445783
73700	166	17	149	89.7590361445783
73800	166	17	149	89.7590361445783
73900	166	17	149	89.7590361445783
74000	166	17	149	89.7590361445783
74100	166	17	149	89.7590361445783
74200	166	17	149	89.7590361445783
74300	166	17	149	89.7590361445783
74400	166	17	149	89.7590361445783
74500	167	17	150	89.82035928143712
74600	167	17	150	89.82035928143712
74700	167	17	150	89.82035928143712
74800	167	17	150	89.82035928143712
74900	167	17	150	89.82035928143712
75000	167	17	150	89.82035928143712
75100	167	17	150	89.82035928143712
75200	167	17	150	89.82035928143712
75300	167	17	150	89.82035928143712
75400	167	17	150	89.82035928143712
75500	167	17	150	89.82035928143712
75600	168	17	151	89.88095238095238
75700	168	17	151	89.88095238095238
75800	168	17	151	89.88095238095238
75900	168	17	151	89.88095238095238
76000	168	17	151	89.88095238095238
76100	168	17	151	89.88095238095238
76200	168	17	151	89.88095238095238
76300	168	17	151	89.88095238095238
76400	169	17	152	89.94082840236686
76500	169	17	152	89.94082840236686
76600	169	17	152	89.94082840236686
76700	169	17	152	89.94082840236686
76800	170	17	153	90.0
76900	171	17	154	90.05847953216374
77000	171	17	154	90.05847953216374
77100	171	17	154	90.05847953216374
77200	171	17	154	90.05847953216374
77300	171	17	154	90.05847953216374
77400	171	17	154	90.05847953216374
77500	171	17	154	90.05847953216374
77600	171	17	154	90.05847953216374
77700	172	17	155	90.11627906976744
77800	172	17	155	90.11627906976744
77900	172	17	155	90.11627906976744
78000	172	17	155	90.11627906976744
78100	172	17	155	90.11627906976744
78200	172	17	155	90.11627906976744
78300	172	17	155	90.11627906976744
78400	172	17	155	90.11627906976744
78500	172	17	155	90.11627906976744
78600	172	17	155	90.11627906976744
78700	172	17	155	90.11627906976744
78800	172	17	155	90.11627906976744
78900	172	17	155	90.11627906976744
79000	172	17	155	90.11627906976744
79100	172	17	155	90.11627906976744
79200	172	17	155	90.11627906976744
79300	172	17	155	90.11627906976744
79400	172	17	155	90.11627906976744
79500	172	17	155	90.11627906976744
79600	172	17	155	90.11627906976744
79700	172	17	155	90.11627906976744
79800	172	17	155	90.11627906976744
79900	172	17	155	90.11627906976744
80000	172	17	155	90.11627906976744
80100	172	17	155	90.11627906976744
80200	172	17	155	90.11627906976744
80300	172	17	155	90.11627906976744
80400	172	17	155	90.11627906976744
80500	172	17	155	90.11627906976744
80600	173	17	156	90.17341040462428
80700	173	17	156	90.17341040462428
80800	173	17	156	90.17341040462428
80900	173	17	156	90.17341040462428
81000	173	17	156	90.17341040462428
81100	174	17	157	90.22988505747126
81200	174	17	157	90.22988505747126
81300	175	17	158	90.28571428571428
81400	176	17	159	90.3409090909091
81500	176	17	159	90.3409090909091
81600	176	17	159	90.3409090909091
81700	176	17	159	90.3409090909091
81800	176	17	159	90.3409090909091
81900	176	17	159	90.3409090909091
82000	176	17	159	90.3409090909091
82100	176	17	159	90.3409090909091
82200	176	17	159	90.3409090909091
82300	177	17	160	90.3954802259887
82400	178	17	161	90.4494382022472
82500	179	17	162	90.5027932960894
82600	179	17	162	90.5027932960894
82700	179	17	162	90.5027932960894
82800	179	17	162	90.5027932960894
82900	179	17	162	90.5027932960894
83000	179	17	162	90.5027932960894
83100	180	17	163	90.55555555555556
83200	180	17	163	90.55555555555556
83300	180	17	163	90.55555555555556
83400	180	17	163	90.55555555555556
83500	181	17	164	90.60773480662984
83600	181	17	164	90.60773480662984
83700	181	17	164	90.60773480662984
83800	181	17	164	90.60773480662984
83900	181	17	164	90.60773480662984
84000	181	17	164	90.60773480662984
84100	181	17	164	90.60773480662984
84200	182	17	165	90.65934065934066
84300	182	17	165	90.65934065934066
84400	182	17	165	90.65934065934066
84500	182	17	165	90.65934065934066
84600	182	17	165	90.65934065934066
84700	183	17	166	90.7103825136612
84800	184	17	167	90.76086956521739
84900	185	17	168	90.81081081081082
85000	185	17	168	90.81081081081082
85100	185	17	168	90.81081081081082
85200	185	17	168	90.81081081081082
85300	185	17	168	90.81081081081082
85400	185	17	168	90.81081081081082
85500	185	17	168	90.81081081081082
85600	185	17	168	90.81081081081082
85700	186	17	169	90.86021505376344
85800	186	17	169	90.86021505376344
85900	186	17	169	90.86021505376344
86000	186	17	169	90.86021505376344
86100	186	17	169	90.86021505376344
86200	186	17	169	90.86021505376344
86300	186	17	169	90.86021505376344
86400	187	17	170	90.9090909090909
86500	187	17	170	90.9090909090909
86600	187	17	170	90.9090909090909
86700	189	16	173	91.53439153439153
86800	189	16	173	91.53439153439153
86900	189	16	173	91.53439153439153
87000	189	16	173	91.53439153439153
87100	189	16	173	91.53439153439153
87200	191	16	175	91.62303664921467
87300	191	16	175	91.62303664921467
87400	191	16	175	91.62303664921467
87500	191	16	175	91.62303664921467
87600	192	16	176	91.66666666666666
87700	192	16	176	91.66666666666666
87800	192	16	176	91.66666666666666
87900	192	16	176	91.66666666666666
88000	192	16	176	91.66666666666666
88100	192	16	176	91.66666666666666
88200	192	16	176	91.66666666666666
88300	193	16	177	91.70984455958549
88400	193	16	177	91.70984455958549
88500	193	16	177	91.70984455958549
88600	193	16	177	91.70984455958549
88700	194	16	178	91.75257731958763
88800	194	16	178	91.75257731958763
88900	194	16	178	91.75257731958763
89000	195	16	179	91.7948717948718
89100	196	16	180	91.83673469387756
89200	197	16	181	91.87817258883248
89300	197	16	181	91.87817258883248
89400	197	16	181	91.87817258883248
89500	197	16	181	91.87817258883248
89600	197	16	181	91.87817258883248
89700	197	16	181	91.87817258883248
89800	198	16	182	91.91919191919192
89900	198	16	182	91.91919191919192
90000	198	16	182	91.91919191919192
90100	198	16	182	91.91919191919192
90200	198	16	182	91.91919191919192
90300	199	16	183	91.95979899497488
90400	199	16	183	91.95979899497488
90500	200	16	184	92.0
90600	200	16	184	92.0
90700	200	16	184	92.0
90800	200	16	184	92.0
90900	200	16	184	92.0
91000	200	16	184	92.0
91100	200	16	184	92.0
91200	201	16	185	92.03980099502488
91300	201	16	185	92.03980099502488
91400	201	16	185	92.03980099502488
91500	201	16	185	92.03980099502488
91600	201	16	185	92.03980099502488
91700	201	16	185	92.03980099502488
91800	201	16	185	92.03980099502488
91900	201	16	185	92.03980099502488
92000	201	16	185	92.03980099502488
92100	202	16	186	92.07920792079209
92200	203	16	187	92.11822660098522
92300	204	16	188	92.15686274509804
92400	204	16	188	92.15686274509804
92500	205	16	189	92.19512195121952
92600	205	16	189	92.19512195121952
92700	205	16	189	92.19512195121952
92800	205	16	189	92.19512195121952
92900	205	16	189	92.19512195121952
93000	205	16	189	92.19512195121952
93100	205	16	189	92.19512195121952
93200	205	16	189	92.19512195121952
93300	205	16	189	92.19512195121952
93400	205	16	189	92.19512195121952
93500	205	16	189	92.19512195121952
93600	205	16	189	92.19512195121952
93700	205	16	189	92.19512195121952
93800	206	16	190	92.23300970873787
93900	206	16	190	92.23300970873787
94000	207	16	191	92.27053140096618
94100	207	16	191	92.27053140096618
94200	207	16	191	92.27053140096618
94300	207	16	191	92.27053140096618
94400	207	16	191	92.27053140096618
94500	207	16	191	92.27053140096618
94600	207	16	191	92.27053140096618
94700	207	16	191	92.27053140096618
94800	207	16	191	92.27053140096618
94900	208	16	192	92.3076923076923
95000	209	16	193	92.34449760765551
95100	209	16	193	92.34449760765551
95200	209	16	193	92.34449760765551
95300	211	16	195	92.41706161137441
95400	212	16	196	92.45283018867924
95500	213	16	197	92.48826291079813
95600	213	16	197	92.48826291079813
95700	213	16	197	92.48826291079813
95800	214	16	198	92.5233644859813
95900	214	16	198	92.5233644859813
96000	215	16	199	92.55813953488372
96100	216	16	200	92.5925925925926
96200	216	15	201	93.05555555555556
96300	217	15	202	93.08755760368663
96400	217	15	202	93.08755760368663
96500	217	15	202	93.08755760368663
96600	218	15	203	93.11926605504587
96700	218	15	203	93.11926605504587
96800	219	15	204	93.15068493150685
96900	219	15	204	93.15068493150685
97000	221	15	206	93.21266968325791
97100	221	15	206	93.21266968325791
97200	221	15	206	93.21266968325791
97300	221	15	206	93.21266968325791
97400	221	15	206	93.21266968325791
97500	221	15	206	93.21266968325791
97600	222	15	207	93.24324324324324
97700	222	15	207	93.24324324324324
97800	222	15	207	93.24324324324324
97900	224	15	209	93.30357142857143
98000	224	15	209	93.30357142857143
98100	224	15	209	93.30357142857143
98200	224	15	209	93.30357142857143
98300	224	15	209	93.30357142857143
98400	224	15	209	93.30357142857143
98500	224	15	209	93.30357142857143
98600	224	15	209	93.30357142857143
98700	225	15	210	93.33333333333333
98800	226	15	211	93.36283185840708
98900	226	15	211	93.36283185840708
99000	227	15	212	93.3920704845815
99100	228	15	213	93.42105263157895
99200	228	15	213	93.42105263157895
99300	228	15	213	93.42105263157895
99400	229	15	214	93.44978165938865
99500	229	15	214	93.44978165938865
99600	229	15	214	93.44978165938865
99700	229	15	214	93.44978165938865
99800	230	15	215	93.47826086956522
99900	230	15	215	93.47826086956522
100000	230	15	215	93.47826086956522
100100	230	15	215	93.47826086956522
100200	231	15	216	93.5064935064935
100300	231	15	216	93.5064935064935
100400	231	15	216	93.5064935064935
100500	232	15	217	93.53448275862068
100600	232	15	217	93.53448275862068
100700	232	15	217	93.53448275862068
100800	232	15	217	93.53448275862068
100900	233	15	218	93.56223175965665
101000	233	15	218	93.56223175965665
101100	234	15	219	93.58974358974359
101200	234	15	219	93.58974358974359
101300	234	15	219	93.58974358974359
101400	234	15	219	93.58974358974359
101500	234	15	219	93.58974358974359
101600	234	15	219	93.58974358974359
101700	234	15	219	93.58974358974359
101800	234	15	219	93.58974358974359
101900	234	15	219	93.58974358974359
102000	235	15	220	93.61702127659575
102100	236	15	221	93.64406779661016
102200	236	15	221	93.64406779661016
102300	236	15	221	93.64406779661016
102400	236	15	221	93.64406779661016
102500	236	15	221	93.64406779661016
102600	236	15	221	93.64406779661016
102700	236	15	221	93.64406779661016
102800	236	15	221	93.64406779661016
102900	237	15	222	93.67088607594937
103000	238	15	223	93.69747899159664
103100	239	15	224	93.72384937238493
103200	241	15	226	93.7759336099585
103300	241	15	226	93.7759336099585
103400	241	15	226	93.7759336099585
103500	241	15	226	93.7759336099585
103600	241	15	226	93.7759336099585
103700	242	15	227	93.80165289256198
103800	243	15	228	93.82716049382715
103900	243	15	228	93.82716049382715
104000	243	15	228	93.82716049382715
104100	243	15	228	93.82716049382715
104200	244	15	229	93.85245901639344
104300	244	15	229	93.85245901639344
104400	245	15	230	93.87755102040816
104500	245	15	230	93.87755102040816
104600	245	15	230	93.87755102040816
104700	247	15	232	93.92712550607287
104800	247	15	232	93.92712550607287
104900	247	15	232	93.92712550607287
105000	247	15	232	93.92712550607287
105100	247	15	232	93.92712550607287
105200	247	15	232	93.92712550607287
105300	247	15	232	93.92712550607287
105400	248	15	233	93.95161290322581
105500	248	15	233	93.95161290322581
105600	248	15	233	93.95161290322581
105700	248	15	233	93.95161290322581
105800	248	15	233	93.95161290322581
105900	248	15	233	93.95161290322581
106000	248	14	234	94.35483870967742
106100	249	14	235	94.37751004016064
106200	251	14	237	94.42231075697211
106300	251	14	237	94.42231075697211
106400	251	14	237	94.42231075697211
106500	251	14	237	94.42231075697211
106600	252	14	238	94.44444444444444
106700	252	14	238	94.44444444444444
106800	252	14	238	94.44444444444444
106900	252	14	238	94.44444444444444
107000	252	14	238	94.44444444444444
107100	252	14	238	94.44444444444444
107200	252	14	238	94.44444444444444
107300	252	14	238	94.44444444444444
107400	252	14	238	94.44444444444444
107500	252	14	238	94.44444444444444
107600	252	14	238	94.44444444444444
107700	252	14	238	94.44444444444444
107800	252	14	238	94.44444444444444
107900	252	14	238	94.44444444444444
108000	253	14	239	94.46640316205533
108100	253	14	239	94.46640316205533
108200	253	14	239	94.46640316205533
108300	253	14	239	94.46640316205533
108400	253	14	239	94.46640316205533
108500	254	14	240	94.48818897637796
108600	254	14	240	94.48818897637796
108700	254	14	240	94.48818897637796
108800	254	14	240	94.48818897637796
108900	255	14	241	94.50980392156862
109000	255	14	241	94.50980392156862
109100	255	14	241	94.50980392156862
109200	255	14	241	94.50980392156862
109300	255	14	241	94.50980392156862
109400	255	14	241	94.50980392156862
109500	257	14	243	94.55252918287937
109600	257	14	243	94.55252918287937
109700	258	14	244	94.57364341085271
109800	258	14	244	94.57364341085271
109900	258	14	244	94.57364341085271
110000	259	14	245	94.5945945945946
110100	261	14	247	94.6360153256705
110200	264	14	250	94.6969696969697
110300	264	14	250	94.6969696969697
110400	264	14	250	94.6969696969697
110500	264	14	250	94.6969696969697
110600	264	14	250	94.6969696969697
110700	264	14	250	94.6969696969697
110800	265	14	251	94.71698113207547
110900	265	14	251	94.71698113207547
111000	265	14	251	94.71698113207547
111100	265	14	251	94.71698113207547
111200	265	14	251	94.71698113207547
111300	266	14	252	94.73684210526315
111400	266	14	252	94.73684210526315
111500	267	14	253	94.7565543071161
111600	267	14	253	94.7565543071161
111700	267	14	253	94.7565543071161
111800	267	14	253	94.7565543071161
111900	268	14	254	94.77611940298507
112000	268	14	254	94.77611940298507
112100	268	14	254	94.77611940298507
112200	268	14	254	94.77611940298507
112300	268	14	254	94.77611940298507
112400	268	14	254	94.77611940298507
112500	269	14	255	94.79553903345726
112600	269	14	255	94.79553903345726
112700	269	14	255	94.79553903345726
112800	270	14	256	94.81481481481482
112900	272	14	258	94.85294117647058
113000	272	14	258	94.85294117647058
113100	275	14	261	94.9090909090909
113200	276	14	262	94.92753623188406
113300	277	14	263	94.94584837545126
113400	278	14	264	94.96402877697841
113500	278	14	264	94.96402877697841
113600	278	14	264	94.96402877697841
113700	278	14	264	94.96402877697841
113800	278	14	264	94.96402877697841
113900	278	14	264	94.96402877697841
114000	278	14	264	94.96402877697841
114100	279	14	265	94.98207885304659
114200	279	14	265	94.98207885304659
114300	280	14	266	95.0
114400	280	14	266	95.0
114500	280	14	266	95.0
114600	280	14	266	95.0
114700	280	14	266	95.0
114800	280	14	266	95.0
114900	280	14	266	95.0
115000	280	14	266	95.0
115100	280	14	266	95.0
115200	280	14	266	95.0
115300	280	14	266	95.0
115400	281	14	267	95.01779359430606
115500	281	14	267	95.01779359430606
115600	281	14	267	95.01779359430606
115700	281	14	267	95.01779359430606
115800	282	14	268	95.0354609929078
115900	282	14	268	95.0354609929078
116000	282	14	268	95.0354609929078
116100	284	14	270	95.07042253521126
116200	284	14	270	95.07042253521126
116300	284	14	270	95.07042253521126
116400	284	14	270	95.07042253521126
116500	285	14	271	95.08771929824562
116600	285	14	271	95.08771929824562
116700	285	14	271	95.08771929824562
116800	285	14	271	95.08771929824562
116900	285	14	271	95.08771929824562
117000	285	14	271	95.08771929824562
117100	286	14	272	95.1048951048951
117200	286	14	272	95.1048951048951
117300	286	14	272	95.1048951048951
117400	286	14	272	95.1048951048951
117500	286	14	272	95.1048951048951
117600	286	14	272	95.1048951048951
117700	286	14	272	95.1048951048951
117800	286	14	272	95.1048951048951
117900	286	14	272	95.1048951048951
118000	286	14	272	95.1048951048951
118100	286	14	272	95.1048951048951
118200	287	14	273	95.1219512195122
118300	289	14	275	95.15570934256056
118400	289	14	275	95.15570934256056
118500	290	14	276	95.17241379310344
118600	290	14	276	95.17241379310344
118700	290	14	276	95.17241379310344
118800	290	14	276	95.17241379310344
118900	290	14	276	95.17241379310344
119000	290	14	276	95.17241379310344
119100	291	14	277	95.1890034364261
119200	292	14	278	95.2054794520548
119300	293	14	279	95.22184300341297
119400	293	14	279	95.22184300341297
119500	293	14	279	95.22184300341297
119600	293	14	279	95.22184300341297
119700	294	14	280	95.23809523809523
119800	294	14	280	95.23809523809523
119900	294	14	280	95.23809523809523
120000	294	14	280	95.23809523809523
120100	294	14	280	95.23809523809523
120200	294	14	280	95.23809523809523
120300	294	14	280	95.23809523809523
120400	295	14	281	95.25423728813558
120500	295	14	281	95.25423728813558
120600	297	14	283	95.28619528619528
120700	297	14	283	95.28619528619528
120800	297	14	283	95.28619528619528
120900	297	14	283	95.28619528619528
121000	297	14	283	95.28619528619528
121100	297	14	283	95.28619528619528
121200	297	14	283	95.28619528619528
121300	297	14	283	95.28619528619528
121400	297	14	283	95.28619528619528
121500	297	14	283	95.28619528619528
121600	297	14	283	95.28619528619528
121700	297	14	283	95.28619528619528
121800	298	14	284	95.30201342281879
121900	299	14	285	95.31772575250837
122000	299	14	285	95.31772575250837
122100	300	14	286	95.33333333333334
122200	301	14	287	95.34883720930233
122300	302	14	288	95.36423841059603
122400	303	14	289	95.37953795379538
122500	303	14	289	95.37953795379538
122600	303	14	289	95.37953795379538
122700	303	14	289	95.37953795379538
122800	303	14	289	95.37953795379538
122900	303	14	289	95.37953795379538
123000	303	14	289	95.37953795379538
123100	303	14	289	95.37953795379538
123200	304	14	290	95.39473684210526
123300	304	14	290	95.39473684210526
123400	305	14	291	95.40983606557377
123500	306	14	292	95.42483660130719
123600	306	14	292	95.42483660130719
123700	306	14	292	95.42483660130719
123800	307	14	293	95.43973941368078
123900	308	14	294	95.45454545454545
124000	308	14	294	95.45454545454545
124100	308	14	294	95.45454545454545
124200	309	14	295	95.46925566343042
124300	309	14	295	95.46925566343042
124400	309	14	295	95.46925566343042
124500	310	14	296	95.48387096774194
124600	310	14	296	95.48387096774194
124700	310	14	296	95.48387096774194
124800	311	14	297	95.4983922829582
124900	312	14	298	95.51282051282051
125000	313	14	299	95.52715654952077
125100	313	14	299	95.52715654952077
125200	313	14	299	95.52715654952077
125300	313	14	299	95.52715654952077
125400	313	14	299	95.52715654952077
125500	313	14	299	95.52715654952077
125600	314	14	300	95.54140127388536
125700	314	14	300	95.54140127388536
125800	314	14	300	95.54140127388536
125900	314	14	300	95.54140127388536
126000	315	14	301	95.55555555555556
126100	316	14	302	95.56962025316456
126200	316	14	302	95.56962025316456
126300	316	14	302	95.56962025316456
126400	316	14	302	95.56962025316456
126500	316	14	302	95.56962025316456
126600	316	14	302	95.56962025316456
126700	317	14	303	95.58359621451105
126800	319	14	305	95.61128526645768
126900	320	14	306	95.625
127000	321	14	307	95.6386292834891
127100	322	14	308	95.65217391304348
127200	322	14	308	95.65217391304348
127300	322	14	308	95.65217391304348
127400	324	14	310	95.67901234567901
127500	325	14	311	95.6923076923077
127600	325	14	311	95.6923076923077
127700	325	14	311	95.6923076923077
127800	326	14	312	95.70552147239265
127900	327	14	313	95.71865443425077
128000	328	14	314	95.73170731707317
128100	330	14	316	95.75757575757575
128200	331	14	317	95.77039274924472
128300	331	14	317	95.77039274924472
128400	331	14	317	95.77039274924472
128500	331	14	317	95.77039274924472
128600	332	14	318	95.78313253012048
128700	332	14	318	95.78313253012048
128800	332	14	318	95.78313253012048
128900	333	14	319	95.7957957957958
129000	333	14	319	95.7957957957958
129100	333	14	319	95.7957957957958
129200	333	14	319	95.7957957957958
129300	334	14	320	95.80838323353294
129400	334	14	320	95.80838323353294
129500	334	14	320	95.80838323353294
129600	335	14	321	95.82089552238806
129700	336	14	322	95.83333333333334
129800	336	14	322	95.83333333333334
129900	336	14	322	95.83333333333334
130000	337	14	323	95.84569732937686
130100	337	14	323	95.84569732937686
130200	338	14	324	95.85798816568047
130300	338	14	324	95.85798816568047
130400	338	14	324	95.85798816568047
130500	338	14	324	95.85798816568047
130600	339	14	325	95.87020648967551
130700	341	14	327	95.89442815249268
130800	341	14	327	95.89442815249268
130900	342	14	328	95.90643274853801
131000	342	14	328	95.90643274853801
131100	342	14	328	95.90643274853801
131200	342	14	328	95.90643274853801
131300	343	14	329	95.91836734693877
131400	344	14	330	95.93023255813954
131500	345	14	331	95.94202898550725
131600	347	14	333	95.96541786743515
131700	348	14	334	95.97701149425288
131800	349	14	335	95.98853868194843
131900	349	14	335	95.98853868194843
132000	350	14	336	96.0
132100	350	14	336	96.0
132200	350	14	336	96.0
132300	350	14	336	96.0
132400	350	14	336	96.0
132500	351	14	337	96.01139601139602
132600	351	14	337	96.01139601139602
132700	351	14	337	96.01139601139602
132800	353	14	339	96.03399433427762
132900	353	14	339	96.03399433427762
133000	353	14	339	96.03399433427762
133100	353	14	339	96.03399433427762
133200	353	14	339	96.03399433427762
133300	353	14	339	96.03399433427762
133400	353	14	339	96.03399433427762
133500	353	14	339	96.03399433427762
133600	353	14	339	96.03399433427762
133700	354	14	340	96.045197740113
133800	354	14	340	96.045197740113
133900	354	14	340	96.045197740113
134000	355	14	341	96.05633802816902
134100	355	14	341	96.05633802816902
134200	355	14	341	96.05633802816902
134300	355	14	341	96.05633802816902
134400	355	14	341	96.05633802816902
134500	355	14	341	96.05633802816902
134600	355	14	341	96.05633802816902
134700	355	14	341	96.05633802816902
134800	356	14	342	96.06741573033707
134900	356	14	342	96.06741573033707
135000	357	14	343	96.07843137254902
135100	358	14	344	96.08938547486034
135200	359	14	345	96.10027855153204
135300	359	14	345	96.10027855153204
135400	359	14	345	96.10027855153204
135500	359	14	345	96.10027855153204
135600	360	14	346	96.11111111111111
135700	360	14	346	96.11111111111111
135800	360	14	346	96.11111111111111
135900	360	14	346	96.11111111111111
136000	360	14	346	96.11111111111111
136100	360	14	346	96.11111111111111
136200	360	14	346	96.11111111111111
136300	360	14	346	96.11111111111111
136400	361	14	347	96.1218836565097
136500	361	14	347	96.1218836565097
136600	361	14	347	96.1218836565097
136700	361	14	347	96.1218836565097
136800	361	14	347	96.1218836565097
136900	362	14	348	96.13259668508287
137000	363	14	349	96.14325068870524
137100	364	14	350	96.15384615384616
137200	365	14	351	96.16438356164385
137300	366	14	352	96.17486338797814
137400	368	14	354	96.19565217391305
137500	368	14	354	96.19565217391305
137600	368	14	354	96.19565217391305
137700	369	14	355	96.2059620596206
137800	369	14	355	96.2059620596206
137900	369	14	355	96.2059620596206
138000	369	14	355	96.2059620596206
138100	369	14	355	96.2059620596206
138200	369	14	355	96.2059620596206
138300	369	14	355	96.2059620596206
138400	370	14	356	96.21621621621622
138500	370	14	356	96.21621621621622
138600	371	14	357	96.22641509433963
138700	372	14	358	96.23655913978494
138800	373	14	359	96.24664879356568
138900	374	14	360	96.2566844919786
139000	374	14	360	96.2566844919786
139100	376	14	362	96.27659574468085
139200	376	14	362	96.27659574468085
139300	377	14	363	96.28647214854111
139400	378	14	364	96.29629629629629
139500	378	14	364	96.29629629629629
139600	378	14	364	96.29629629629629
139700	378	14	364	96.29629629629629
139800	378	14	364	96.29629629629629
139900	378	14	364	96.29629629629629
140000	380	14	366	96.3157894736842
140100	382	14	368	96.33507853403141
140200	383	14	369	96.34464751958225
140300	384	14	370	96.35416666666666
140400	384	14	370	96.35416666666666
140500	384	14	370	96.35416666666666
140600	384	14	370	96.35416666666666
140700	385	14	371	96.36363636363636
140800	385	14	371	96.36363636363636
140900	385	14	371	96.36363636363636
141000	385	14	371	96.36363636363636
141100	385	14	371	96.36363636363636
141200	385	14	371	96.36363636363636
141300	386	14	372	96.37305699481865
141400	386	14	372	96.37305699481865
141500	387	14	373	96.38242894056847
141600	389	14	375	96.40102827763496
141700	390	14	376	96.41025641025641
141800	390	14	376	96.41025641025641
141900	391	14	377	96.41943734015345
142000	391	14	377	96.41943734015345
142100	391	14	377	96.41943734015345
142200	391	14	377	96.41943734015345
142300	393	14	379	96.43765903307889
142400	393	14	379	96.43765903307889
142500	394	14	380	96.44670050761421
142600	394	14	380	96.44670050761421
142700	395	14	381	96.45569620253166
142800	396	14	382	96.46464646464646
142900	396	14	382	96.46464646464646
143000	398	14	384	96.4824120603015
143100	399	14	385	96.49122807017544
143200	400	14	386	96.5
143300	400	14	386	96.5
143400	400	14	386	96.5
143500	401	14	387	96.50872817955111
143600	403	14	389	96.52605459057072
143700	403	14	389	96.52605459057072
143800	403	14	389	96.52605459057072
143900	403	14	389	96.52605459057072
144000	404	14	390	96.53465346534654
144100	405	14	391	96.54320987654322
144200	405	14	391	96.54320987654322
144300	405	14	391	96.54320987654322
144400	406	14	392	96.55172413793103
144500	407	14	393	96.56019656019656
144600	409	14	395	96.57701711491443
144700	410	14	396	96.58536585365853
144800	411	14	397	96.59367396593674
144900	412	14	398	96.60194174757282
145000	414	14	400	96.61835748792271
145100	414	14	400	96.61835748792271
145200	414	14	400	96.61835748792271
145300	414	14	400	96.61835748792271
145400	414	14	400	96.61835748792271
145500	414	14	400	96.61835748792271
145600	414	14	400	96.61835748792271
145700	415	14	401	96.62650602409639
145800	415	14	401	96.62650602409639
145900	416	14	402	96.63461538461539
146000	417	14	403	96.64268585131894
146100	418	14	404	96.65071770334929
146200	419	14	405	96.65871121718376
146300	419	14	405	96.65871121718376
146400	420	14	406	96.66666666666667
146500	421	14	407	96.67458432304038
146600	421	14	407	96.67458432304038
146700	422	14	408	96.6824644549763
146800	422	14	408	96.6824644549763
146900	422	14	408	96.6824644549763
147000	422	14	408	96.6824644549763
147100	422	14	408	96.6824644549763
147200	424	14	410	96.69811320754717
147300	424	14	410	96.69811320754717
147400	424	14	410	96.69811320754717
147500	424	14	410	96.69811320754717
147600	424	14	410	96.69811320754717
147700	424	14	410	96.69811320754717
147800	424	14	410	96.69811320754717
147900	425	14	411	96.70588235294117
148000	425	14	411	96.70588235294117
148100	426	14	412	96.71361502347418
148200	426	14	412	96.71361502347418
148300	426	14	412	96.71361502347418
148400	429	14	415	96.73659673659674
148500	429	14	415	96.73659673659674
148600	429	14	415	96.73659673659674
148700	429	14	415	96.73659673659674
148800	429	14	415	96.73659673659674
148900	429	14	415	96.73659673659674
149000	429	14	415	96.73659673659674
149100	431	14	417	96.75174013921114
149200	431	14	417	96.75174013921114
149300	433	14	419	96.76674364896074
149400	433	14	419	96.76674364896074
149500	434	14	420	96.7741935483871
149600	434	14	420	96.7741935483871
149700	434	14	420	96.7741935483871
149800	434	14	420	96.7741935483871
149900	434	14	420	96.7741935483871
150000	434	14	420	96.7741935483871
150100	435	14	421	96.7816091954023
150200	435	13	422	97.01149425287356
150300	435	13	422	97.01149425287356
150400	436	13	423	97.01834862385321
150500	436	13	423	97.01834862385321
150600	436	13	423	97.01834862385321
150700	437	13	424	97.02517162471396
150800	437	13	424	97.02517162471396
150900	437	13	424	97.02517162471396
151000	438	13	425	97.03196347031964
151100	439	13	426	97.03872437357631
151200	440	13	427	97.04545454545455
151300	442	13	429	97.05882352941177
151400	442	13	429	97.05882352941177
151500	442	13	429	97.05882352941177
151600	442	13	429	97.05882352941177
151700	442	13	429	97.05882352941177
151800	443	13	430	97.06546275395034
151900	445	13	432	97.07865168539325
152000	446	13	433	97.08520179372198
152100	447	13	434	97.0917225950783
152200	447	13	434	97.0917225950783
152300	447	13	434	97.0917225950783
152400	447	13	434	97.0917225950783
152500	447	13	434	97.0917225950783
152600	447	13	434	97.0917225950783
152700	447	13	434	97.0917225950783
152800	448	13	435	97.09821428571429
152900	448	13	435	97.09821428571429
153000	448	13	435	97.09821428571429
153100	449	13	436	97.10467706013362
153200	449	13	436	97.10467706013362
153300	449	13	436	97.10467706013362
153400	450	13	437	97.11111111111111
153500	451	13	438	97.11751662971176
153600	452	13	439	97.12389380530973
153700	452	13	439	97.12389380530973
153800	453	13	440	97.13024282560706
153900	453	13	440	97.13024282560706
154000	453	13	440	97.13024282560706
154100	453	13	440	97.13024282560706
154200	453	13	440	97.13024282560706
154300	454	13	441	97.13656387665198
154400	454	13	441	97.13656387665198
154500	455	13	442	97.14285714285714
154600	455	13	442	97.14285714285714
154700	455	13	442	97.14285714285714
154800	455	13	442	97.14285714285714
154900	455	13	442	97.14285714285714
155000	456	13	443	97.14912280701753
155100	457	13	444	97.15536105032822
155200	457	13	444	97.15536105032822
155300	458	13	445	97.16157205240175
155400	459	13	446	97.1677559912854
155500	459	13	446	97.1677559912854
155600	460	13	447	97.17391304347827
155700	461	13	448	97.18004338394793
155800	462	13	449	97.18614718614718
155900	462	13	449	97.18614718614718
156000	462	13	449	97.18614718614718
156100	463	13	450	97.19222462203024
156200	464	13	451	97.19827586206897
156300	464	13	451	97.19827586206897
156400	465	13	452	97.20430107526882
156500	466	13	453	97.21030042918454
156600	466	13	453	97.21030042918454
156700	468	13	455	97.22222222222221
156800	468	13	455	97.22222222222221
156900	468	13	455	97.22222222222221
157000	469	13	456	97.22814498933901
157100	469	13	456	97.22814498933901
157200	469	13	456	97.22814498933901
157300	471	13	458	97.23991507430998
157400	471	13	458	97.23991507430998
157500	472	13	459	97.2457627118644
157600	472	13	459	97.2457627118644
157700	472	13	459	97.2457627118644
157800	472	13	459	97.2457627118644
157900	474	13	461	97.25738396624473
158000	474	13	461	97.25738396624473
158100	474	13	461	97.25738396624473
158200	474	13	461	97.25738396624473
158300	474	13	461	97.25738396624473
158400	475	13	462	97.26315789473684
158500	475	13	462	97.26315789473684
158600	477	13	464	97.27463312368972
158700	478	13	465	97.28033472803347
158800	478	13	465	97.28033472803347
158900	480	13	467	97.29166666666667
159000	480	13	467	97.29166666666667
159100	480	13	467	97.29166666666667
159200	481	13	468	97.2972972972973
159300	484	13	471	97.31404958677686
159400	484	13	471	97.31404958677686
159500	484	13	471	97.31404958677686
159600	484	13	471	97.31404958677686
159700	484	13	471	97.31404958677686
159800	484	13	471	97.31404958677686
159900	484	13	471	97.31404958677686
160000	484	13	471	97.31404958677686
160100	484	13	471	97.31404958677686
160200	484	13	471	97.31404958677686
160300	485	13	472	97.31958762886597
160400	485	13	472	97.31958762886597
160500	486	13	473	97.32510288065843
160600	486	13	473	97.32510288065843
160700	486	13	473	97.32510288065843
160800	486	13	473	97.32510288065843
160900	486	13	473	97.32510288065843
161000	486	13	473	97.32510288065843
161100	487	13	474	97.3305954825462
161200	487	13	474	97.3305954825462
161300	487	13	474	97.3305954825462
161400	487	13	474	97.3305954825462
161500	488	13	475	97.3360655737705
161600	488	13	475	97.3360655737705
161700	488	13	475	97.3360655737705
161800	489	13	476	97.34151329243353
