#MCS	Cells_reaching_warning_height
0	0
100	0
200	0
300	0
400	0
500	0
600	0
700	0
800	0
900	0
1000	0
1100	0
1200	0
1300	0
1400	0
1500	0
1600	0
1700	0
1800	0
1900	0
2000	0
2100	0
2200	0
2300	0
2400	0
2500	0
2600	0
2700	0
2800	0
2900	0
3000	0
3100	0
3200	0
3300	0
3400	0
3500	0
3600	0
3700	0
3800	0
3900	0
4000	0
4100	0
4200	0
4300	0
4400	0
4500	0
4600	0
4700	0
4800	0
4900	0
5000	0
5100	0
5200	0
5300	0
5400	0
5500	0
5600	0
5700	0
5800	0
5900	0
6000	0
6100	0
6200	0
6300	0
6400	0
6500	0
6600	0
6700	0
6800	0
6900	0
7000	0
7100	0
7200	0
7300	0
7400	0
7500	0
7600	0
7700	0
7800	0
7900	0
8000	0
8100	0
8200	0
8300	0
8400	0
8500	0
8600	0
8700	0
8800	0
8900	0
9000	0
9100	0
9200	0
9300	0
9400	0
9500	0
9600	0
9700	0
9800	0
9900	0
10000	0
10100	0
10200	0
10300	0
10400	0
10500	0
10600	0
10700	0
10800	0
10900	0
11000	0
11100	0
11200	0
11300	0
11400	0
11500	0
11600	0
11700	0
11800	0
11900	0
12000	0
12100	0
12200	0
12300	0
12400	0
12500	0
12600	0
12700	0
12800	0
12900	0
13000	0
13100	0
13200	0
13300	0
13400	0
13500	0
13600	0
13700	0
13800	0
13900	0
14000	0
14100	0
14200	0
14300	0
14400	0
14500	0
14600	0
14700	0
14800	0
14900	0
15000	0
15100	0
15200	0
15300	0
15400	0
15500	0
15600	0
15700	0
15800	0
15900	0
16000	0
16100	0
16200	0
16300	0
16400	0
16500	0
16600	0
16700	0
16800	0
16900	0
17000	0
17100	0
17200	0
17300	0
17400	0
17500	0
17600	0
17700	0
17800	0
17900	0
18000	0
18100	0
18200	0
18300	0
18400	0
18500	0
18600	0
18700	0
18800	0
18900	0
19000	0
19100	0
19200	0
19300	0
19400	0
19500	0
19600	0
19700	0
19800	0
19900	0
20000	0
20100	0
20200	0
20300	0
20400	0
20500	0
20600	0
20700	0
20800	0
20900	0
21000	0
21100	0
21200	0
21300	0
21400	0
21500	0
21600	0
21700	0
21800	0
21900	0
22000	0
22100	0
22200	0
22300	0
22400	0
22500	0
22600	0
22700	0
22800	0
22900	0
23000	0
23100	0
23200	0
23300	0
23400	0
23500	0
23600	0
23700	0
23800	0
23900	0
24000	0
24100	0
24200	0
24300	0
24400	0
24500	0
24600	0
24700	0
24800	0
24900	0
25000	0
25100	0
25200	0
25300	0
25400	0
25500	0
25600	0
25700	0
25800	0
25900	0
26000	0
26100	0
26200	0
26300	0
26400	0
26500	0
26600	0
26700	0
26800	0
26900	0
27000	0
27100	0
27200	0
27300	0
27400	0
27500	0
27600	0
27700	0
27800	0
27900	0
28000	0
28100	0
28200	0
28300	0
28400	0
28500	0
28600	0
28700	0
28800	0
28900	0
29000	0
29100	0
29200	0
29300	0
29400	0
29500	0
29600	0
29700	0
29800	0
29900	0
30000	0
30100	0
30200	0
30300	0
30400	0
30500	0
30600	0
30700	0
30800	0
30900	0
31000	0
31100	0
31200	0
31300	0
31400	0
31500	0
31600	0
31700	0
31800	0
31900	0
32000	0
32100	0
32200	0
32300	0
32400	0
32500	0
32600	0
32700	0
32800	0
32900	0
33000	0
33100	0
33200	0
33300	0
33400	0
33500	0
33600	0
33700	0
33800	0
33900	0
34000	0
34100	0
34200	0
34300	0
34400	0
34500	0
34600	0
34700	0
34800	0
34900	0
35000	0
35100	0
35200	0
35300	0
35400	0
35500	0
35600	0
35700	0
35800	0
35900	0
36000	0
36100	0
36200	0
36300	0
36400	0
36500	0
36600	0
36700	0
36800	0
36900	0
37000	0
37100	0
37200	0
37300	0
37400	0
37500	0
37600	0
37700	0
37800	0
37900	0
38000	0
38100	0
38200	0
38300	0
38400	0
38500	0
38600	0
38700	0
38800	0
38900	0
39000	0
39100	0
39200	0
39300	0
39400	0
39500	0
39600	0
39700	0
39800	0
39900	0
40000	0
40100	0
40200	0
40300	0
40400	0
40500	0
40600	0
40700	0
40800	0
40900	0
41000	0
41100	0
41200	0
41300	0
41400	0
41500	0
41600	0
41700	0
41800	0
41900	0
42000	0
42100	0
42200	0
42300	0
42400	0
42500	0
42600	0
42700	0
42800	0
42900	0
43000	0
43100	0
43200	0
43300	0
43400	0
43500	0
43600	0
43700	0
43800	0
43900	0
44000	0
44100	0
44200	0
44300	0
44400	0
44500	0
44600	0
44700	0
44800	0
44900	0
45000	0
45100	0
45200	0
45300	0
45400	0
45500	0
45600	0
45700	0
45800	0
45900	0
46000	0
46100	0
46200	0
46300	0
46400	0
46500	0
46600	0
46700	0
46800	0
46900	0
47000	0
47100	0
47200	0
47300	0
47400	0
47500	0
47600	0
47700	0
47800	0
47900	0
48000	0
48100	0
48200	0
48300	0
48400	0
48500	0
48600	0
48700	0
48800	0
48900	0
49000	0
49100	0
49200	0
49300	0
49400	0
49500	0
49600	0
49700	0
49800	0
49900	0
50000	0
50100	0
50200	0
50300	0
50400	0
50500	0
50600	0
50700	0
50800	0
50900	0
51000	0
51100	0
51200	0
51300	0
51400	0
51500	0
51600	0
51700	0
51800	0
51900	0
52000	0
52100	0
52200	0
52300	0
52400	0
52500	0
52600	0
52700	0
52800	0
52900	0
53000	0
53100	0
53200	0
53300	0
53400	0
53500	0
53600	0
53700	0
53800	0
53900	0
54000	0
54100	0
54200	0
54300	0
54400	0
54500	0
54600	0
54700	0
54800	0
54900	0
55000	0
55100	0
55200	0
55300	0
55400	0
55500	0
55600	0
55700	0
55800	0
55900	0
56000	0
56100	0
56200	0
56300	0
56400	0
56500	0
56600	0
56700	0
56800	0
56900	0
57000	0
57100	0
57200	0
57300	0
57400	0
57500	0
57600	0
57700	0
57800	0
57900	0
58000	0
58100	0
58200	0
58300	0
58400	0
58500	0
58600	0
58700	0
58800	0
58900	0
59000	0
59100	0
59200	0
59300	0
59400	0
59500	0
59600	0
59700	0
59800	0
59900	0
60000	0
60100	0
60200	0
60300	0
60400	0
60500	0
60600	0
60700	0
60800	0
60900	0
61000	0
61100	0
61200	0
61300	0
61400	0
61500	0
61600	0
61700	0
61800	0
61900	0
62000	0
62100	0
62200	0
62300	0
62400	0
62500	0
62600	0
62700	0
62800	0
62900	0
63000	0
63100	0
63200	0
63300	0
63400	0
63500	0
63600	0
63700	0
63800	0
63900	0
64000	0
64100	0
64200	0
64300	0
64400	0
64500	0
64600	0
64700	0
64800	0
64900	0
65000	0
65100	0
65200	0
65300	0
65400	0
65500	0
65600	0
65700	0
65800	0
65900	0
66000	0
66100	0
66200	0
66300	0
66400	0
66500	0
66600	0
66700	0
66800	0
66900	0
67000	0
67100	0
67200	0
67300	0
67400	0
67500	0
67600	0
67700	0
67800	0
67900	0
68000	0
68100	0
68200	0
68300	0
68400	0
68500	0
68600	0
68700	0
68800	0
68900	0
69000	0
69100	0
69200	0
69300	0
69400	0
69500	0
69600	0
69700	0
69800	0
69900	0
70000	0
70100	0
70200	0
70300	0
70400	0
70500	0
70600	0
70700	0
70800	0
70900	0
71000	0
71100	0
71200	0
71300	0
71400	0
71500	0
71600	0
71700	0
71800	0
71900	0
72000	0
72100	0
72200	0
72300	0
72400	0
72500	0
72600	0
72700	0
72800	0
72900	0
73000	0
73100	0
73200	0
73300	0
73400	0
73500	0
73600	0
73700	0
73800	0
73900	0
74000	0
74100	0
74200	0
74300	0
74400	0
74500	0
74600	0
74700	0
74800	0
74900	0
75000	0
75100	0
75200	0
75300	0
75400	0
75500	0
75600	0
75700	0
75800	0
75900	0
76000	0
76100	0
76200	0
76300	0
76400	0
76500	0
76600	0
76700	0
76800	0
76900	0
77000	0
77100	0
77200	0
77300	0
77400	0
77500	0
77600	0
77700	0
77800	0
77900	0
78000	0
78100	0
78200	0
78300	0
78400	0
78500	0
78600	0
78700	0
78800	0
78900	0
79000	0
79100	0
79200	0
79300	0
79400	0
79500	0
79600	0
79700	0
79800	0
79900	0
80000	0
80100	0
80200	0
80300	0
80400	0
80500	0
80600	0
80700	0
80800	0
80900	0
81000	0
81100	0
81200	0
81300	0
81400	0
81500	0
81600	0
81700	0
81800	0
81900	0
82000	0
82100	0
82200	0
82300	0
82400	0
82500	0
82600	0
82700	0
82800	0
82900	0
83000	0
83100	0
83200	0
83300	0
83400	0
83500	0
83600	0
83700	0
83800	0
83900	0
84000	0
84100	0
84200	0
84300	0
84400	0
84500	0
84600	0
84700	0
84800	0
84900	0
85000	0
85100	0
85200	0
85300	0
85400	0
85500	0
85600	0
85700	0
85800	0
85900	0
86000	0
86100	0
86200	0
86300	0
86400	1
86500	1
86600	1
86700	1
86800	1
86900	1
87000	1
87100	1
87200	1
87300	1
87400	1
87500	1
87600	1
87700	1
87800	1
87900	1
88000	1
88100	1
88200	1
88300	1
88400	1
88500	1
88600	1
88700	1
88800	1
88900	1
89000	1
89100	1
89200	0
89300	1
89400	1
89500	1
89600	1
89700	1
89800	0
89900	0
90000	1
90100	1
90200	1
90300	1
90400	1
90500	1
90600	1
90700	1
90800	1
90900	0
91000	1
91100	1
91200	1
91300	1
91400	0
91500	0
91600	1
91700	1
91800	1
91900	0
92000	0
92100	0
92200	0
92300	0
92400	0
92500	0
92600	0
92700	0
92800	0
92900	0
93000	0
93100	0
93200	0
93300	0
93400	0
93500	0
93600	0
93700	0
93800	0
93900	0
94000	0
94100	0
94200	0
94300	0
94400	0
94500	0
94600	0
94700	0
94800	0
94900	0
95000	0
95100	0
95200	1
95300	1
95400	1
95500	1
95600	1
95700	1
95800	1
95900	1
96000	1
96100	1
96200	1
96300	1
96400	1
96500	1
96600	1
96700	1
96800	1
96900	1
97000	1
97100	1
97200	1
97300	1
97400	1
97500	1
97600	1
97700	1
97800	1
97900	1
98000	1
98100	1
98200	1
98300	1
98400	1
98500	1
98600	1
98700	1
98800	1
98900	1
99000	1
99100	1
99200	1
99300	1
99400	1
99500	1
99600	1
99700	1
99800	1
99900	1
100000	1
100100	1
100200	1
100300	1
100400	1
100500	1
100600	1
100700	1
100800	1
100900	1
101000	1
101100	1
101200	1
101300	1
101400	1
101500	1
101600	1
101700	1
101800	1
101900	1
102000	1
102100	1
102200	1
102300	1
102400	1
102500	1
102600	1
102700	1
102800	1
102900	1
103000	1
103100	1
103200	1
103300	1
103400	1
103500	1
103600	1
103700	1
103800	1
103900	1
104000	1
104100	1
104200	1
104300	1
104400	1
104500	1
104600	1
104700	1
104800	1
104900	1
105000	1
105100	1
105200	1
105300	1
105400	1
105500	1
105600	1
105700	1
105800	1
105900	1
106000	1
106100	1
106200	1
106300	1
106400	1
106500	1
106600	1
106700	1
106800	1
106900	1
107000	1
107100	1
107200	1
107300	1
107400	1
107500	1
107600	1
107700	1
107800	1
107900	1
108000	1
108100	1
108200	1
108300	1
108400	1
108500	1
108600	1
108700	1
108800	1
108900	1
109000	1
109100	1
109200	1
109300	1
109400	1
109500	1
109600	1
109700	1
109800	1
109900	1
110000	0
110100	0
110200	0
110300	0
110400	0
110500	0
110600	0
110700	0
110800	0
110900	0
111000	0
111100	0
111200	0
111300	0
111400	0
111500	0
111600	0
111700	0
111800	0
111900	0
112000	0
112100	0
112200	0
112300	0
112400	0
112500	0
112600	0
112700	0
112800	0
112900	0
113000	0
113100	0
113200	1
113300	1
113400	1
113500	0
113600	0
113700	0
113800	0
113900	0
114000	0
114100	0
114200	0
114300	0
114400	0
114500	0
114600	0
114700	0
114800	0
114900	0
115000	0
115100	0
115200	0
115300	0
115400	0
115500	0
115600	0
115700	0
115800	0
115900	0
116000	0
116100	0
116200	0
116300	0
116400	0
116500	0
116600	0
116700	0
116800	0
116900	0
117000	0
117100	0
117200	0
117300	0
117400	0
117500	0
117600	0
117700	0
117800	0
117900	0
118000	0
118100	0
118200	0
118300	0
118400	0
118500	0
118600	0
118700	0
118800	0
118900	0
119000	0
119100	0
119200	0
119300	0
119400	0
119500	0
119600	0
119700	0
119800	0
119900	0
120000	0
120100	0
120200	0
120300	0
120400	0
120500	0
120600	0
120700	0
120800	0
120900	0
121000	0
121100	0
121200	0
121300	0
121400	0
121500	0
121600	0
121700	0
121800	0
121900	0
122000	0
122100	0
122200	0
122300	0
122400	0
122500	0
122600	0
122700	0
122800	0
122900	0
123000	0
123100	0
123200	0
123300	0
123400	0
123500	0
123600	0
123700	0
123800	0
123900	0
124000	0
124100	0
124200	0
124300	0
124400	0
124500	0
124600	0
124700	0
124800	0
124900	0
125000	0
125100	0
125200	0
125300	0
125400	0
125500	0
125600	0
125700	0
125800	0
125900	0
126000	0
126100	0
126200	0
126300	0
126400	0
126500	0
126600	0
126700	0
126800	0
126900	0
127000	0
127100	0
127200	0
127300	0
127400	0
127500	0
127600	0
127700	0
127800	0
127900	0
128000	0
128100	0
128200	0
128300	0
128400	0
128500	0
128600	0
128700	0
128800	0
128900	0
129000	0
129100	0
129200	0
129300	0
129400	0
129500	0
129600	0
129700	0
129800	0
129900	0
130000	0
130100	0
130200	0
130300	0
130400	0
130500	1
130600	1
130700	0
130800	1
130900	1
131000	0
131100	1
131200	1
131300	1
131400	1
131500	1
131600	1
131700	1
131800	1
131900	1
132000	1
132100	0
132200	0
132300	0
132400	0
132500	1
132600	0
132700	0
132800	1
132900	1
133000	1
133100	1
133200	1
133300	1
133400	1
133500	1
133600	1
133700	1
133800	1
133900	1
134000	1
134100	2
134200	2
134300	2
134400	1
134500	1
134600	1
134700	1
134800	2
134900	2
135000	1
135100	1
135200	1
135300	1
135400	1
135500	1
135600	1
135700	2
135800	2
135900	2
136000	2
136100	2
136200	2
136300	2
136400	2
136500	2
136600	3
136700	3
136800	3
136900	3
137000	3
137100	2
137200	2
137300	3
137400	3
137500	2
137600	2
137700	2
137800	3
137900	3
138000	3
138100	3
138200	3
138300	3
138400	2
138500	3
138600	3
138700	3
138800	3
138900	3
139000	3
139100	3
139200	2
139300	1
139400	1
139500	2
139600	1
139700	2
139800	2
139900	2
140000	3
140100	2
140200	1
140300	2
140400	2
140500	2
140600	2
140700	2
140800	2
140900	2
141000	2
141100	2
141200	2
141300	2
141400	2
141500	2
141600	2
141700	1
141800	2
141900	1
142000	1
142100	1
142200	2
142300	2
142400	1
142500	1
142600	1
142700	1
142800	1
142900	2
143000	2
143100	1
143200	1
143300	1
143400	1
143500	2
143600	2
143700	2
143800	2
143900	2
144000	2
144100	2
144200	1
144300	2
144400	2
144500	2
144600	2
144700	2
144800	2
144900	2
145000	2
145100	2
145200	2
145300	2
145400	2
145500	2
145600	2
145700	2
145800	2
145900	2
146000	2
146100	2
146200	1
146300	1
146400	1
146500	1
146600	1
146700	1
146800	1
146900	1
147000	1
147100	1
147200	1
147300	1
147400	1
147500	1
147600	2
147700	2
147800	2
147900	2
148000	2
148100	2
148200	2
148300	1
148400	2
148500	1
148600	1
148700	1
148800	1
148900	1
149000	1
149100	1
149200	1
149300	1
149400	2
149500	3
149600	1
149700	1
149800	2
149900	3
150000	2
150100	3
150200	2
150300	2
150400	3
150500	3
150600	4
150700	3
150800	3
150900	3
151000	3
151100	3
151200	3
151300	2
151400	2
151500	2
151600	2
151700	2
151800	2
151900	2
152000	2
152100	2
152200	2
152300	2
152400	2
152500	2
152600	2
152700	2
152800	2
152900	2
153000	2
153100	2
153200	2
153300	2
153400	2
153500	2
153600	2
153700	2
153800	2
153900	3
154000	3
154100	3
154200	3
154300	3
154400	3
154500	3
154600	3
154700	3
154800	3
154900	3
155000	3
155100	3
155200	3
155300	3
155400	3
155500	3
155600	3
155700	3
155800	3
155900	3
156000	3
156100	4
156200	4
156300	4
156400	4
156500	4
156600	4
156700	4
156800	4
156900	4
157000	4
157100	4
157200	4
157300	4
157400	4
157500	4
157600	4
157700	4
157800	4
157900	3
158000	4
158100	4
158200	4
158300	4
158400	4
158500	4
158600	4
158700	4
158800	4
158900	4
159000	4
159100	4
159200	4
159300	4
159400	4
159500	4
159600	4
159700	4
159800	4
159900	4
160000	4
160100	4
160200	4
160300	4
160400	4
160500	3
160600	4
160700	3
160800	3
160900	4
161000	4
161100	3
161200	3
161300	4
161400	4
161500	4
161600	4
161700	3
161800	3
