#MCS	Initial_cells	Initial_cells_activated	Initial_cells_with_1_or_more_divisions	Percent_initial_cells_with_1_or_more_divisions_respect_totalinitial	Percent_initial_cells_with_1_or_more_divisions_respect_activatedinitial
0	100	5	0	0.0	0.0
100	100	6	0	0.0	0.0
200	100	7	0	0.0	0.0
300	100	10	0	0.0	0.0
400	100	12	0	0.0	0.0
500	100	12	0	0.0	0.0
600	100	15	0	0.0	0.0
700	100	16	0	0.0	0.0
800	100	17	0	0.0	0.0
900	100	18	0	0.0	0.0
1000	100	18	0	0.0	0.0
1100	100	18	0	0.0	0.0
1200	100	18	0	0.0	0.0
1300	100	18	0	0.0	0.0
1400	100	18	0	0.0	0.0
1500	100	18	0	0.0	0.0
1600	100	18	0	0.0	0.0
1700	100	18	0	0.0	0.0
1800	100	19	0	0.0	0.0
1900	100	19	0	0.0	0.0
2000	100	20	0	0.0	0.0
2100	100	21	0	0.0	0.0
2200	100	22	0	0.0	0.0
2300	100	22	0	0.0	0.0
2400	100	23	0	0.0	0.0
2500	100	24	0	0.0	0.0
2600	100	24	0	0.0	0.0
2700	100	24	0	0.0	0.0
2800	100	24	0	0.0	0.0
2900	100	24	0	0.0	0.0
3000	100	25	0	0.0	0.0
3100	100	25	0	0.0	0.0
3200	100	25	0	0.0	0.0
3300	100	26	0	0.0	0.0
3400	100	27	0	0.0	0.0
3500	100	27	0	0.0	0.0
3600	100	28	0	0.0	0.0
3700	100	28	0	0.0	0.0
3800	100	29	0	0.0	0.0
3900	100	29	0	0.0	0.0
4000	100	30	0	0.0	0.0
4100	100	30	0	0.0	0.0
4200	100	30	0	0.0	0.0
4300	100	30	0	0.0	0.0
4400	100	30	0	0.0	0.0
4500	100	30	0	0.0	0.0
4600	100	30	0	0.0	0.0
4700	100	32	0	0.0	0.0
4800	100	32	0	0.0	0.0
4900	100	32	0	0.0	0.0
5000	100	32	0	0.0	0.0
5100	100	32	0	0.0	0.0
5200	100	32	0	0.0	0.0
5300	100	32	0	0.0	0.0
5400	100	33	0	0.0	0.0
5500	100	33	0	0.0	0.0
5600	100	33	0	0.0	0.0
5700	100	33	0	0.0	0.0
5800	100	33	0	0.0	0.0
5900	100	33	0	0.0	0.0
6000	100	33	0	0.0	0.0
6100	100	34	0	0.0	0.0
6200	100	34	0	0.0	0.0
6300	100	36	0	0.0	0.0
6400	100	36	0	0.0	0.0
6500	100	36	0	0.0	0.0
6600	100	36	0	0.0	0.0
6700	100	37	0	0.0	0.0
6800	100	37	0	0.0	0.0
6900	100	37	0	0.0	0.0
7000	100	37	0	0.0	0.0
7100	100	37	0	0.0	0.0
7200	100	37	0	0.0	0.0
7300	100	37	0	0.0	0.0
7400	100	37	0	0.0	0.0
7500	100	37	0	0.0	0.0
7600	100	37	0	0.0	0.0
7700	100	37	0	0.0	0.0
7800	100	37	0	0.0	0.0
7900	100	37	0	0.0	0.0
8000	100	37	0	0.0	0.0
8100	100	37	0	0.0	0.0
8200	100	37	0	0.0	0.0
8300	100	38	0	0.0	0.0
8400	100	38	0	0.0	0.0
8500	100	38	0	0.0	0.0
8600	100	38	0	0.0	0.0
8700	100	38	0	0.0	0.0
8800	100	38	0	0.0	0.0
8900	100	38	0	0.0	0.0
9000	100	38	0	0.0	0.0
9100	100	38	0	0.0	0.0
9200	100	38	0	0.0	0.0
9300	100	38	0	0.0	0.0
9400	100	38	0	0.0	0.0
9500	100	38	0	0.0	0.0
9600	100	38	0	0.0	0.0
9700	100	38	0	0.0	0.0
9800	100	38	0	0.0	0.0
9900	100	38	0	0.0	0.0
10000	100	38	0	0.0	0.0
10100	100	38	0	0.0	0.0
10200	100	38	0	0.0	0.0
10300	100	39	0	0.0	0.0
10400	100	39	0	0.0	0.0
10500	100	39	0	0.0	0.0
10600	100	39	0	0.0	0.0
10700	100	39	0	0.0	0.0
10800	100	39	0	0.0	0.0
10900	100	39	0	0.0	0.0
11000	100	40	0	0.0	0.0
11100	100	40	0	0.0	0.0
11200	100	40	0	0.0	0.0
11300	100	40	0	0.0	0.0
11400	100	40	0	0.0	0.0
11500	100	40	0	0.0	0.0
11600	100	40	0	0.0	0.0
11700	100	40	0	0.0	0.0
11800	100	40	0	0.0	0.0
11900	100	41	0	0.0	0.0
12000	100	41	0	0.0	0.0
12100	100	41	0	0.0	0.0
12200	100	41	0	0.0	0.0
12300	100	41	0	0.0	0.0
12400	100	41	0	0.0	0.0
12500	100	41	0	0.0	0.0
12600	100	41	0	0.0	0.0
12700	100	41	0	0.0	0.0
12800	100	41	0	0.0	0.0
12900	100	41	0	0.0	0.0
13000	100	41	0	0.0	0.0
13100	100	41	0	0.0	0.0
13200	100	41	0	0.0	0.0
13300	100	41	0	0.0	0.0
13400	100	41	0	0.0	0.0
13500	100	41	0	0.0	0.0
13600	100	41	0	0.0	0.0
13700	100	42	0	0.0	0.0
13800	100	42	0	0.0	0.0
13900	100	42	0	0.0	0.0
14000	100	42	0	0.0	0.0
14100	100	43	0	0.0	0.0
14200	100	44	0	0.0	0.0
14300	100	44	0	0.0	0.0
14400	100	44	0	0.0	0.0
14500	100	44	0	0.0	0.0
14600	100	45	0	0.0	0.0
14700	100	45	0	0.0	0.0
14800	100	45	0	0.0	0.0
14900	100	45	0	0.0	0.0
15000	100	45	0	0.0	0.0
15100	100	45	0	0.0	0.0
15200	100	45	0	0.0	0.0
15300	100	45	0	0.0	0.0
15400	100	45	0	0.0	0.0
15500	100	45	0	0.0	0.0
15600	100	45	0	0.0	0.0
15700	100	45	0	0.0	0.0
15800	100	45	0	0.0	0.0
15900	100	45	0	0.0	0.0
16000	100	45	0	0.0	0.0
16100	100	45	0	0.0	0.0
16200	100	45	0	0.0	0.0
16300	100	45	0	0.0	0.0
16400	100	45	0	0.0	0.0
16500	100	45	0	0.0	0.0
16600	100	45	0	0.0	0.0
16700	100	45	0	0.0	0.0
16800	100	45	0	0.0	0.0
16900	100	45	0	0.0	0.0
17000	100	45	0	0.0	0.0
17100	100	45	0	0.0	0.0
17200	100	45	0	0.0	0.0
17300	100	45	0	0.0	0.0
17400	100	45	0	0.0	0.0
17500	100	45	0	0.0	0.0
17600	100	45	0	0.0	0.0
17700	100	45	0	0.0	0.0
17800	100	45	0	0.0	0.0
17900	100	45	0	0.0	0.0
18000	100	46	0	0.0	0.0
18100	100	46	0	0.0	0.0
18200	100	46	0	0.0	0.0
18300	100	46	0	0.0	0.0
18400	100	46	0	0.0	0.0
18500	100	46	0	0.0	0.0
18600	100	46	0	0.0	0.0
18700	100	46	0	0.0	0.0
18800	100	46	0	0.0	0.0
18900	100	46	0	0.0	0.0
19000	100	46	0	0.0	0.0
19100	100	46	0	0.0	0.0
19200	100	46	0	0.0	0.0
19300	100	46	0	0.0	0.0
19400	100	46	0	0.0	0.0
19500	100	46	0	0.0	0.0
19600	100	46	0	0.0	0.0
19700	100	46	0	0.0	0.0
19800	100	46	0	0.0	0.0
19900	100	46	0	0.0	0.0
20000	100	46	0	0.0	0.0
20100	100	46	0	0.0	0.0
20200	100	46	0	0.0	0.0
20300	100	46	0	0.0	0.0
20400	100	46	0	0.0	0.0
20500	100	46	0	0.0	0.0
20600	100	46	0	0.0	0.0
20700	100	47	0	0.0	0.0
20800	100	47	0	0.0	0.0
20900	100	47	0	0.0	0.0
21000	100	47	0	0.0	0.0
21100	100	47	0	0.0	0.0
21200	100	47	0	0.0	0.0
21300	100	47	0	0.0	0.0
21400	100	47	0	0.0	0.0
21500	100	47	0	0.0	0.0
21600	100	47	0	0.0	0.0
21700	100	47	0	0.0	0.0
21800	100	47	0	0.0	0.0
21900	100	47	0	0.0	0.0
22000	100	47	0	0.0	0.0
22100	100	47	0	0.0	0.0
22200	100	47	0	0.0	0.0
22300	100	47	0	0.0	0.0
22400	100	47	0	0.0	0.0
22500	100	47	0	0.0	0.0
22600	100	48	0	0.0	0.0
22700	100	48	0	0.0	0.0
22800	100	48	0	0.0	0.0
22900	100	48	0	0.0	0.0
23000	100	48	0	0.0	0.0
23100	100	48	0	0.0	0.0
23200	100	48	0	0.0	0.0
23300	100	48	0	0.0	0.0
23400	100	48	0	0.0	0.0
23500	100	48	0	0.0	0.0
23600	100	48	0	0.0	0.0
23700	100	48	0	0.0	0.0
23800	100	48	0	0.0	0.0
23900	100	48	0	0.0	0.0
24000	100	49	0	0.0	0.0
24100	100	49	0	0.0	0.0
24200	100	49	0	0.0	0.0
24300	100	49	0	0.0	0.0
24400	100	49	0	0.0	0.0
24500	100	49	0	0.0	0.0
24600	100	49	0	0.0	0.0
24700	100	50	0	0.0	0.0
24800	100	50	0	0.0	0.0
24900	100	50	0	0.0	0.0
25000	100	50	0	0.0	0.0
25100	100	50	0	0.0	0.0
25200	100	50	0	0.0	0.0
25300	100	50	0	0.0	0.0
25400	100	50	0	0.0	0.0
25500	100	50	0	0.0	0.0
25600	100	50	0	0.0	0.0
25700	100	50	0	0.0	0.0
25800	100	50	0	0.0	0.0
25900	100	50	0	0.0	0.0
26000	100	50	0	0.0	0.0
26100	100	50	0	0.0	0.0
26200	100	51	0	0.0	0.0
26300	100	51	0	0.0	0.0
26400	100	52	0	0.0	0.0
26500	100	52	0	0.0	0.0
26600	100	53	0	0.0	0.0
26700	100	53	0	0.0	0.0
26800	100	53	0	0.0	0.0
26900	100	53	0	0.0	0.0
27000	100	53	0	0.0	0.0
27100	100	53	0	0.0	0.0
27200	100	53	0	0.0	0.0
27300	100	53	0	0.0	0.0
27400	100	53	0	0.0	0.0
27500	100	53	0	0.0	0.0
27600	100	53	0	0.0	0.0
27700	100	53	0	0.0	0.0
27800	100	53	0	0.0	0.0
27900	100	53	0	0.0	0.0
28000	100	53	0	0.0	0.0
28100	100	53	0	0.0	0.0
28200	100	53	0	0.0	0.0
28300	100	53	0	0.0	0.0
28400	100	53	0	0.0	0.0
28500	100	53	0	0.0	0.0
28600	100	53	0	0.0	0.0
28700	100	53	0	0.0	0.0
28800	100	53	0	0.0	0.0
28900	100	53	0	0.0	0.0
29000	100	53	0	0.0	0.0
29100	100	53	0	0.0	0.0
29200	100	53	0	0.0	0.0
29300	100	53	0	0.0	0.0
29400	100	53	0	0.0	0.0
29500	100	54	0	0.0	0.0
29600	100	54	0	0.0	0.0
29700	100	54	0	0.0	0.0
29800	100	54	0	0.0	0.0
29900	100	54	0	0.0	0.0
30000	100	54	0	0.0	0.0
30100	100	54	0	0.0	0.0
30200	100	54	0	0.0	0.0
30300	100	54	0	0.0	0.0
30400	100	54	0	0.0	0.0
30500	100	54	0	0.0	0.0
30600	100	54	0	0.0	0.0
30700	100	54	0	0.0	0.0
30800	100	54	0	0.0	0.0
30900	100	54	0	0.0	0.0
31000	100	54	0	0.0	0.0
31100	100	54	0	0.0	0.0
31200	100	54	0	0.0	0.0
31300	100	54	0	0.0	0.0
31400	100	55	0	0.0	0.0
31500	100	55	0	0.0	0.0
31600	100	55	0	0.0	0.0
31700	100	55	0	0.0	0.0
31800	100	55	0	0.0	0.0
31900	100	55	0	0.0	0.0
32000	100	55	0	0.0	0.0
32100	100	55	0	0.0	0.0
32200	100	55	0	0.0	0.0
32300	100	55	0	0.0	0.0
32400	100	55	0	0.0	0.0
32500	100	56	0	0.0	0.0
32600	100	57	0	0.0	0.0
32700	100	57	0	0.0	0.0
32800	100	57	0	0.0	0.0
32900	100	57	0	0.0	0.0
33000	100	57	0	0.0	0.0
33100	100	57	0	0.0	0.0
33200	100	57	0	0.0	0.0
33300	100	58	0	0.0	0.0
33400	100	58	0	0.0	0.0
33500	100	58	0	0.0	0.0
33600	100	58	0	0.0	0.0
33700	100	58	0	0.0	0.0
33800	100	58	0	0.0	0.0
33900	100	59	0	0.0	0.0
34000	100	59	0	0.0	0.0
34100	100	59	0	0.0	0.0
34200	100	60	0	0.0	0.0
34300	100	60	0	0.0	0.0
34400	100	60	0	0.0	0.0
34500	100	60	0	0.0	0.0
34600	100	60	0	0.0	0.0
34700	100	60	0	0.0	0.0
34800	100	60	0	0.0	0.0
34900	100	60	0	0.0	0.0
35000	100	60	0	0.0	0.0
35100	100	60	0	0.0	0.0
35200	100	60	0	0.0	0.0
35300	100	60	0	0.0	0.0
35400	100	60	0	0.0	0.0
35500	100	60	0	0.0	0.0
35600	100	60	0	0.0	0.0
35700	100	60	0	0.0	0.0
35800	100	60	0	0.0	0.0
35900	100	60	0	0.0	0.0
36000	100	60	0	0.0	0.0
36100	100	60	0	0.0	0.0
36200	100	60	0	0.0	0.0
36300	100	60	0	0.0	0.0
36400	100	60	0	0.0	0.0
36500	100	60	0	0.0	0.0
36600	100	60	0	0.0	0.0
36700	100	60	0	0.0	0.0
36800	100	60	0	0.0	0.0
36900	100	61	0	0.0	0.0
37000	100	61	0	0.0	0.0
37100	100	61	0	0.0	0.0
37200	100	61	0	0.0	0.0
37300	100	61	0	0.0	0.0
37400	100	61	0	0.0	0.0
37500	100	61	0	0.0	0.0
37600	100	61	0	0.0	0.0
37700	100	61	0	0.0	0.0
37800	100	61	0	0.0	0.0
37900	100	61	1	1.0	1.639344262295082
38000	100	61	1	1.0	1.639344262295082
38100	100	61	1	1.0	1.639344262295082
38200	100	61	3	3.0	4.918032786885246
38300	100	62	3	3.0	4.838709677419355
38400	100	63	3	3.0	4.761904761904762
38500	100	63	3	3.0	4.761904761904762
38600	100	63	3	3.0	4.761904761904762
38700	100	63	3	3.0	4.761904761904762
38800	100	63	3	3.0	4.761904761904762
38900	100	63	3	3.0	4.761904761904762
39000	100	63	3	3.0	4.761904761904762
39100	100	63	3	3.0	4.761904761904762
39200	100	63	3	3.0	4.761904761904762
39300	100	63	3	3.0	4.761904761904762
39400	100	63	3	3.0	4.761904761904762
39500	100	63	3	3.0	4.761904761904762
39600	100	63	3	3.0	4.761904761904762
39700	100	63	3	3.0	4.761904761904762
39800	100	63	3	3.0	4.761904761904762
39900	100	63	3	3.0	4.761904761904762
40000	100	64	3	3.0	4.6875
40100	100	64	3	3.0	4.6875
40200	100	64	3	3.0	4.6875
40300	100	65	3	3.0	4.615384615384616
40400	100	65	4	4.0	6.153846153846154
40500	100	65	5	5.0	7.6923076923076925
40600	100	65	5	5.0	7.6923076923076925
40700	100	65	5	5.0	7.6923076923076925
40800	100	65	5	5.0	7.6923076923076925
40900	100	65	5	5.0	7.6923076923076925
41000	100	65	5	5.0	7.6923076923076925
41100	100	65	5	5.0	7.6923076923076925
41200	100	65	5	5.0	7.6923076923076925
41300	100	65	5	5.0	7.6923076923076925
41400	100	65	5	5.0	7.6923076923076925
41500	100	65	5	5.0	7.6923076923076925
41600	100	65	5	5.0	7.6923076923076925
41700	100	65	5	5.0	7.6923076923076925
41800	100	65	5	5.0	7.6923076923076925
41900	100	65	5	5.0	7.6923076923076925
42000	100	65	5	5.0	7.6923076923076925
42100	100	65	5	5.0	7.6923076923076925
42200	100	65	6	6.0	9.230769230769232
42300	100	65	6	6.0	9.230769230769232
42400	100	65	6	6.0	9.230769230769232
42500	100	65	6	6.0	9.230769230769232
42600	100	65	6	6.0	9.230769230769232
42700	100	65	6	6.0	9.230769230769232
42800	100	65	6	6.0	9.230769230769232
42900	100	66	6	6.0	9.090909090909092
43000	100	66	6	6.0	9.090909090909092
43100	100	66	6	6.0	9.090909090909092
43200	100	66	6	6.0	9.090909090909092
43300	100	66	6	6.0	9.090909090909092
43400	100	66	6	6.0	9.090909090909092
43500	100	66	6	6.0	9.090909090909092
43600	100	66	6	6.0	9.090909090909092
43700	100	66	6	6.0	9.090909090909092
43800	100	66	6	6.0	9.090909090909092
43900	100	66	7	7.000000000000001	10.606060606060606
44000	100	66	8	8.0	12.121212121212121
44100	100	66	8	8.0	12.121212121212121
44200	100	66	8	8.0	12.121212121212121
44300	100	66	8	8.0	12.121212121212121
44400	100	66	8	8.0	12.121212121212121
44500	100	66	9	9.0	13.636363636363635
44600	100	66	9	9.0	13.636363636363635
44700	100	67	9	9.0	13.432835820895523
44800	100	67	9	9.0	13.432835820895523
44900	100	67	9	9.0	13.432835820895523
45000	100	67	9	9.0	13.432835820895523
45100	100	67	9	9.0	13.432835820895523
45200	100	67	9	9.0	13.432835820895523
45300	100	67	9	9.0	13.432835820895523
45400	100	67	9	9.0	13.432835820895523
45500	100	67	9	9.0	13.432835820895523
45600	100	67	10	10.0	14.925373134328357
45700	100	67	10	10.0	14.925373134328357
45800	100	67	10	10.0	14.925373134328357
45900	100	68	10	10.0	14.705882352941178
46000	100	68	10	10.0	14.705882352941178
46100	100	68	10	10.0	14.705882352941178
46200	100	68	10	10.0	14.705882352941178
46300	100	68	11	11.0	16.176470588235293
46400	100	68	11	11.0	16.176470588235293
46500	100	68	11	11.0	16.176470588235293
46600	100	68	11	11.0	16.176470588235293
46700	100	68	11	11.0	16.176470588235293
46800	100	68	11	11.0	16.176470588235293
46900	100	68	11	11.0	16.176470588235293
47000	100	68	11	11.0	16.176470588235293
47100	100	68	11	11.0	16.176470588235293
47200	100	68	11	11.0	16.176470588235293
47300	100	68	11	11.0	16.176470588235293
47400	100	68	11	11.0	16.176470588235293
47500	100	68	11	11.0	16.176470588235293
47600	100	68	11	11.0	16.176470588235293
47700	100	68	11	11.0	16.176470588235293
47800	100	68	11	11.0	16.176470588235293
47900	100	68	11	11.0	16.176470588235293
48000	100	68	11	11.0	16.176470588235293
48100	100	68	11	11.0	16.176470588235293
48200	100	68	11	11.0	16.176470588235293
48300	100	68	11	11.0	16.176470588235293
48400	100	68	11	11.0	16.176470588235293
48500	100	68	11	11.0	16.176470588235293
48600	100	68	11	11.0	16.176470588235293
48700	100	68	11	11.0	16.176470588235293
48800	100	68	11	11.0	16.176470588235293
48900	100	68	11	11.0	16.176470588235293
49000	100	68	11	11.0	16.176470588235293
49100	100	68	11	11.0	16.176470588235293
49200	100	68	11	11.0	16.176470588235293
49300	100	68	11	11.0	16.176470588235293
49400	100	68	11	11.0	16.176470588235293
49500	100	68	11	11.0	16.176470588235293
49600	100	68	12	12.0	17.647058823529413
49700	100	68	12	12.0	17.647058823529413
49800	100	68	12	12.0	17.647058823529413
49900	100	68	12	12.0	17.647058823529413
50000	100	68	12	12.0	17.647058823529413
50100	100	68	12	12.0	17.647058823529413
50200	100	68	12	12.0	17.647058823529413
50300	100	68	12	12.0	17.647058823529413
50400	100	68	12	12.0	17.647058823529413
50500	100	68	12	12.0	17.647058823529413
50600	100	68	12	12.0	17.647058823529413
50700	100	68	12	12.0	17.647058823529413
50800	100	68	13	13.0	19.11764705882353
50900	100	68	13	13.0	19.11764705882353
51000	100	68	13	13.0	19.11764705882353
51100	100	68	13	13.0	19.11764705882353
51200	100	68	13	13.0	19.11764705882353
51300	100	68	13	13.0	19.11764705882353
51400	100	68	13	13.0	19.11764705882353
51500	100	68	13	13.0	19.11764705882353
51600	100	68	13	13.0	19.11764705882353
51700	100	68	14	14.000000000000002	20.588235294117645
51800	100	68	14	14.000000000000002	20.588235294117645
51900	100	68	14	14.000000000000002	20.588235294117645
52000	100	68	14	14.000000000000002	20.588235294117645
52100	100	68	14	14.000000000000002	20.588235294117645
52200	100	68	14	14.000000000000002	20.588235294117645
52300	100	68	14	14.000000000000002	20.588235294117645
52400	100	68	14	14.000000000000002	20.588235294117645
52500	100	68	14	14.000000000000002	20.588235294117645
52600	100	68	14	14.000000000000002	20.588235294117645
52700	100	68	14	14.000000000000002	20.588235294117645
52800	100	68	14	14.000000000000002	20.588235294117645
52900	100	68	14	14.000000000000002	20.588235294117645
53000	100	68	15	15.0	22.058823529411764
53100	100	68	15	15.0	22.058823529411764
53200	100	68	15	15.0	22.058823529411764
53300	100	68	16	16.0	23.52941176470588
53400	100	68	16	16.0	23.52941176470588
53500	100	69	17	17.0	24.637681159420293
53600	100	69	18	18.0	26.08695652173913
53700	100	69	18	18.0	26.08695652173913
53800	100	69	18	18.0	26.08695652173913
53900	100	69	19	19.0	27.536231884057973
54000	100	69	20	20.0	28.985507246376812
54100	100	69	20	20.0	28.985507246376812
54200	100	69	20	20.0	28.985507246376812
54300	100	69	20	20.0	28.985507246376812
54400	100	69	20	20.0	28.985507246376812
54500	100	69	20	20.0	28.985507246376812
54600	100	69	20	20.0	28.985507246376812
54700	100	69	20	20.0	28.985507246376812
54800	100	69	20	20.0	28.985507246376812
54900	100	69	20	20.0	28.985507246376812
55000	100	69	21	21.0	30.434782608695656
55100	100	69	21	21.0	30.434782608695656
55200	100	69	21	21.0	30.434782608695656
55300	100	69	21	21.0	30.434782608695656
55400	100	69	21	21.0	30.434782608695656
55500	100	69	21	21.0	30.434782608695656
55600	100	69	21	21.0	30.434782608695656
55700	100	69	21	21.0	30.434782608695656
55800	100	69	21	21.0	30.434782608695656
55900	100	69	21	21.0	30.434782608695656
56000	100	69	21	21.0	30.434782608695656
56100	100	69	21	21.0	30.434782608695656
56200	100	69	21	21.0	30.434782608695656
56300	100	69	21	21.0	30.434782608695656
56400	100	69	22	22.0	31.88405797101449
56500	100	69	22	22.0	31.88405797101449
56600	100	69	22	22.0	31.88405797101449
56700	100	69	22	22.0	31.88405797101449
56800	100	70	23	23.0	32.857142857142854
56900	100	70	23	23.0	32.857142857142854
57000	100	70	23	23.0	32.857142857142854
57100	100	70	23	23.0	32.857142857142854
57200	100	70	23	23.0	32.857142857142854
57300	100	70	24	24.0	34.285714285714285
57400	100	70	24	24.0	34.285714285714285
57500	100	70	24	24.0	34.285714285714285
57600	100	70	24	24.0	34.285714285714285
57700	100	70	24	24.0	34.285714285714285
57800	100	70	24	24.0	34.285714285714285
57900	100	70	24	24.0	34.285714285714285
58000	100	70	24	24.0	34.285714285714285
58100	100	70	24	24.0	34.285714285714285
58200	100	70	24	24.0	34.285714285714285
58300	100	70	24	24.0	34.285714285714285
58400	100	70	24	24.0	34.285714285714285
58500	100	70	24	24.0	34.285714285714285
58600	100	70	26	26.0	37.142857142857146
58700	100	70	26	26.0	37.142857142857146
58800	100	70	27	27.0	38.57142857142858
58900	100	70	27	27.0	38.57142857142858
59000	100	70	27	27.0	38.57142857142858
59100	100	70	27	27.0	38.57142857142858
59200	100	70	27	27.0	38.57142857142858
59300	100	70	27	27.0	38.57142857142858
59400	100	70	27	27.0	38.57142857142858
59500	100	70	27	27.0	38.57142857142858
59600	100	70	27	27.0	38.57142857142858
59700	100	70	28	28.000000000000004	40.0
59800	100	70	28	28.000000000000004	40.0
59900	100	70	30	30.0	42.857142857142854
60000	100	70	30	30.0	42.857142857142854
60100	100	70	31	31.0	44.285714285714285
60200	100	70	31	31.0	44.285714285714285
60300	100	70	31	31.0	44.285714285714285
60400	100	70	31	31.0	44.285714285714285
60500	100	70	31	31.0	44.285714285714285
60600	100	70	31	31.0	44.285714285714285
60700	100	70	32	32.0	45.714285714285715
60800	100	70	32	32.0	45.714285714285715
60900	100	70	33	33.0	47.14285714285714
61000	100	70	33	33.0	47.14285714285714
61100	100	70	33	33.0	47.14285714285714
61200	100	70	33	33.0	47.14285714285714
61300	100	70	33	33.0	47.14285714285714
61400	100	70	33	33.0	47.14285714285714
61500	100	70	33	33.0	47.14285714285714
61600	100	70	33	33.0	47.14285714285714
61700	100	70	33	33.0	47.14285714285714
61800	100	70	33	33.0	47.14285714285714
61900	100	70	33	33.0	47.14285714285714
62000	100	70	33	33.0	47.14285714285714
62100	100	70	33	33.0	47.14285714285714
62200	100	70	34	34.0	48.57142857142857
62300	100	70	34	34.0	48.57142857142857
62400	100	70	34	34.0	48.57142857142857
62500	100	70	34	34.0	48.57142857142857
62600	100	70	34	34.0	48.57142857142857
62700	100	70	34	34.0	48.57142857142857
62800	100	70	34	34.0	48.57142857142857
62900	100	70	34	34.0	48.57142857142857
63000	100	70	34	34.0	48.57142857142857
63100	100	70	34	34.0	48.57142857142857
63200	100	70	34	34.0	48.57142857142857
63300	100	70	34	34.0	48.57142857142857
63400	100	70	34	34.0	48.57142857142857
63500	100	70	34	34.0	48.57142857142857
63600	100	70	34	34.0	48.57142857142857
63700	100	70	34	34.0	48.57142857142857
63800	100	70	34	34.0	48.57142857142857
63900	100	70	34	34.0	48.57142857142857
64000	100	70	34	34.0	48.57142857142857
64100	100	70	35	35.0	50.0
64200	100	70	36	36.0	51.42857142857142
64300	100	70	37	37.0	52.85714285714286
64400	100	70	37	37.0	52.85714285714286
64500	100	70	38	38.0	54.285714285714285
64600	100	70	39	39.0	55.714285714285715
64700	100	70	39	39.0	55.714285714285715
64800	100	70	39	39.0	55.714285714285715
64900	100	70	39	39.0	55.714285714285715
65000	100	70	39	39.0	55.714285714285715
65100	100	70	39	39.0	55.714285714285715
65200	100	70	39	39.0	55.714285714285715
65300	100	70	39	39.0	55.714285714285715
65400	100	70	39	39.0	55.714285714285715
65500	100	70	39	39.0	55.714285714285715
65600	100	70	39	39.0	55.714285714285715
65700	100	70	41	41.0	58.57142857142858
65800	100	70	41	41.0	58.57142857142858
65900	100	70	42	42.0	60.0
66000	100	70	42	42.0	60.0
66100	100	70	43	43.0	61.42857142857143
66200	100	70	43	43.0	61.42857142857143
66300	100	70	43	43.0	61.42857142857143
66400	100	70	43	43.0	61.42857142857143
66500	100	70	43	43.0	61.42857142857143
66600	100	70	43	43.0	61.42857142857143
66700	100	70	43	43.0	61.42857142857143
66800	100	70	43	43.0	61.42857142857143
66900	100	70	43	43.0	61.42857142857143
67000	100	70	43	43.0	61.42857142857143
67100	100	70	43	43.0	61.42857142857143
67200	100	70	43	43.0	61.42857142857143
67300	100	70	43	43.0	61.42857142857143
67400	100	70	43	43.0	61.42857142857143
67500	100	70	43	43.0	61.42857142857143
67600	100	70	43	43.0	61.42857142857143
67700	100	70	43	43.0	61.42857142857143
67800	100	70	43	43.0	61.42857142857143
67900	100	70	43	43.0	61.42857142857143
68000	100	70	43	43.0	61.42857142857143
68100	100	70	43	43.0	61.42857142857143
68200	100	70	43	43.0	61.42857142857143
68300	100	70	43	43.0	61.42857142857143
68400	100	70	43	43.0	61.42857142857143
68500	100	70	44	44.0	62.857142857142854
68600	100	70	44	44.0	62.857142857142854
68700	100	70	45	45.0	64.28571428571429
68800	100	70	45	45.0	64.28571428571429
68900	100	70	45	45.0	64.28571428571429
69000	100	71	45	45.0	63.38028169014085
69100	100	71	45	45.0	63.38028169014085
69200	100	72	45	45.0	62.5
69300	100	72	45	45.0	62.5
69400	100	72	45	45.0	62.5
69500	100	72	45	45.0	62.5
69600	100	72	45	45.0	62.5
69700	100	72	45	45.0	62.5
69800	100	72	45	45.0	62.5
69900	100	72	45	45.0	62.5
70000	100	72	47	47.0	65.27777777777779
70100	100	72	47	47.0	65.27777777777779
70200	100	72	47	47.0	65.27777777777779
70300	100	72	47	47.0	65.27777777777779
70400	100	72	48	48.0	66.66666666666666
70500	100	72	48	48.0	66.66666666666666
70600	100	72	48	48.0	66.66666666666666
70700	100	72	48	48.0	66.66666666666666
70800	100	72	48	48.0	66.66666666666666
70900	100	72	48	48.0	66.66666666666666
71000	100	72	48	48.0	66.66666666666666
71100	100	72	48	48.0	66.66666666666666
71200	100	72	48	48.0	66.66666666666666
71300	100	72	48	48.0	66.66666666666666
71400	100	72	48	48.0	66.66666666666666
71500	100	72	48	48.0	66.66666666666666
71600	100	72	48	48.0	66.66666666666666
71700	100	72	48	48.0	66.66666666666666
71800	100	72	48	48.0	66.66666666666666
71900	100	72	48	48.0	66.66666666666666
72000	100	72	48	48.0	66.66666666666666
72100	100	72	48	48.0	66.66666666666666
72200	100	72	48	48.0	66.66666666666666
72300	100	72	48	48.0	66.66666666666666
72400	100	72	48	48.0	66.66666666666666
72500	100	72	48	48.0	66.66666666666666
72600	100	72	48	48.0	66.66666666666666
72700	100	72	48	48.0	66.66666666666666
72800	100	72	48	48.0	66.66666666666666
72900	100	72	48	48.0	66.66666666666666
73000	100	72	48	48.0	66.66666666666666
73100	100	72	48	48.0	66.66666666666666
73200	100	72	48	48.0	66.66666666666666
73300	100	72	48	48.0	66.66666666666666
73400	100	72	48	48.0	66.66666666666666
73500	100	72	48	48.0	66.66666666666666
73600	100	72	48	48.0	66.66666666666666
73700	100	72	48	48.0	66.66666666666666
73800	100	72	48	48.0	66.66666666666666
73900	100	72	48	48.0	66.66666666666666
74000	100	72	48	48.0	66.66666666666666
74100	100	72	48	48.0	66.66666666666666
74200	100	72	48	48.0	66.66666666666666
74300	100	72	48	48.0	66.66666666666666
74400	100	72	48	48.0	66.66666666666666
74500	100	72	48	48.0	66.66666666666666
74600	100	72	48	48.0	66.66666666666666
74700	100	72	48	48.0	66.66666666666666
74800	100	72	49	49.0	68.05555555555556
74900	100	72	49	49.0	68.05555555555556
75000	100	72	49	49.0	68.05555555555556
75100	100	72	49	49.0	68.05555555555556
75200	100	72	49	49.0	68.05555555555556
75300	100	72	49	49.0	68.05555555555556
75400	100	72	49	49.0	68.05555555555556
75500	100	72	49	49.0	68.05555555555556
75600	100	72	49	49.0	68.05555555555556
75700	100	72	49	49.0	68.05555555555556
75800	100	72	49	49.0	68.05555555555556
75900	100	72	50	50.0	69.44444444444444
76000	100	72	50	50.0	69.44444444444444
76100	100	72	50	50.0	69.44444444444444
76200	100	72	50	50.0	69.44444444444444
76300	100	72	50	50.0	69.44444444444444
76400	100	72	50	50.0	69.44444444444444
76500	100	72	50	50.0	69.44444444444444
76600	100	72	50	50.0	69.44444444444444
76700	100	72	50	50.0	69.44444444444444
76800	100	72	50	50.0	69.44444444444444
76900	100	72	50	50.0	69.44444444444444
77000	100	72	50	50.0	69.44444444444444
77100	100	72	50	50.0	69.44444444444444
77200	100	72	50	50.0	69.44444444444444
77300	100	72	50	50.0	69.44444444444444
77400	100	72	50	50.0	69.44444444444444
77500	100	72	50	50.0	69.44444444444444
77600	100	72	50	50.0	69.44444444444444
77700	100	72	50	50.0	69.44444444444444
77800	100	72	50	50.0	69.44444444444444
77900	100	72	50	50.0	69.44444444444444
78000	100	72	50	50.0	69.44444444444444
78100	100	72	50	50.0	69.44444444444444
78200	100	72	50	50.0	69.44444444444444
78300	100	72	50	50.0	69.44444444444444
78400	100	72	50	50.0	69.44444444444444
78500	100	72	50	50.0	69.44444444444444
78600	100	72	50	50.0	69.44444444444444
78700	100	72	50	50.0	69.44444444444444
78800	100	72	50	50.0	69.44444444444444
78900	100	72	50	50.0	69.44444444444444
79000	100	72	51	51.0	70.83333333333334
79100	100	72	51	51.0	70.83333333333334
79200	100	72	52	52.0	72.22222222222221
79300	100	72	52	52.0	72.22222222222221
79400	100	72	52	52.0	72.22222222222221
79500	100	72	52	52.0	72.22222222222221
79600	100	72	52	52.0	72.22222222222221
79700	100	72	52	52.0	72.22222222222221
79800	100	72	52	52.0	72.22222222222221
79900	100	72	52	52.0	72.22222222222221
80000	100	72	52	52.0	72.22222222222221
80100	100	72	52	52.0	72.22222222222221
80200	100	72	52	52.0	72.22222222222221
80300	100	72	52	52.0	72.22222222222221
80400	100	72	52	52.0	72.22222222222221
80500	100	72	52	52.0	72.22222222222221
80600	100	72	52	52.0	72.22222222222221
80700	100	72	52	52.0	72.22222222222221
80800	100	72	52	52.0	72.22222222222221
80900	100	72	52	52.0	72.22222222222221
81000	100	72	53	53.0	73.61111111111111
81100	100	72	53	53.0	73.61111111111111
81200	100	72	53	53.0	73.61111111111111
81300	100	72	53	53.0	73.61111111111111
81400	100	72	53	53.0	73.61111111111111
81500	100	72	53	53.0	73.61111111111111
81600	100	72	53	53.0	73.61111111111111
81700	100	72	53	53.0	73.61111111111111
81800	100	72	53	53.0	73.61111111111111
81900	100	72	53	53.0	73.61111111111111
82000	100	72	54	54.0	75.0
82100	100	72	54	54.0	75.0
82200	100	72	54	54.0	75.0
82300	100	72	54	54.0	75.0
82400	100	72	54	54.0	75.0
82500	100	72	54	54.0	75.0
82600	100	72	54	54.0	75.0
82700	100	72	54	54.0	75.0
82800	100	72	54	54.0	75.0
82900	100	72	54	54.0	75.0
83000	100	72	54	54.0	75.0
83100	100	72	54	54.0	75.0
83200	100	72	54	54.0	75.0
83300	100	72	55	55.00000000000001	76.38888888888889
83400	100	72	55	55.00000000000001	76.38888888888889
83500	100	72	55	55.00000000000001	76.38888888888889
83600	100	72	55	55.00000000000001	76.38888888888889
83700	100	72	55	55.00000000000001	76.38888888888889
83800	100	72	55	55.00000000000001	76.38888888888889
83900	100	72	56	56.00000000000001	77.77777777777779
84000	100	72	56	56.00000000000001	77.77777777777779
84100	100	72	57	56.99999999999999	79.16666666666666
84200	100	72	57	56.99999999999999	79.16666666666666
84300	100	72	57	56.99999999999999	79.16666666666666
84400	100	72	57	56.99999999999999	79.16666666666666
84500	100	72	57	56.99999999999999	79.16666666666666
84600	100	72	57	56.99999999999999	79.16666666666666
84700	100	72	57	56.99999999999999	79.16666666666666
84800	100	72	57	56.99999999999999	79.16666666666666
84900	100	72	57	56.99999999999999	79.16666666666666
85000	100	72	57	56.99999999999999	79.16666666666666
85100	100	72	57	56.99999999999999	79.16666666666666
85200	100	72	57	56.99999999999999	79.16666666666666
85300	100	72	57	56.99999999999999	79.16666666666666
85400	100	72	57	56.99999999999999	79.16666666666666
85500	100	72	57	56.99999999999999	79.16666666666666
85600	100	72	57	56.99999999999999	79.16666666666666
85700	100	72	57	56.99999999999999	79.16666666666666
85800	100	72	57	56.99999999999999	79.16666666666666
85900	100	72	57	56.99999999999999	79.16666666666666
86000	100	72	57	56.99999999999999	79.16666666666666
86100	100	72	57	56.99999999999999	79.16666666666666
86200	100	72	57	56.99999999999999	79.16666666666666
86300	100	72	57	56.99999999999999	79.16666666666666
86400	100	72	57	56.99999999999999	79.16666666666666
86500	100	72	57	56.99999999999999	79.16666666666666
86600	100	72	57	56.99999999999999	79.16666666666666
86700	100	72	57	56.99999999999999	79.16666666666666
86800	100	72	57	56.99999999999999	79.16666666666666
86900	100	72	57	56.99999999999999	79.16666666666666
87000	100	72	57	56.99999999999999	79.16666666666666
87100	100	72	57	56.99999999999999	79.16666666666666
87200	100	72	57	56.99999999999999	79.16666666666666
87300	100	72	57	56.99999999999999	79.16666666666666
87400	100	72	57	56.99999999999999	79.16666666666666
87500	100	72	57	56.99999999999999	79.16666666666666
87600	100	72	57	56.99999999999999	79.16666666666666
87700	100	72	57	56.99999999999999	79.16666666666666
87800	100	72	57	56.99999999999999	79.16666666666666
87900	100	72	57	56.99999999999999	79.16666666666666
88000	100	72	57	56.99999999999999	79.16666666666666
88100	100	72	58	57.99999999999999	80.55555555555556
88200	100	72	58	57.99999999999999	80.55555555555556
88300	100	72	59	59.0	81.94444444444444
88400	100	72	59	59.0	81.94444444444444
88500	100	72	59	59.0	81.94444444444444
88600	100	72	59	59.0	81.94444444444444
88700	100	72	59	59.0	81.94444444444444
88800	100	72	61	61.0	84.72222222222221
88900	100	72	61	61.0	84.72222222222221
89000	100	72	61	61.0	84.72222222222221
89100	100	72	61	61.0	84.72222222222221
89200	100	72	61	61.0	84.72222222222221
89300	100	72	61	61.0	84.72222222222221
89400	100	72	61	61.0	84.72222222222221
89500	100	72	61	61.0	84.72222222222221
89600	100	72	62	62.0	86.11111111111111
89700	100	72	62	62.0	86.11111111111111
89800	100	72	62	62.0	86.11111111111111
89900	100	72	62	62.0	86.11111111111111
90000	100	72	62	62.0	86.11111111111111
90100	100	72	62	62.0	86.11111111111111
90200	100	72	62	62.0	86.11111111111111
90300	100	72	62	62.0	86.11111111111111
90400	100	72	62	62.0	86.11111111111111
90500	100	72	62	62.0	86.11111111111111
90600	100	72	62	62.0	86.11111111111111
90700	100	72	62	62.0	86.11111111111111
90800	100	72	63	63.0	87.5
90900	100	72	63	63.0	87.5
91000	100	72	63	63.0	87.5
91100	100	72	63	63.0	87.5
91200	100	73	63	63.0	86.3013698630137
91300	100	73	63	63.0	86.3013698630137
91400	100	73	63	63.0	86.3013698630137
91500	100	73	63	63.0	86.3013698630137
91600	100	73	63	63.0	86.3013698630137
91700	100	73	63	63.0	86.3013698630137
91800	100	73	63	63.0	86.3013698630137
91900	100	73	63	63.0	86.3013698630137
92000	100	73	63	63.0	86.3013698630137
92100	100	73	63	63.0	86.3013698630137
92200	100	73	63	63.0	86.3013698630137
92300	100	73	63	63.0	86.3013698630137
92400	100	73	63	63.0	86.3013698630137
92500	100	73	64	64.0	87.67123287671232
92600	100	73	64	64.0	87.67123287671232
92700	100	73	64	64.0	87.67123287671232
92800	100	73	64	64.0	87.67123287671232
92900	100	73	64	64.0	87.67123287671232
93000	100	73	65	65.0	89.04109589041096
93100	100	73	66	66.0	90.41095890410958
93200	100	73	66	66.0	90.41095890410958
93300	100	73	66	66.0	90.41095890410958
93400	100	73	66	66.0	90.41095890410958
93500	100	73	66	66.0	90.41095890410958
93600	100	73	66	66.0	90.41095890410958
93700	100	73	66	66.0	90.41095890410958
93800	100	73	66	66.0	90.41095890410958
93900	100	73	66	66.0	90.41095890410958
94000	100	73	66	66.0	90.41095890410958
94100	100	73	66	66.0	90.41095890410958
94200	100	73	66	66.0	90.41095890410958
94300	100	73	66	66.0	90.41095890410958
94400	100	73	66	66.0	90.41095890410958
94500	100	73	66	66.0	90.41095890410958
94600	100	73	66	66.0	90.41095890410958
94700	100	73	66	66.0	90.41095890410958
94800	100	73	66	66.0	90.41095890410958
94900	100	73	66	66.0	90.41095890410958
95000	100	73	66	66.0	90.41095890410958
95100	100	73	66	66.0	90.41095890410958
95200	100	73	66	66.0	90.41095890410958
95300	100	73	66	66.0	90.41095890410958
95400	100	73	66	66.0	90.41095890410958
95500	100	73	66	66.0	90.41095890410958
95600	100	73	66	66.0	90.41095890410958
95700	100	73	66	66.0	90.41095890410958
95800	100	73	66	66.0	90.41095890410958
95900	100	73	66	66.0	90.41095890410958
96000	100	73	66	66.0	90.41095890410958
96100	100	73	66	66.0	90.41095890410958
96200	100	73	66	66.0	90.41095890410958
96300	100	73	66	66.0	90.41095890410958
96400	100	73	66	66.0	90.41095890410958
96500	100	73	66	66.0	90.41095890410958
96600	100	73	66	66.0	90.41095890410958
96700	100	73	66	66.0	90.41095890410958
96800	100	73	66	66.0	90.41095890410958
96900	100	73	66	66.0	90.41095890410958
97000	100	74	66	66.0	89.1891891891892
97100	100	74	66	66.0	89.1891891891892
97200	100	74	66	66.0	89.1891891891892
97300	100	74	66	66.0	89.1891891891892
97400	100	74	66	66.0	89.1891891891892
97500	100	74	66	66.0	89.1891891891892
97600	100	74	66	66.0	89.1891891891892
97700	100	74	66	66.0	89.1891891891892
97800	100	74	66	66.0	89.1891891891892
97900	100	74	66	66.0	89.1891891891892
98000	100	74	66	66.0	89.1891891891892
98100	100	74	66	66.0	89.1891891891892
98200	100	74	66	66.0	89.1891891891892
98300	100	74	66	66.0	89.1891891891892
98400	100	74	66	66.0	89.1891891891892
98500	100	74	66	66.0	89.1891891891892
98600	100	74	66	66.0	89.1891891891892
98700	100	74	66	66.0	89.1891891891892
98800	100	74	66	66.0	89.1891891891892
98900	100	74	66	66.0	89.1891891891892
99000	100	74	66	66.0	89.1891891891892
99100	100	74	66	66.0	89.1891891891892
99200	100	74	66	66.0	89.1891891891892
99300	100	74	66	66.0	89.1891891891892
99400	100	74	66	66.0	89.1891891891892
99500	100	74	66	66.0	89.1891891891892
99600	100	74	66	66.0	89.1891891891892
99700	100	74	66	66.0	89.1891891891892
99800	100	74	66	66.0	89.1891891891892
99900	100	74	66	66.0	89.1891891891892
100000	100	74	66	66.0	89.1891891891892
100100	100	74	66	66.0	89.1891891891892
100200	100	74	66	66.0	89.1891891891892
100300	100	74	66	66.0	89.1891891891892
100400	100	74	66	66.0	89.1891891891892
100500	100	74	66	66.0	89.1891891891892
100600	100	74	66	66.0	89.1891891891892
100700	100	74	66	66.0	89.1891891891892
100800	100	74	66	66.0	89.1891891891892
100900	100	74	66	66.0	89.1891891891892
101000	100	74	66	66.0	89.1891891891892
101100	100	74	66	66.0	89.1891891891892
101200	100	74	66	66.0	89.1891891891892
101300	100	74	66	66.0	89.1891891891892
101400	100	74	66	66.0	89.1891891891892
101500	100	74	66	66.0	89.1891891891892
101600	100	74	66	66.0	89.1891891891892
101700	100	74	66	66.0	89.1891891891892
101800	100	74	66	66.0	89.1891891891892
101900	100	74	66	66.0	89.1891891891892
102000	100	74	66	66.0	89.1891891891892
102100	100	74	66	66.0	89.1891891891892
102200	100	74	66	66.0	89.1891891891892
102300	100	74	66	66.0	89.1891891891892
102400	100	74	66	66.0	89.1891891891892
102500	100	74	66	66.0	89.1891891891892
102600	100	74	66	66.0	89.1891891891892
102700	100	74	66	66.0	89.1891891891892
102800	100	74	66	66.0	89.1891891891892
102900	100	74	66	66.0	89.1891891891892
103000	100	74	66	66.0	89.1891891891892
103100	100	74	66	66.0	89.1891891891892
103200	100	74	66	66.0	89.1891891891892
103300	100	74	66	66.0	89.1891891891892
103400	100	74	66	66.0	89.1891891891892
103500	100	74	66	66.0	89.1891891891892
103600	100	74	66	66.0	89.1891891891892
103700	100	74	66	66.0	89.1891891891892
103800	100	74	66	66.0	89.1891891891892
103900	100	74	66	66.0	89.1891891891892
104000	100	74	66	66.0	89.1891891891892
104100	100	74	66	66.0	89.1891891891892
104200	100	74	66	66.0	89.1891891891892
104300	100	74	66	66.0	89.1891891891892
104400	100	74	66	66.0	89.1891891891892
104500	100	74	66	66.0	89.1891891891892
104600	100	74	66	66.0	89.1891891891892
104700	100	74	66	66.0	89.1891891891892
104800	100	74	66	66.0	89.1891891891892
104900	100	74	66	66.0	89.1891891891892
105000	100	74	66	66.0	89.1891891891892
105100	100	74	66	66.0	89.1891891891892
105200	100	74	66	66.0	89.1891891891892
105300	100	74	66	66.0	89.1891891891892
105400	100	74	66	66.0	89.1891891891892
105500	100	74	66	66.0	89.1891891891892
105600	100	74	66	66.0	89.1891891891892
105700	100	74	66	66.0	89.1891891891892
105800	100	74	66	66.0	89.1891891891892
105900	100	74	66	66.0	89.1891891891892
106000	100	74	66	66.0	89.1891891891892
106100	100	74	67	67.0	90.54054054054053
106200	100	74	67	67.0	90.54054054054053
106300	100	74	67	67.0	90.54054054054053
106400	100	74	68	68.0	91.8918918918919
106500	100	74	68	68.0	91.8918918918919
106600	100	74	68	68.0	91.8918918918919
106700	100	74	68	68.0	91.8918918918919
106800	100	74	68	68.0	91.8918918918919
106900	100	74	68	68.0	91.8918918918919
107000	100	74	68	68.0	91.8918918918919
107100	100	74	68	68.0	91.8918918918919
107200	100	74	68	68.0	91.8918918918919
107300	100	74	68	68.0	91.8918918918919
107400	100	74	68	68.0	91.8918918918919
107500	100	74	68	68.0	91.8918918918919
107600	100	74	68	68.0	91.8918918918919
107700	100	74	69	69.0	93.24324324324324
107800	100	74	69	69.0	93.24324324324324
107900	100	74	69	69.0	93.24324324324324
108000	100	74	69	69.0	93.24324324324324
108100	100	74	69	69.0	93.24324324324324
108200	100	74	69	69.0	93.24324324324324
108300	100	74	69	69.0	93.24324324324324
108400	100	74	69	69.0	93.24324324324324
108500	100	74	69	69.0	93.24324324324324
108600	100	74	69	69.0	93.24324324324324
108700	100	74	69	69.0	93.24324324324324
108800	100	74	69	69.0	93.24324324324324
108900	100	74	69	69.0	93.24324324324324
109000	100	74	69	69.0	93.24324324324324
109100	100	74	69	69.0	93.24324324324324
109200	100	74	69	69.0	93.24324324324324
109300	100	74	69	69.0	93.24324324324324
109400	100	74	69	69.0	93.24324324324324
109500	100	74	69	69.0	93.24324324324324
109600	100	74	69	69.0	93.24324324324324
109700	100	74	69	69.0	93.24324324324324
109800	100	74	69	69.0	93.24324324324324
109900	100	74	69	69.0	93.24324324324324
110000	100	74	69	69.0	93.24324324324324
110100	100	74	69	69.0	93.24324324324324
110200	100	74	69	69.0	93.24324324324324
110300	100	74	69	69.0	93.24324324324324
110400	100	74	69	69.0	93.24324324324324
110500	100	74	69	69.0	93.24324324324324
110600	100	74	69	69.0	93.24324324324324
110700	100	74	69	69.0	93.24324324324324
110800	100	74	69	69.0	93.24324324324324
110900	100	74	69	69.0	93.24324324324324
111000	100	74	69	69.0	93.24324324324324
111100	100	74	69	69.0	93.24324324324324
111200	100	74	69	69.0	93.24324324324324
111300	100	74	69	69.0	93.24324324324324
111400	100	74	69	69.0	93.24324324324324
111500	100	74	69	69.0	93.24324324324324
111600	100	74	69	69.0	93.24324324324324
111700	100	74	69	69.0	93.24324324324324
111800	100	74	69	69.0	93.24324324324324
111900	100	74	69	69.0	93.24324324324324
112000	100	74	69	69.0	93.24324324324324
112100	100	74	69	69.0	93.24324324324324
112200	100	74	69	69.0	93.24324324324324
112300	100	74	69	69.0	93.24324324324324
112400	100	74	69	69.0	93.24324324324324
112500	100	74	69	69.0	93.24324324324324
112600	100	74	69	69.0	93.24324324324324
112700	100	74	69	69.0	93.24324324324324
112800	100	74	69	69.0	93.24324324324324
112900	100	74	69	69.0	93.24324324324324
113000	100	74	69	69.0	93.24324324324324
113100	100	74	69	69.0	93.24324324324324
113200	100	74	69	69.0	93.24324324324324
113300	100	74	69	69.0	93.24324324324324
113400	100	74	69	69.0	93.24324324324324
113500	100	74	69	69.0	93.24324324324324
113600	100	74	69	69.0	93.24324324324324
113700	100	74	69	69.0	93.24324324324324
113800	100	74	69	69.0	93.24324324324324
113900	100	74	69	69.0	93.24324324324324
114000	100	74	69	69.0	93.24324324324324
114100	100	74	69	69.0	93.24324324324324
114200	100	74	69	69.0	93.24324324324324
114300	100	75	69	69.0	92.0
114400	100	75	69	69.0	92.0
114500	100	75	69	69.0	92.0
114600	100	75	70	70.0	93.33333333333333
114700	100	75	70	70.0	93.33333333333333
114800	100	75	70	70.0	93.33333333333333
114900	100	75	70	70.0	93.33333333333333
115000	100	75	70	70.0	93.33333333333333
115100	100	75	70	70.0	93.33333333333333
115200	100	75	70	70.0	93.33333333333333
115300	100	75	70	70.0	93.33333333333333
115400	100	75	70	70.0	93.33333333333333
115500	100	75	70	70.0	93.33333333333333
115600	100	75	70	70.0	93.33333333333333
115700	100	75	70	70.0	93.33333333333333
115800	100	75	70	70.0	93.33333333333333
115900	100	75	70	70.0	93.33333333333333
116000	100	75	70	70.0	93.33333333333333
116100	100	75	70	70.0	93.33333333333333
116200	100	75	70	70.0	93.33333333333333
116300	100	75	70	70.0	93.33333333333333
116400	100	75	70	70.0	93.33333333333333
116500	100	75	70	70.0	93.33333333333333
116600	100	75	70	70.0	93.33333333333333
116700	100	75	70	70.0	93.33333333333333
116800	100	75	70	70.0	93.33333333333333
116900	100	75	70	70.0	93.33333333333333
117000	100	75	70	70.0	93.33333333333333
117100	100	75	70	70.0	93.33333333333333
117200	100	75	70	70.0	93.33333333333333
117300	100	75	70	70.0	93.33333333333333
117400	100	75	70	70.0	93.33333333333333
117500	100	75	70	70.0	93.33333333333333
117600	100	75	70	70.0	93.33333333333333
117700	100	75	70	70.0	93.33333333333333
117800	100	75	70	70.0	93.33333333333333
117900	100	75	70	70.0	93.33333333333333
118000	100	75	70	70.0	93.33333333333333
118100	100	75	70	70.0	93.33333333333333
118200	100	75	70	70.0	93.33333333333333
118300	100	75	70	70.0	93.33333333333333
118400	100	75	70	70.0	93.33333333333333
118500	100	75	70	70.0	93.33333333333333
118600	100	75	70	70.0	93.33333333333333
118700	100	75	70	70.0	93.33333333333333
118800	100	75	70	70.0	93.33333333333333
118900	100	75	70	70.0	93.33333333333333
119000	100	75	70	70.0	93.33333333333333
119100	100	75	70	70.0	93.33333333333333
119200	100	75	70	70.0	93.33333333333333
119300	100	75	71	71.0	94.66666666666667
119400	100	75	71	71.0	94.66666666666667
119500	100	75	71	71.0	94.66666666666667
119600	100	75	71	71.0	94.66666666666667
119700	100	75	71	71.0	94.66666666666667
119800	100	76	71	71.0	93.42105263157895
119900	100	76	71	71.0	93.42105263157895
120000	100	76	71	71.0	93.42105263157895
120100	100	77	71	71.0	92.20779220779221
120200	100	77	71	71.0	92.20779220779221
120300	100	77	71	71.0	92.20779220779221
120400	100	77	71	71.0	92.20779220779221
120500	100	77	71	71.0	92.20779220779221
120600	100	77	71	71.0	92.20779220779221
120700	100	77	71	71.0	92.20779220779221
120800	100	77	71	71.0	92.20779220779221
120900	100	77	71	71.0	92.20779220779221
121000	100	77	71	71.0	92.20779220779221
121100	100	77	71	71.0	92.20779220779221
121200	100	77	71	71.0	92.20779220779221
121300	100	77	71	71.0	92.20779220779221
121400	100	77	71	71.0	92.20779220779221
121500	100	77	71	71.0	92.20779220779221
121600	100	77	71	71.0	92.20779220779221
121700	100	77	71	71.0	92.20779220779221
121800	100	77	71	71.0	92.20779220779221
121900	100	77	71	71.0	92.20779220779221
122000	100	77	71	71.0	92.20779220779221
122100	100	77	71	71.0	92.20779220779221
122200	100	77	71	71.0	92.20779220779221
122300	100	77	71	71.0	92.20779220779221
122400	100	77	71	71.0	92.20779220779221
122500	100	77	71	71.0	92.20779220779221
122600	100	77	71	71.0	92.20779220779221
122700	100	77	71	71.0	92.20779220779221
122800	100	77	71	71.0	92.20779220779221
122900	100	77	71	71.0	92.20779220779221
123000	100	77	71	71.0	92.20779220779221
123100	100	77	71	71.0	92.20779220779221
123200	100	77	71	71.0	92.20779220779221
123300	100	77	71	71.0	92.20779220779221
123400	100	77	71	71.0	92.20779220779221
123500	100	77	71	71.0	92.20779220779221
123600	100	77	71	71.0	92.20779220779221
123700	100	77	71	71.0	92.20779220779221
123800	100	77	71	71.0	92.20779220779221
123900	100	77	71	71.0	92.20779220779221
124000	100	77	71	71.0	92.20779220779221
124100	100	77	71	71.0	92.20779220779221
124200	100	77	71	71.0	92.20779220779221
124300	100	77	71	71.0	92.20779220779221
124400	100	77	71	71.0	92.20779220779221
124500	100	77	71	71.0	92.20779220779221
124600	100	77	71	71.0	92.20779220779221
124700	100	77	71	71.0	92.20779220779221
124800	100	77	71	71.0	92.20779220779221
124900	100	77	71	71.0	92.20779220779221
125000	100	77	71	71.0	92.20779220779221
125100	100	77	71	71.0	92.20779220779221
125200	100	77	71	71.0	92.20779220779221
125300	100	77	71	71.0	92.20779220779221
125400	100	77	71	71.0	92.20779220779221
125500	100	77	71	71.0	92.20779220779221
125600	100	77	71	71.0	92.20779220779221
125700	100	77	72	72.0	93.5064935064935
125800	100	77	72	72.0	93.5064935064935
125900	100	77	72	72.0	93.5064935064935
126000	100	77	72	72.0	93.5064935064935
126100	100	77	72	72.0	93.5064935064935
126200	100	77	72	72.0	93.5064935064935
126300	100	77	72	72.0	93.5064935064935
126400	100	77	72	72.0	93.5064935064935
126500	100	77	72	72.0	93.5064935064935
126600	100	77	72	72.0	93.5064935064935
126700	100	77	72	72.0	93.5064935064935
126800	100	77	72	72.0	93.5064935064935
126900	100	77	72	72.0	93.5064935064935
127000	100	77	72	72.0	93.5064935064935
127100	100	77	72	72.0	93.5064935064935
127200	100	77	72	72.0	93.5064935064935
127300	100	77	72	72.0	93.5064935064935
127400	100	77	72	72.0	93.5064935064935
127500	100	77	72	72.0	93.5064935064935
127600	100	77	72	72.0	93.5064935064935
127700	100	77	72	72.0	93.5064935064935
127800	100	77	72	72.0	93.5064935064935
127900	100	77	72	72.0	93.5064935064935
128000	100	77	72	72.0	93.5064935064935
128100	100	77	72	72.0	93.5064935064935
128200	100	77	72	72.0	93.5064935064935
128300	100	77	72	72.0	93.5064935064935
128400	100	77	72	72.0	93.5064935064935
128500	100	77	72	72.0	93.5064935064935
128600	100	77	72	72.0	93.5064935064935
128700	100	77	72	72.0	93.5064935064935
128800	100	77	72	72.0	93.5064935064935
128900	100	77	72	72.0	93.5064935064935
129000	100	77	72	72.0	93.5064935064935
129100	100	77	72	72.0	93.5064935064935
129200	100	77	72	72.0	93.5064935064935
129300	100	77	72	72.0	93.5064935064935
129400	100	77	72	72.0	93.5064935064935
129500	100	77	72	72.0	93.5064935064935
129600	100	77	72	72.0	93.5064935064935
129700	100	77	72	72.0	93.5064935064935
129800	100	77	72	72.0	93.5064935064935
129900	100	77	72	72.0	93.5064935064935
130000	100	77	72	72.0	93.5064935064935
130100	100	77	72	72.0	93.5064935064935
130200	100	77	72	72.0	93.5064935064935
130300	100	77	72	72.0	93.5064935064935
130400	100	77	72	72.0	93.5064935064935
130500	100	77	72	72.0	93.5064935064935
130600	100	77	72	72.0	93.5064935064935
130700	100	77	72	72.0	93.5064935064935
130800	100	77	72	72.0	93.5064935064935
130900	100	77	72	72.0	93.5064935064935
131000	100	77	72	72.0	93.5064935064935
131100	100	77	72	72.0	93.5064935064935
131200	100	77	72	72.0	93.5064935064935
131300	100	77	72	72.0	93.5064935064935
131400	100	77	72	72.0	93.5064935064935
131500	100	77	72	72.0	93.5064935064935
131600	100	77	72	72.0	93.5064935064935
131700	100	77	72	72.0	93.5064935064935
131800	100	77	72	72.0	93.5064935064935
131900	100	77	72	72.0	93.5064935064935
132000	100	77	72	72.0	93.5064935064935
132100	100	77	72	72.0	93.5064935064935
132200	100	77	72	72.0	93.5064935064935
132300	100	77	72	72.0	93.5064935064935
132400	100	77	72	72.0	93.5064935064935
132500	100	77	72	72.0	93.5064935064935
132600	100	77	72	72.0	93.5064935064935
132700	100	77	72	72.0	93.5064935064935
132800	100	77	72	72.0	93.5064935064935
132900	100	77	72	72.0	93.5064935064935
133000	100	77	72	72.0	93.5064935064935
133100	100	77	72	72.0	93.5064935064935
133200	100	77	72	72.0	93.5064935064935
133300	100	77	72	72.0	93.5064935064935
133400	100	77	72	72.0	93.5064935064935
133500	100	77	72	72.0	93.5064935064935
133600	100	77	72	72.0	93.5064935064935
133700	100	77	72	72.0	93.5064935064935
133800	100	77	72	72.0	93.5064935064935
133900	100	77	72	72.0	93.5064935064935
134000	100	77	72	72.0	93.5064935064935
134100	100	77	72	72.0	93.5064935064935
134200	100	77	72	72.0	93.5064935064935
134300	100	77	72	72.0	93.5064935064935
134400	100	77	72	72.0	93.5064935064935
134500	100	77	72	72.0	93.5064935064935
134600	100	77	72	72.0	93.5064935064935
134700	100	77	72	72.0	93.5064935064935
134800	100	77	72	72.0	93.5064935064935
134900	100	77	72	72.0	93.5064935064935
135000	100	77	72	72.0	93.5064935064935
135100	100	77	72	72.0	93.5064935064935
135200	100	77	72	72.0	93.5064935064935
135300	100	77	72	72.0	93.5064935064935
135400	100	77	72	72.0	93.5064935064935
135500	100	77	72	72.0	93.5064935064935
135600	100	77	72	72.0	93.5064935064935
135700	100	77	72	72.0	93.5064935064935
135800	100	77	72	72.0	93.5064935064935
135900	100	77	72	72.0	93.5064935064935
136000	100	78	72	72.0	92.3076923076923
136100	100	78	72	72.0	92.3076923076923
136200	100	78	72	72.0	92.3076923076923
136300	100	78	72	72.0	92.3076923076923
136400	100	78	72	72.0	92.3076923076923
136500	100	78	72	72.0	92.3076923076923
136600	100	78	72	72.0	92.3076923076923
136700	100	78	72	72.0	92.3076923076923
136800	100	78	72	72.0	92.3076923076923
136900	100	78	72	72.0	92.3076923076923
137000	100	78	72	72.0	92.3076923076923
137100	100	78	72	72.0	92.3076923076923
137200	100	78	72	72.0	92.3076923076923
137300	100	78	72	72.0	92.3076923076923
137400	100	78	72	72.0	92.3076923076923
137500	100	78	72	72.0	92.3076923076923
137600	100	78	72	72.0	92.3076923076923
137700	100	78	72	72.0	92.3076923076923
137800	100	78	72	72.0	92.3076923076923
137900	100	78	72	72.0	92.3076923076923
138000	100	78	73	73.0	93.58974358974359
138100	100	78	73	73.0	93.58974358974359
138200	100	78	73	73.0	93.58974358974359
138300	100	78	73	73.0	93.58974358974359
138400	100	78	73	73.0	93.58974358974359
138500	100	78	73	73.0	93.58974358974359
138600	100	78	73	73.0	93.58974358974359
138700	100	78	73	73.0	93.58974358974359
138800	100	78	73	73.0	93.58974358974359
138900	100	78	73	73.0	93.58974358974359
139000	100	78	73	73.0	93.58974358974359
139100	100	78	73	73.0	93.58974358974359
139200	100	78	73	73.0	93.58974358974359
139300	100	78	73	73.0	93.58974358974359
139400	100	78	73	73.0	93.58974358974359
139500	100	78	73	73.0	93.58974358974359
139600	100	78	73	73.0	93.58974358974359
139700	100	78	73	73.0	93.58974358974359
139800	100	78	73	73.0	93.58974358974359
139900	100	78	73	73.0	93.58974358974359
140000	100	78	73	73.0	93.58974358974359
140100	100	78	73	73.0	93.58974358974359
140200	100	78	73	73.0	93.58974358974359
140300	100	78	73	73.0	93.58974358974359
140400	100	78	73	73.0	93.58974358974359
140500	100	78	73	73.0	93.58974358974359
140600	100	78	73	73.0	93.58974358974359
140700	100	78	73	73.0	93.58974358974359
140800	100	78	73	73.0	93.58974358974359
140900	100	78	73	73.0	93.58974358974359
141000	100	78	73	73.0	93.58974358974359
141100	100	78	73	73.0	93.58974358974359
141200	100	78	73	73.0	93.58974358974359
141300	100	78	73	73.0	93.58974358974359
141400	100	78	73	73.0	93.58974358974359
141500	100	78	73	73.0	93.58974358974359
141600	100	78	73	73.0	93.58974358974359
141700	100	78	73	73.0	93.58974358974359
141800	100	78	73	73.0	93.58974358974359
141900	100	78	73	73.0	93.58974358974359
142000	100	78	73	73.0	93.58974358974359
142100	100	78	73	73.0	93.58974358974359
142200	100	78	73	73.0	93.58974358974359
142300	100	78	73	73.0	93.58974358974359
142400	100	78	73	73.0	93.58974358974359
142500	100	78	73	73.0	93.58974358974359
142600	100	78	73	73.0	93.58974358974359
142700	100	78	73	73.0	93.58974358974359
142800	100	78	73	73.0	93.58974358974359
142900	100	78	73	73.0	93.58974358974359
143000	100	78	73	73.0	93.58974358974359
143100	100	78	73	73.0	93.58974358974359
143200	100	78	73	73.0	93.58974358974359
143300	100	78	73	73.0	93.58974358974359
143400	100	78	73	73.0	93.58974358974359
143500	100	78	73	73.0	93.58974358974359
143600	100	78	73	73.0	93.58974358974359
143700	100	78	73	73.0	93.58974358974359
143800	100	78	73	73.0	93.58974358974359
143900	100	78	73	73.0	93.58974358974359
144000	100	78	73	73.0	93.58974358974359
144100	100	78	73	73.0	93.58974358974359
144200	100	78	73	73.0	93.58974358974359
144300	100	78	73	73.0	93.58974358974359
144400	100	78	73	73.0	93.58974358974359
144500	100	78	73	73.0	93.58974358974359
144600	100	78	73	73.0	93.58974358974359
144700	100	78	73	73.0	93.58974358974359
144800	100	78	73	73.0	93.58974358974359
144900	100	78	73	73.0	93.58974358974359
145000	100	78	73	73.0	93.58974358974359
145100	100	78	73	73.0	93.58974358974359
145200	100	78	73	73.0	93.58974358974359
145300	100	78	73	73.0	93.58974358974359
145400	100	79	73	73.0	92.40506329113924
145500	100	79	73	73.0	92.40506329113924
145600	100	79	73	73.0	92.40506329113924
145700	100	79	73	73.0	92.40506329113924
145800	100	79	73	73.0	92.40506329113924
145900	100	79	73	73.0	92.40506329113924
146000	100	79	73	73.0	92.40506329113924
146100	100	79	73	73.0	92.40506329113924
146200	100	79	73	73.0	92.40506329113924
146300	100	79	73	73.0	92.40506329113924
146400	100	79	73	73.0	92.40506329113924
146500	100	79	73	73.0	92.40506329113924
146600	100	79	73	73.0	92.40506329113924
146700	100	79	73	73.0	92.40506329113924
146800	100	79	73	73.0	92.40506329113924
146900	100	79	73	73.0	92.40506329113924
147000	100	79	73	73.0	92.40506329113924
147100	100	79	73	73.0	92.40506329113924
147200	100	79	73	73.0	92.40506329113924
147300	100	79	73	73.0	92.40506329113924
147400	100	79	73	73.0	92.40506329113924
147500	100	79	73	73.0	92.40506329113924
147600	100	79	74	74.0	93.67088607594937
147700	100	79	74	74.0	93.67088607594937
147800	100	79	74	74.0	93.67088607594937
147900	100	79	74	74.0	93.67088607594937
148000	100	79	74	74.0	93.67088607594937
148100	100	79	74	74.0	93.67088607594937
148200	100	79	74	74.0	93.67088607594937
148300	100	79	74	74.0	93.67088607594937
148400	100	79	74	74.0	93.67088607594937
148500	100	79	74	74.0	93.67088607594937
148600	100	79	74	74.0	93.67088607594937
148700	100	79	74	74.0	93.67088607594937
148800	100	79	74	74.0	93.67088607594937
148900	100	79	74	74.0	93.67088607594937
149000	100	79	74	74.0	93.67088607594937
149100	100	79	74	74.0	93.67088607594937
149200	100	79	74	74.0	93.67088607594937
149300	100	79	74	74.0	93.67088607594937
149400	100	79	74	74.0	93.67088607594937
149500	100	79	74	74.0	93.67088607594937
149600	100	79	74	74.0	93.67088607594937
149700	100	79	74	74.0	93.67088607594937
149800	100	79	74	74.0	93.67088607594937
149900	100	79	74	74.0	93.67088607594937
150000	100	79	74	74.0	93.67088607594937
150100	100	79	74	74.0	93.67088607594937
150200	100	79	74	74.0	93.67088607594937
150300	100	79	74	74.0	93.67088607594937
150400	100	79	74	74.0	93.67088607594937
150500	100	79	74	74.0	93.67088607594937
150600	100	79	74	74.0	93.67088607594937
150700	100	79	74	74.0	93.67088607594937
150800	100	79	74	74.0	93.67088607594937
150900	100	79	74	74.0	93.67088607594937
151000	100	79	74	74.0	93.67088607594937
151100	100	79	74	74.0	93.67088607594937
151200	100	79	74	74.0	93.67088607594937
151300	100	79	74	74.0	93.67088607594937
