#MCS	Mean_volume
0	25.72
100	19.41
200	19.82
300	19.56
400	19.59
500	19.48
600	19.93
700	19.38
800	19.68
900	19.36
1000	19.5
1100	19.74
1200	19.67
1300	19.88
1400	19.46
1500	19.85
1600	19.75
1700	19.49
1800	19.68
1900	20.01
2000	19.66
2100	19.86
2200	19.82
2300	19.82
2400	20.04
2500	20.22
2600	20.18
2700	20.06
2800	20.01
2900	19.74
3000	20.08
3100	20.2
3200	20.23
3300	20.17
3400	20.31
3500	20.21
3600	20.33
3700	20.3
3800	20.86
3900	20.7
4000	20.45
4100	20.6
4200	20.7
4300	20.69
4400	20.73
4500	20.96
4600	21.12
4700	20.92
4800	20.95
4900	20.93
5000	20.98
5100	21.59
5200	21.48
5300	21.71
5400	21.29
5500	21.39
5600	21.43
5700	21.81
5800	21.62
5900	21.69
6000	21.78
6100	21.89
6200	21.36
6300	22.07
6400	21.89
6500	21.91
6600	22.41
6700	22.0
6800	22.29
6900	22.1
7000	22.33
7100	22.17
7200	22.4
7300	22.66
7400	22.61
7500	22.5
7600	22.91
7700	22.71
7800	23.03
7900	23.33
8000	22.91
8100	23.28
8200	23.4
8300	23.15
8400	23.29
8500	23.44
8600	23.58
8700	23.4
8800	23.65
8900	24.03
9000	23.69
9100	24.08
9200	24.2
9300	24.19
9400	24.25
9500	24.17
9600	24.5
9700	24.25
9800	24.71
9900	24.35
10000	24.64
10100	25.04
10200	24.84
10300	24.75
10400	24.9
10500	25.27
10600	25.21
10700	25.38
10800	25.14
10900	25.49
11000	25.74
11100	25.68
11200	25.41
11300	25.62
11400	25.79
11500	26.06
11600	25.9
11700	26.12
11800	25.92
11900	25.41
12000	26.09
12100	26.13
12200	26.16
12300	26.16
12400	26.31
12500	26.47
12600	26.63
12700	26.74
12800	26.92
12900	27.29
13000	27.05
13100	26.93
13200	26.74
13300	27.22
13400	27.46
13500	27.38
13600	27.48
13700	27.61
13800	27.65
13900	27.48
14000	27.61
14100	27.67
14200	27.69
14300	28.27
14400	27.87
14500	27.93
14600	28.22
14700	28.26
14800	28.31
14900	28.44
15000	28.39
15100	28.65
15200	28.62
15300	28.73
15400	28.87
15500	28.69
15600	29.02
15700	29.21
15800	29.08
15900	29.3
16000	29.45
16100	29.45
16200	29.7
16300	29.67
16400	29.81
16500	29.3
16600	29.89
16700	30.24
16800	30.19
16900	30.07
17000	30.0
17100	30.46
17200	30.24
17300	30.64
17400	30.6
17500	30.42
17600	30.48
17700	30.54
17800	30.58
17900	31.19
18000	31.02
18100	31.3
18200	31.08
18300	31.24
18400	31.41
18500	31.36
18600	31.53
18700	31.27
18800	31.68
18900	32.03
19000	31.74
19100	32.07
19200	32.45
19300	32.11
19400	32.21
19500	32.51
19600	32.57
19700	32.35
19800	32.3
19900	32.6
20000	32.89
20100	32.62
20200	32.73
20300	33.14
20400	32.83
20500	33.35
20600	33.57
20700	33.19
20800	33.1
20900	33.46
21000	33.56
21100	33.25
21200	33.42
21300	33.52
21400	33.76
21500	33.7
21600	33.49
21700	33.8
21800	33.9
21900	33.98
22000	34.16
22100	33.93
22200	34.47
22300	34.31
22400	34.45
22500	34.35
22600	34.65
22700	34.71
22800	34.55
22900	34.5
23000	34.86
23100	34.95
23200	35.19
23300	34.73
23400	35.13
23500	35.09
23600	35.1
23700	35.28
23800	35.4
23900	35.36
24000	35.5
24100	35.31
24200	35.57
24300	35.42
24400	35.9
24500	35.99
24600	36.15
24700	35.86
24800	36.18
24900	35.99
25000	36.07
25100	36.13
25200	36.26
25300	36.49
25400	36.74
25500	36.6
25600	36.35
25700	36.5
25800	36.91
25900	37.06
26000	37.13
26100	37.07
26200	37.13
26300	37.2
26400	37.48
26500	37.28
26600	37.52
26700	37.72
26800	37.47
26900	37.9
27000	37.83
27100	38.02
27200	38.0
27300	38.32
27400	38.48
27500	38.41
27600	38.88
27700	38.69
27800	38.82
27900	38.55
28000	38.96
28100	38.97
28200	38.84
28300	39.29
28400	39.3
28500	39.26
28600	39.62
28700	39.42
28800	39.26
28900	39.54
29000	39.93
29100	40.05
29200	40.1
29300	40.07
29400	39.96
29500	40.0
29600	40.23
29700	40.34
29800	40.55
29900	40.57
30000	40.71
30100	40.73
30200	40.92
30300	41.11
30400	41.0
30500	40.8
30600	41.09
30700	41.16
30800	41.37
30900	41.39
31000	41.54
31100	41.25
31200	41.46
31300	41.56
31400	41.64
31500	42.14
31600	41.69
31700	42.01
31800	42.15
31900	42.18
32000	42.22
32100	42.23
32200	42.27
32300	42.55
32400	42.57
32500	42.46
32600	42.63
32700	42.58
32800	42.78
32900	42.82
33000	42.66
33100	43.13
33200	43.02
33300	43.07
33400	43.08
33500	42.99
33600	42.96
33700	43.07
33800	43.15
33900	43.21
34000	43.36
34100	43.47
34200	43.22
34300	43.63
34400	43.38
34500	43.69
34600	43.91
34700	43.77
34800	43.68
34900	44.04
35000	43.93
35100	43.97
35200	43.95
35300	44.21
35400	44.06
35500	43.79
35600	44.34
35700	44.05
35800	44.14
35900	44.09
36000	44.22
36100	44.28
36200	44.49
36300	44.67
36400	44.51
36500	44.36
36600	44.74
36700	44.77
36800	44.44
36900	44.78
37000	44.72
37100	44.61
37200	44.86
37300	44.8
37400	44.54
37500	44.92
37600	44.92
37700	45.14
37800	45.17
37900	44.74
38000	45.17
38100	44.475247524752476
38200	44.613861386138616
38300	44.78217821782178
38400	44.71287128712871
38500	44.87128712871287
38600	44.19607843137255
38700	44.3235294117647
38800	44.3921568627451
38900	44.450980392156865
39000	44.450980392156865
39100	44.490196078431374
39200	44.18446601941748
39300	43.980582524271846
39400	43.27884615384615
39500	43.22115384615385
39600	43.55769230769231
39700	43.78846153846154
39800	43.83653846153846
39900	43.78846153846154
40000	43.72115384615385
40100	43.99038461538461
40200	44.05769230769231
40300	43.91346153846154
40400	43.34285714285714
40500	43.46666666666667
40600	43.266666666666666
40700	42.990566037735846
40800	43.16981132075472
40900	42.990566037735846
41000	43.405660377358494
41100	43.528301886792455
41200	43.367924528301884
41300	42.850467289719624
41400	42.850467289719624
41500	42.96261682242991
41600	43.018691588785046
41700	43.018691588785046
41800	43.18691588785047
41900	42.8411214953271
42000	43.21495327102804
42100	43.21495327102804
42200	43.28971962616822
42300	42.73148148148148
42400	42.76851851851852
42500	42.96296296296296
42600	42.824074074074076
42700	43.05555555555556
42800	43.21296296296296
42900	42.97222222222222
43000	42.97222222222222
43100	43.21296296296296
43200	43.2962962962963
43300	43.333333333333336
43400	43.0
43500	42.788990825688074
43600	42.862385321100916
43700	43.0
43800	42.65137614678899
43900	43.08256880733945
44000	43.018348623853214
44100	43.07339449541284
44200	43.22935779816514
44300	43.18348623853211
44400	43.26605504587156
44500	42.93636363636364
44600	42.663636363636364
44700	43.18181818181818
44800	43.03636363636364
44900	43.10909090909091
45000	42.75675675675676
45100	42.86486486486486
45200	42.8018018018018
45300	42.630630630630634
45400	42.828828828828826
45500	42.75675675675676
45600	42.846846846846844
45700	42.972972972972975
45800	43.11711711711712
45900	43.22522522522522
46000	42.85585585585586
46100	42.776785714285715
46200	42.848214285714285
46300	42.80357142857143
46400	43.026785714285715
46500	42.910714285714285
46600	43.017857142857146
46700	43.11607142857143
46800	42.9375
46900	43.017857142857146
47000	43.107142857142854
47100	42.92920353982301
47200	42.421052631578945
47300	42.48245614035088
47400	42.68421052631579
47500	42.780701754385966
47600	42.73684210526316
47700	42.53508771929825
47800	42.76315789473684
47900	42.73684210526316
48000	43.10526315789474
48100	42.2
48200	42.53913043478261
48300	42.756521739130434
48400	42.59130434782609
48500	42.643478260869564
48600	42.88695652173913
48700	42.982608695652175
48800	43.10434782608696
48900	42.869565217391305
49000	42.947826086956525
49100	43.23478260869565
49200	43.2695652173913
49300	43.13913043478261
49400	43.321739130434786
49500	43.31304347826087
49600	43.36521739130435
49700	43.46086956521739
49800	43.4
49900	43.756521739130434
50000	43.52173913043478
50100	43.59130434782609
50200	43.608695652173914
50300	43.95652173913044
50400	43.97391304347826
50500	44.017391304347825
50600	44.278260869565216
50700	44.13913043478261
50800	44.278260869565216
50900	43.947826086956525
51000	43.741379310344826
51100	43.8448275862069
51200	44.0
51300	43.991379310344826
51400	44.11206896551724
51500	44.206896551724135
51600	43.91379310344828
51700	43.72649572649573
51800	43.794871794871796
51900	44.042735042735046
52000	43.97435897435897
52100	43.378151260504204
52200	43.20168067226891
52300	42.8
52400	42.766666666666666
52500	43.108333333333334
52600	43.025
52700	43.083333333333336
52800	42.958333333333336
52900	43.18333333333333
53000	42.94214876033058
53100	42.80165289256198
53200	42.93388429752066
53300	42.87603305785124
53400	43.00826446280992
53500	42.778688524590166
53600	41.846774193548384
53700	42.096774193548384
53800	42.21774193548387
53900	41.576
54000	41.864
54100	41.96
54200	42.104
54300	42.0
54400	42.096
54500	42.416
54600	41.992063492063494
54700	42.0
54800	41.62698412698413
54900	41.669291338582674
55000	41.71653543307087
55100	41.60629921259842
55200	41.484375
55300	41.6796875
55400	41.921875
55500	41.921875
55600	41.8203125
55700	42.09375
55800	41.457364341085274
55900	41.75968992248062
56000	41.689922480620154
56100	41.64341085271318
56200	41.57692307692308
56300	41.31297709923664
56400	41.221374045801525
56500	41.25954198473283
56600	41.603053435114504
56700	41.6793893129771
56800	41.47328244274809
56900	41.83969465648855
57000	41.446969696969695
57100	41.515151515151516
57200	41.097744360902254
57300	41.40601503759399
57400	41.090225563909776
57500	41.42857142857143
57600	40.82962962962963
57700	40.279411764705884
57800	40.35294117647059
57900	40.50735294117647
58000	40.470588235294116
58100	40.6985294117647
58200	40.6985294117647
58300	40.13768115942029
58400	40.3768115942029
58500	40.21739130434783
58600	40.12230215827338
58700	39.621428571428574
58800	39.82857142857143
58900	40.042857142857144
59000	40.128571428571426
59100	39.871428571428574
59200	40.23571428571429
59300	40.34285714285714
59400	40.58571428571429
59500	39.836879432624116
59600	40.13475177304964
59700	39.83098591549296
59800	40.021126760563384
59900	39.84507042253521
60000	40.24647887323944
60100	40.17605633802817
60200	40.11971830985915
60300	40.45070422535211
60400	40.63380281690141
60500	40.28169014084507
60600	40.7887323943662
60700	40.563380281690144
60800	40.809859154929576
60900	40.82517482517483
61000	40.75524475524475
61100	40.81818181818182
61200	40.81118881118881
61300	40.74825174825175
61400	40.9020979020979
61500	40.84722222222222
61600	40.9375
61700	40.770833333333336
61800	41.0
61900	41.22222222222222
62000	41.44444444444444
62100	40.93103448275862
62200	41.08275862068965
62300	40.91034482758621
62400	41.3013698630137
62500	40.76712328767123
62600	40.87755102040816
62700	40.5
62800	40.682432432432435
62900	40.560810810810814
63000	40.91216216216216
63100	40.932432432432435
63200	40.99324324324324
63300	41.04054054054054
63400	41.182432432432435
63500	41.4527027027027
63600	41.358108108108105
63700	41.100671140939596
63800	41.053691275167786
63900	41.369127516778526
64000	41.51006711409396
64100	41.61744966442953
64200	41.81879194630873
64300	41.90604026845637
64400	41.97315436241611
64500	42.22147651006711
64600	41.766666666666666
64700	42.013333333333335
64800	41.65562913907285
64900	41.741721854304636
65000	41.615894039735096
65100	41.625
65200	41.61842105263158
65300	41.49673202614379
65400	41.02597402597402
65500	41.35064935064935
65600	41.40909090909091
65700	41.52597402597402
65800	41.21935483870968
65900	40.92307692307692
66000	41.39102564102564
66100	41.41025641025641
66200	41.467948717948715
66300	41.4140127388535
66400	41.089171974522294
66500	41.48407643312102
66600	41.59235668789809
66700	41.47133757961783
66800	41.64968152866242
66900	41.605095541401276
67000	41.853503184713375
67100	41.76433121019108
67200	42.038216560509554
67300	41.968152866242036
67400	42.210191082802545
67500	42.617834394904456
67600	42.10126582278481
67700	41.911949685534594
67800	41.62264150943396
67900	41.84276729559748
68000	41.930817610062896
68100	42.16981132075472
68200	42.0251572327044
68300	42.42767295597484
68400	42.44025157232704
68500	42.57232704402516
68600	42.339622641509436
68700	42.534591194968556
68800	42.84905660377358
68900	42.880503144654085
69000	42.918238993710695
69100	43.22641509433962
69200	43.20125786163522
69300	43.308176100628934
69400	43.40880503144654
69500	43.666666666666664
69600	43.484276729559745
69700	43.3625
69800	43.58125
69900	43.525
70000	43.26875
70100	43.675
70200	43.6375
70300	43.81875
70400	43.77639751552795
70500	43.407407407407405
70600	43.44444444444444
70700	43.48148148148148
70800	43.51234567901235
70900	43.611111111111114
71000	43.14110429447853
71100	43.355828220858896
71200	43.50920245398773
71300	43.76687116564417
71400	43.693251533742334
71500	43.91411042944785
71600	43.48780487804878
71700	43.73170731707317
71800	43.920731707317074
71900	43.896341463414636
72000	43.707317073170735
72100	43.951219512195124
72200	43.775757575757574
72300	43.903030303030306
72400	43.71515151515152
72500	43.96969696969697
72600	44.38181818181818
72700	44.345454545454544
72800	44.27272727272727
72900	44.406060606060606
73000	44.18072289156626
73100	44.3855421686747
73200	44.24096385542169
73300	44.43975903614458
73400	44.69277108433735
73500	44.51204819277108
73600	44.75301204819277
73700	44.463855421686745
73800	44.95783132530121
73900	44.897590361445786
74000	45.066265060240966
74100	45.18674698795181
74200	45.373493975903614
74300	45.19277108433735
74400	45.536144578313255
74500	45.26946107784431
74600	45.25748502994012
74700	45.26946107784431
74800	45.40718562874252
74900	45.52095808383233
75000	45.52694610778443
75100	45.49101796407186
75200	45.73652694610779
75300	45.964071856287426
75400	45.83832335329341
75500	46.08982035928144
75600	45.583333333333336
75700	46.160714285714285
75800	45.898809523809526
75900	46.01190476190476
76000	46.285714285714285
76100	46.49404761904762
76200	46.267857142857146
76300	46.375
76400	46.03550295857988
76500	46.27810650887574
76600	46.22485207100592
76700	46.396449704142015
76800	46.1764705882353
76900	45.94736842105263
77000	46.19298245614035
77100	45.89473684210526
77200	46.187134502923975
77300	46.30409356725146
77400	46.578947368421055
77500	46.69005847953216
77600	46.526315789473685
77700	46.23837209302326
77800	46.5406976744186
77900	46.61046511627907
78000	46.622093023255815
78100	46.80813953488372
78200	46.877906976744185
78300	47.325581395348834
78400	46.94767441860465
78500	46.76744186046512
78600	47.25581395348837
78700	47.13953488372093
78800	47.424418604651166
78900	47.13953488372093
79000	47.30813953488372
79100	47.5
79200	47.7906976744186
79300	47.58720930232558
79400	47.68604651162791
79500	47.70348837209303
79600	48.03488372093023
79700	47.924418604651166
79800	48.0
79900	48.133720930232556
80000	48.16279069767442
80100	48.20348837209303
80200	48.41860465116279
80300	48.2906976744186
80400	48.55232558139535
80500	48.593023255813954
80600	48.202312138728324
80700	48.28901734104046
80800	48.65895953757225
80900	48.68208092485549
81000	48.83236994219653
81100	48.36206896551724
81200	48.71264367816092
81300	48.182857142857145
81400	47.98863636363637
81500	48.05681818181818
81600	48.09090909090909
81700	48.00568181818182
81800	48.21590909090909
81900	48.23863636363637
82000	48.55681818181818
82100	48.53977272727273
82200	48.61363636363637
82300	48.40112994350282
82400	48.258426966292134
82500	47.642458100558656
82600	47.899441340782126
82700	47.94972067039106
82800	47.977653631284916
82900	48.29050279329609
83000	48.13966480446928
83100	47.87777777777778
83200	48.0
83300	48.144444444444446
83400	48.111111111111114
83500	47.988950276243095
83600	47.93370165745856
83700	48.29281767955801
83800	48.18232044198895
83900	47.972375690607734
84000	48.392265193370164
84100	48.28176795580111
84200	48.120879120879124
84300	48.1978021978022
84400	48.29120879120879
84500	48.13186813186813
84600	48.505494505494504
84700	48.256830601092894
84800	47.84782608695652
84900	47.71351351351351
85000	47.87567567567567
85100	47.85945945945946
85200	47.88648648648649
85300	47.95135135135135
85400	48.043243243243246
85500	48.14594594594595
85600	48.33513513513513
85700	48.263440860215056
85800	47.946236559139784
85900	48.134408602150536
86000	48.30107526881721
86100	48.236559139784944
86200	48.39784946236559
86300	48.483870967741936
86400	48.160427807486634
86500	48.24064171122995
86600	48.24598930481283
86700	47.80952380952381
86800	47.883597883597886
86900	48.01587301587302
87000	47.82010582010582
87100	48.142857142857146
87200	47.72251308900523
87300	47.70680628272251
87400	47.76439790575916
87500	47.86387434554974
87600	47.645833333333336
87700	47.84375
87800	47.9375
87900	47.604166666666664
88000	47.703125
88100	47.744791666666664
88200	47.901041666666664
88300	47.83419689119171
88400	47.751295336787564
88500	47.95854922279793
88600	47.880829015544045
88700	47.57216494845361
88800	47.69072164948454
88900	47.829896907216494
89000	47.8974358974359
89100	47.29081632653061
89200	47.101522842639596
89300	47.13705583756345
89400	47.34010152284264
89500	47.40609137055838
89600	47.53807106598985
89700	47.60406091370558
89800	47.24747474747475
89900	47.31818181818182
90000	47.42424242424242
90100	47.535353535353536
90200	47.63636363636363
90300	47.11557788944724
90400	47.33165829145729
90500	47.17
90600	47.295
90700	47.105
90800	47.19
90900	47.175
91000	47.37
91100	47.26
91200	47.36318407960199
91300	47.27363184079602
91400	47.49751243781095
91500	47.56218905472637
91600	47.45273631840796
91700	47.82587064676617
91800	47.73134328358209
91900	47.666666666666664
92000	47.82089552238806
92100	47.48514851485149
92200	47.45812807881774
92300	47.28431372549019
92400	47.200980392156865
92500	47.10243902439024
92600	47.06341463414634
92700	47.5219512195122
92800	47.27317073170732
92900	47.4780487804878
93000	47.47317073170732
93100	47.448780487804875
93200	47.35609756097561
93300	47.53170731707317
93400	47.65365853658537
93500	47.66341463414634
93600	47.858536585365854
93700	47.951219512195124
93800	47.616504854368934
93900	47.66504854368932
94000	47.60386473429951
94100	47.47826086956522
94200	47.72463768115942
94300	47.729468599033815
94400	47.82608695652174
94500	47.82608695652174
94600	47.99516908212561
94700	47.990338164251206
94800	48.106280193236714
94900	47.75961538461539
95000	47.483253588516746
95100	47.74162679425837
95200	47.68421052631579
95300	47.47867298578199
95400	47.216981132075475
95500	46.92018779342723
95600	46.88732394366197
95700	46.91079812206573
95800	46.7803738317757
95900	46.901869158878505
96000	46.66046511627907
96100	46.625
96200	46.60648148148148
96300	46.30414746543779
96400	46.41935483870968
96500	46.58986175115207
96600	46.43119266055046
96700	46.522935779816514
96800	46.337899543378995
96900	46.36073059360731
97000	45.90497737556561
97100	45.78733031674208
97200	46.036199095022624
97300	46.199095022624434
97400	46.126696832579185
97500	46.49321266968326
97600	45.9009009009009
97700	46.211711711711715
97800	46.07657657657658
97900	45.892857142857146
98000	46.066964285714285
98100	46.08482142857143
98200	46.035714285714285
98300	46.05357142857143
98400	46.214285714285715
98500	46.22767857142857
98600	46.14732142857143
98700	46.0
98800	45.81858407079646
98900	46.01327433628319
99000	45.74008810572687
99100	45.63157894736842
99200	45.79385964912281
99300	46.074561403508774
99400	45.7292576419214
99500	45.698689956331876
99600	45.70742358078603
99700	45.7117903930131
99800	45.77391304347826
99900	45.83913043478261
100000	45.97391304347826
100100	45.86521739130435
100200	45.705627705627705
100300	45.878787878787875
100400	45.98701298701299
100500	45.793103448275865
100600	45.97844827586207
100700	46.116379310344826
100800	46.14655172413793
100900	45.94849785407725
101000	46.06008583690987
101100	45.77350427350427
101200	45.995726495726494
101300	46.085470085470085
101400	46.17948717948718
101500	46.15811965811966
101600	46.48290598290598
101700	46.35897435897436
101800	46.42307692307692
101900	46.401709401709404
102000	46.238297872340425
102100	46.16949152542373
102200	46.110169491525426
102300	46.266949152542374
102400	46.36440677966102
102500	46.3728813559322
102600	46.567796610169495
102700	46.57203389830509
102800	46.57203389830509
102900	46.53586497890296
103000	46.42016806722689
103100	46.15481171548117
103200	45.79253112033195
103300	45.6597510373444
103400	46.06224066390042
103500	46.19502074688797
103600	46.261410788381745
103700	46.04545454545455
103800	45.66255144032922
103900	45.90946502057613
104000	45.86008230452675
104100	45.983539094650205
104200	45.704918032786885
104300	46.05327868852459
104400	45.861224489795916
104500	45.94285714285714
104600	45.910204081632656
104700	45.51417004048583
104800	45.77327935222672
104900	45.931174089068826
105000	45.87044534412956
105100	46.036437246963565
105200	46.02834008097166
105300	46.29959514170041
105400	46.278225806451616
105500	46.060483870967744
105600	46.19758064516129
105700	46.16129032258065
105800	46.278225806451616
105900	46.41935483870968
106000	46.46370967741935
106100	46.46586345381526
106200	46.01195219123506
106300	46.1195219123506
106400	46.0796812749004
106500	46.2390438247012
106600	46.067460317460316
106700	46.1031746031746
106800	46.29761904761905
106900	46.11507936507937
107000	46.48809523809524
107100	46.42857142857143
107200	46.714285714285715
107300	46.71825396825397
107400	46.84920634920635
107500	46.817460317460316
107600	46.785714285714285
107700	46.948412698412696
107800	47.12301587301587
107900	47.15079365079365
108000	47.126482213438734
108100	46.9604743083004
108200	47.28853754940712
108300	47.11067193675889
108400	47.24505928853755
108500	47.16535433070866
108600	47.25590551181102
108700	47.35826771653543
108800	47.346456692913385
108900	47.286274509803924
109000	47.411764705882355
109100	47.22352941176471
109200	47.54117647058823
109300	47.56470588235294
109400	47.47843137254902
109500	47.06225680933852
109600	47.29182879377432
109700	47.13953488372093
109800	47.10077519379845
109900	47.151162790697676
110000	47.24710424710425
110100	46.77777777777778
110200	46.234848484848484
110300	46.496212121212125
110400	46.41287878787879
110500	46.40151515151515
110600	46.45075757575758
110700	46.666666666666664
110800	46.62641509433962
110900	46.47924528301887
111000	46.60377358490566
111100	46.92075471698113
111200	46.92075471698113
111300	46.76315789473684
111400	46.70676691729323
111500	46.72659176029963
111600	46.86516853932584
111700	46.87265917602996
111800	46.842696629213485
111900	46.79477611940298
112000	47.01119402985075
112100	47.01119402985075
112200	46.985074626865675
112300	47.07835820895522
112400	47.458955223880594
112500	47.204460966542754
112600	47.20817843866171
112700	47.479553903345725
112800	47.24444444444445
112900	46.904411764705884
113000	47.099264705882355
113100	46.556363636363635
113200	46.405797101449274
113300	46.39350180505415
113400	46.18345323741007
113500	46.2589928057554
113600	46.17625899280576
113700	46.2589928057554
113800	46.356115107913666
113900	46.47122302158273
114000	46.54676258992806
114100	46.41935483870968
114200	46.48028673835125
114300	46.57142857142857
114400	46.53928571428571
114500	46.63214285714286
114600	46.625
114700	46.73571428571429
114800	46.80357142857143
114900	47.07857142857143
115000	47.18214285714286
115100	47.11785714285714
115200	47.121428571428574
115300	47.239285714285714
115400	47.19928825622776
115500	47.23487544483986
115600	47.31672597864769
115700	47.54804270462633
115800	47.43971631205674
115900	47.351063829787236
116000	47.47163120567376
116100	47.24295774647887
116200	47.25
116300	47.25352112676056
116400	47.313380281690144
116500	47.37894736842105
116600	47.43157894736842
116700	47.28421052631579
116800	47.64912280701754
116900	47.60701754385965
117000	47.589473684210525
117100	47.57692307692308
117200	47.7972027972028
117300	47.76573426573427
117400	47.91608391608391
117500	47.81118881118881
117600	48.01398601398601
117700	48.03496503496503
117800	48.25174825174825
117900	48.08741258741259
118000	48.41608391608391
118100	48.28321678321678
118200	48.177700348432055
118300	47.930795847750865
118400	48.0242214532872
118500	47.86896551724138
118600	48.0448275862069
118700	48.09655172413793
118800	48.262068965517244
118900	48.3
119000	48.36896551724138
119100	48.29553264604811
119200	48.21232876712329
119300	48.22184300341297
119400	48.04095563139932
119500	47.98293515358362
119600	48.30716723549488
119700	48.173469387755105
119800	48.343537414965986
119900	48.40816326530612
120000	48.51700680272109
120100	48.48979591836735
120200	48.64965986394558
120300	48.8843537414966
120400	48.55593220338983
120500	48.60677966101695
120600	48.61616161616162
120700	48.67340067340067
120800	48.48821548821549
120900	48.63636363636363
121000	48.79124579124579
121100	48.78787878787879
121200	48.8013468013468
121300	48.966329966329965
121400	49.05050505050505
121500	49.31649831649832
121600	49.10437710437711
121700	49.35353535353536
121800	49.07382550335571
121900	48.98327759197324
122000	49.06020066889632
122100	48.986666666666665
122200	48.92358803986711
122300	48.7682119205298
122400	48.65016501650165
122500	48.759075907590756
122600	48.679867986798676
122700	48.867986798679866
122800	49.00330033003301
122900	49.039603960396036
123000	49.14191419141914
123100	49.16831683168317
123200	49.0953947368421
123300	49.10197368421053
123400	48.91803278688525
123500	48.80392156862745
123600	49.01960784313726
123700	49.14052287581699
123800	49.03257328990228
123900	48.87012987012987
124000	49.02597402597402
124100	49.035714285714285
124200	48.93527508090615
124300	48.86731391585761
124400	49.019417475728154
124500	48.93225806451613
124600	48.961290322580645
124700	49.14193548387097
124800	49.01929260450161
124900	48.94871794871795
125000	48.74121405750799
125100	48.75079872204473
125200	48.808306709265175
125300	48.926517571884986
125400	49.067092651757186
125500	49.191693290734825
125600	48.98407643312102
125700	49.197452229299365
125800	48.99363057324841
125900	49.095541401273884
126000	49.13968253968254
126100	48.892405063291136
126200	49.13607594936709
126300	49.12658227848101
126400	49.177215189873415
126500	49.174050632911396
126600	49.313291139240505
126700	49.11671924290221
126800	48.76802507836991
126900	48.540625
127000	48.757009345794394
127100	48.61801242236025
127200	48.57142857142857
127300	48.74223602484472
127400	48.407407407407405
127500	48.221538461538465
127600	48.40615384615385
127700	48.433846153846154
127800	48.392638036809814
127900	48.293577981651374
128000	48.22560975609756
128100	47.775757575757574
128200	47.66465256797583
128300	47.93051359516616
128400	47.90030211480362
128500	47.94259818731118
128600	47.903614457831324
128700	47.855421686746986
128800	48.00903614457831
128900	48.006006006006004
129000	48.01801801801802
129100	48.15915915915916
129200	48.132132132132135
129300	48.10778443113772
129400	48.16467065868263
129500	47.880239520958085
129600	48.211940298507464
129700	47.99107142857143
129800	48.044642857142854
129900	48.23809523809524
130000	48.04154302670623
130100	48.17210682492582
130200	47.99704142011834
130300	47.994082840236686
130400	48.180473372781066
130500	48.06804733727811
130600	48.094395280235986
130700	47.90029325513196
130800	47.96774193548387
130900	48.005847953216374
131000	48.00877192982456
131100	48.1140350877193
131200	48.03216374269006
131300	47.880466472303205
131400	47.86046511627907
131500	47.88405797101449
131600	47.53602305475504
131700	47.548850574712645
131800	47.392550143266476
131900	47.412607449856736
132000	47.2
132100	47.434285714285714
132200	47.46857142857143
132300	47.66
132400	47.66
132500	47.535612535612536
132600	47.64102564102564
132700	47.75213675213675
132800	47.53541076487252
132900	47.54674220963173
133000	47.59206798866855
133100	47.87252124645892
133200	47.88385269121813
133300	47.906515580736546
133400	47.90084985835694
133500	48.11898016997167
133600	48.039660056657226
133700	48.0819209039548
133800	48.19209039548023
133900	48.17231638418079
134000	48.1943661971831
134100	48.1943661971831
134200	48.28169014084507
134300	48.19154929577465
134400	48.2
134500	48.44225352112676
134600	48.566197183098595
134700	48.4056338028169
134800	48.46348314606742
134900	48.48033707865169
135000	48.46498599439776
135100	48.26536312849162
135200	48.270194986072426
135300	48.33983286908078
135400	48.38718662952646
135500	48.456824512534816
135600	48.53333333333333
135700	48.4
135800	48.611111111111114
135900	48.58888888888889
136000	48.56944444444444
136100	48.69722222222222
136200	48.958333333333336
136300	48.88055555555555
136400	48.70360110803324
136500	48.822714681440445
136600	48.988919667590025
136700	49.05540166204986
136800	49.0
136900	49.052486187845304
137000	48.79338842975206
137100	48.71978021978022
137200	48.62465753424657
137300	48.740437158469945
137400	48.34239130434783
137500	48.453804347826086
137600	48.52989130434783
137700	48.40108401084011
137800	48.59891598915989
137900	48.390243902439025
138000	48.64769647696477
138100	48.796747967479675
138200	48.78861788617886
138300	48.75067750677507
138400	48.64594594594595
138500	48.82702702702703
138600	48.73315363881402
138700	48.62903225806452
138800	48.44504021447721
138900	48.5668449197861
139000	48.63101604278075
139100	48.236702127659576
139200	48.43882978723404
139300	48.236074270557026
139400	48.16137566137566
139500	48.26190476190476
139600	48.47089947089947
139700	48.37301587301587
139800	48.64021164021164
139900	48.56878306878307
140000	48.339473684210525
140100	48.26701570680628
140200	47.90600522193211
140300	48.072916666666664
140400	48.09375
140500	48.078125
140600	48.109375
140700	48.116883116883116
140800	48.103896103896105
140900	48.31428571428572
141000	48.4
141100	48.423376623376626
141200	48.58701298701299
141300	48.48186528497409
141400	48.476683937823836
141500	48.52454780361757
141600	48.22879177377892
141700	48.19230769230769
141800	48.294871794871796
141900	47.9386189258312
142000	48.294117647058826
142100	48.21739130434783
142200	48.214833759590796
142300	48.152671755725194
142400	48.25445292620865
142500	48.076142131979694
142600	48.02030456852792
142700	48.02278481012658
142800	48.03787878787879
142900	48.14646464646464
143000	48.14824120603015
143100	47.99248120300752
143200	47.795
143300	47.86
143400	47.96
143500	47.81296758104738
143600	47.593052109181144
143700	47.754342431761785
143800	47.925558312655085
143900	47.90074441687345
144000	47.898514851485146
144100	47.54320987654321
144200	47.669135802469135
144300	47.84197530864198
144400	47.84975369458128
144500	47.71744471744472
144600	47.63569682151589
144700	47.40487804878049
144800	47.48905109489051
144900	47.45388349514563
145000	47.193236714975846
145100	47.15942028985507
145200	47.31400966183575
145300	47.28502415458937
145400	47.591787439613526
145500	47.47826086956522
145600	47.606280193236714
145700	47.57349397590362
145800	47.734939759036145
145900	47.61057692307692
146000	47.378896882494004
146100	47.33253588516747
146200	47.30071599045346
146300	47.54653937947494
146400	47.47380952380952
146500	47.3396674584323
146600	47.42280285035629
146700	47.372037914691944
146800	47.45260663507109
146900	47.44549763033175
147000	47.507109004739334
147100	47.720379146919434
147200	47.551886792452834
147300	47.464622641509436
147400	47.674528301886795
147500	47.64150943396226
147600	47.780660377358494
147700	47.799528301886795
147800	47.95990566037736
147900	47.8164705882353
148000	47.974117647058826
148100	48.002347417840376
148200	47.913145539906104
148300	48.014084507042256
148400	47.70629370629371
148500	47.63869463869464
148600	47.74592074592075
148700	48.10489510489511
148800	48.11188811188811
148900	48.11888111888112
149000	48.21212121212121
149100	48.03248259860789
149200	48.04408352668214
149300	47.838337182448036
149400	47.96073903002309
149500	48.00691244239631
149600	48.00230414746544
149700	48.02073732718894
149800	48.14746543778802
149900	48.172811059907836
150000	48.21198156682028
150100	48.14942528735632
150200	48.220689655172414
150300	48.39310344827586
150400	48.09403669724771
150500	48.39678899082569
150600	48.43807339449541
150700	48.36842105263158
150800	48.56979405034325
150900	48.526315789473685
151000	48.470319634703195
151100	48.43280182232346
151200	48.445454545454545
151300	48.10407239819005
151400	48.18552036199095
151500	48.373303167420815
151600	48.37782805429864
151700	48.463800904977376
151800	48.43115124153499
151900	48.26067415730337
152000	48.082959641255606
152100	48.210290827740494
152200	48.24384787472036
152300	48.29082774049217
152400	48.474272930648766
152500	48.44742729306488
152600	48.57046979865772
152700	48.651006711409394
152800	48.667410714285715
152900	48.57142857142857
153000	48.620535714285715
153100	48.60133630289533
153200	48.57015590200445
153300	48.89086859688196
153400	48.797777777777775
153500	48.72727272727273
153600	48.59513274336283
153700	48.703539823008846
153800	48.68653421633554
153900	48.81456953642384
154000	48.88300220750552
154100	48.93156732891832
154200	49.06843267108168
154300	48.97136563876652
154400	49.00440528634361
154500	48.93846153846154
154600	49.01538461538462
154700	49.18681318681319
154800	49.23516483516484
154900	49.285714285714285
155000	49.098684210526315
155100	49.161925601750546
155200	49.07002188183807
155300	49.05240174672489
155400	48.95642701525055
155500	49.16557734204793
155600	49.006521739130434
155700	49.16702819956616
155800	48.97402597402598
155900	49.01731601731602
156000	49.108225108225106
156100	49.05831533477322
156200	49.019396551724135
156300	49.0323275862069
156400	49.03010752688172
156500	48.892703862660944
156600	49.107296137339056
156700	48.792735042735046
156800	48.886752136752136
156900	48.88247863247863
157000	48.75479744136461
157100	49.0
157200	49.18763326226013
157300	48.968152866242036
157400	48.89808917197452
157500	48.91101694915254
157600	49.02542372881356
157700	48.98728813559322
157800	48.940677966101696
157900	48.85021097046413
158000	49.073839662447256
158100	49.12447257383966
158200	49.16877637130802
158300	49.25105485232068
158400	49.18526315789474
158500	49.23789473684211
158600	49.0020964360587
158700	49.00418410041841
158800	49.02719665271967
158900	48.80833333333333
159000	48.989583333333336
159100	48.916666666666664
159200	48.86486486486486
159300	48.58884297520661
159400	48.72107438016529
159500	48.8099173553719
159600	48.86363636363637
159700	48.849173553719005
159800	48.989669421487605
159900	49.00826446280992
160000	49.16528925619835
160100	49.28512396694215
160200	49.28719008264463
160300	49.25979381443299
160400	49.1958762886598
160500	49.211934156378604
160600	49.42798353909465
160700	49.483539094650205
160800	49.47942386831276
160900	49.483539094650205
161000	49.681069958847736
161100	49.634496919917865
161200	49.616016427104725
161300	49.78850102669404
161400	49.92813141683778
161500	49.885245901639344
161600	49.81147540983606
161700	49.91393442622951
161800	49.875255623721884
