#MCS	Mean_pressure	{Cells_over_pressure_threshold}
0	18.56758907579022	0
100	33.09425506874526	23
200	32.062444777735024	20
300	32.470760142213614	21
400	32.46700742338755	20
500	32.41991818513098	20
600	31.37687852783066	14
700	32.70397388458392	21
800	31.97033104184141	18
900	32.61101381382771	25
1000	32.328930165625124	22
1100	31.500979803528026	15
1200	31.778883796448373	21
1300	31.354733785177796	12
1400	32.35657429934866	23
1500	31.527230734079176	13
1600	31.720852228789862	10
1700	32.4958834302841	22
1800	31.998362227531825	21
1900	31.317741072339267	14
2000	32.068423178783284	22
2100	31.584619740204154	16
2200	31.582624307863743	15
2300	31.75904013062359	18
2400	31.256336892562423	14
2500	30.789135298791518	12
2600	31.033970489118545	12
2700	31.282715172613006	15
2800	31.376769513312173	19
2900	31.884463746440062	20
3000	31.20386446836039	21
3100	30.91104310041318	13
3200	31.024282172756184	13
3300	31.176459276042596	16
3400	31.022747660419537	16
3500	31.286486812523634	16
3600	31.00614188626506	13
3700	31.277530486418755	14
3800	30.193107940784977	9
3900	30.680469545280513	15
4000	31.263804144581144	12
4100	31.121273687363463	16
4200	31.00833843594035	17
4300	31.00549207069007	12
4400	31.018277674828298	10
4500	30.64646960432252	11
4600	30.514580602155373	13
4700	31.169150363575472	14
4800	31.10388197401319	15
4900	31.217413643943782	8
5000	31.286466019815325	11
5100	30.08158980033759	8
5200	30.537313723074394	16
5300	30.06221541897433	9
5400	31.041936220759034	13
5500	30.96502374767101	19
5600	30.933901791670205	12
5700	30.222662380862385	9
5800	30.782319927656598	12
5900	30.819977473973978	15
6000	30.60981435273844	7
6100	30.673657722438467	11
6200	31.889312165446718	16
6300	30.422576155746064	9
6400	31.029603765702923	15
6500	31.05414559924824	8
6600	30.170623960719794	13
6700	31.103729396167875	7
6800	30.722942792790917	8
6900	31.247967280365163	11
7000	30.975936258823968	13
7100	31.488690906164884	16
7200	31.131796339228778	10
7300	30.774146201901004	16
7400	31.022280179893432	14
7500	31.432468138234928	16
7600	30.72122276554868	11
7700	31.222031361290576	8
7800	30.74226376867895	13
7900	30.303986776365274	12
8000	31.28036051994244	14
8100	30.594869169808	13
8200	30.635512799394863	11
8300	31.246642121469932	12
8400	31.072149234462877	11
8500	30.937700817960376	11
8600	30.921717588746642	13
8700	31.22667234803781	10
8800	30.89436217585907	13
8900	30.25526942284855	8
9000	31.069417990415197	9
9100	30.49740466461836	12
9200	30.460092951752312	8
9300	30.649378002534277	11
9400	30.754959903512844	18
9500	30.926056020450478	8
9600	30.486393504695315	11
9700	31.19267701526681	15
9800	30.37517638238471	9
9900	31.296569381467034	15
10000	30.78917978016726	11
10100	30.23500455242388	11
10200	30.82015468118183	16
10300	31.23127783573929	19
10400	31.01864382247416	12
10500	30.332738400631833	5
10600	30.714239354690243	11
10700	30.609659347046545	12
10800	31.17551416438785	13
10900	30.60288016065946	14
11000	30.336516033880862	11
11100	30.58725827418416	12
11200	31.37754179524607	18
11300	31.08742051018162	11
11400	30.904651587767077	10
11500	30.42072227929776	11
11600	30.903629536300823	12
11700	30.665403425795457	13
11800	31.14679949433147	12
11900	32.365763828317	19
12000	31.195972575698406	12
12100	31.287746458040484	10
12200	31.404248940865273	16
12300	31.524916419408992	13
12400	31.46185067922277	12
12500	31.17646106886309	10
12600	31.004127004812155	11
12700	30.965331102951914	13
12800	30.887998620119443	8
12900	30.17507085376795	7
13000	30.841981214556974	12
13100	31.227377298351776	13
13200	31.902581423671254	13
13300	30.937761590361333	11
13400	30.669319600898216	8
13500	31.023690260239746	14
13600	30.91081647852885	11
13700	30.90648244022712	10
13800	30.877500709262186	7
13900	31.540138152734798	12
14000	31.330805614589217	15
14100	31.222300092970855	10
14200	31.483720101062783	12
14300	30.48454640208578	11
14400	31.4232647571926	13
14500	31.54157526056123	13
14600	31.132506406575466	15
14700	31.178412105725084	7
14800	31.134398743688624	12
14900	31.036358421756795	14
15000	31.351832379680207	12
15100	31.031198393117958	14
15200	31.299832711346934	16
15300	31.172440016751615	13
15400	31.09861558665214	12
15500	31.606116513530832	9
15600	31.05715868397484	11
15700	30.983469203555934	13
15800	31.37688917159354	14
15900	30.99768536554302	10
16000	30.91304828473155	8
16100	31.08049214797921	10
16200	30.718235938983398	5
16300	30.86619559940859	11
16400	30.74345366216179	8
16500	32.0432514573569	14
16600	30.91931905082367	7
16700	30.439626451836848	6
16800	30.73366399497372	11
16900	31.21732685574705	12
17000	31.39981669442379	12
17100	30.590366935720603	5
17200	31.2394029334018	12
17300	30.512537325192987	3
17400	30.839813100379853	10
17500	31.25154757668829	15
17600	31.34517415094957	15
17700	31.442857794563924	16
17800	31.51280817557932	14
17900	30.47781408430681	13
18000	30.81975801396413	11
18100	30.45962435333331	8
18200	31.11519076160811	12
18300	30.887260344370063	8
18400	30.73468872206651	12
18500	30.95973929263262	12
18600	30.82368349039479	11
18700	31.564140410158753	16
18800	30.896027527123753	11
18900	30.324211475211868	9
19000	31.088533460554054	12
19100	30.53268090361634	8
19200	29.962915738757975	6
19300	30.760799749552824	9
19400	30.820953645880536	10
19500	30.37167420450479	7
19600	30.43277256262999	9
19700	30.984494660987874	11
19800	31.325785027656302	10
19900	30.766994391137786	9
20000	30.532284782601746	12
20100	31.19049571347342	15
20200	31.122841578290036	10
20300	30.49826685982992	11
20400	31.37312546715233	16
20500	30.381498292341156	8
20600	30.098950549988878	6
20700	31.18967424959239	13
20800	31.51831070182654	14
20900	30.976519861725055	9
21000	30.867064220970768	5
21100	31.673653723872548	11
21200	31.483904839293974	14
21300	31.565336260641924	7
21400	31.224933549843946	12
21500	31.48583326821068	13
21600	32.08301115524833	13
21700	31.594138219552498	14
21800	31.59497581896675	12
21900	31.600170954263593	9
22000	31.384593325798832	15
22100	32.140532060490806	19
22200	31.035039222449115	9
22300	31.43835650634607	12
22400	31.439165467239253	11
22500	31.69035677432855	14
22600	31.266459465271044	15
22700	31.290815276380698	15
22800	31.805605136184486	14
22900	32.093965077657494	17
23000	31.445631136206686	10
23100	31.474955278203808	13
23200	31.271661653307163	12
23300	32.29438015686928	14
23400	31.647675462722827	10
23500	31.9495454383991	12
23600	32.04717286609291	17
23700	31.86342961820623	11
23800	31.816967525448	11
23900	32.03883543027353	14
24000	31.939687529457668	15
24100	32.48624242881761	21
24200	32.16163608047807	17
24300	32.61795017088061	15
24400	31.703273894426648	17
24500	31.785300451129725	9
24600	31.70622177032512	17
24700	32.38670553379514	24
24800	31.910353450810216	11
24900	32.46540215724457	21
25000	32.444693905522136	17
25100	32.392716005122445	22
25200	32.46827861311116	11
25300	32.00498227617676	12
25400	31.660194880121118	13
25500	32.17879380246387	15
25600	32.7819878766921	28
25700	32.72510013615657	16
25800	31.967298488064344	12
25900	31.971608477561475	18
26000	31.985195813741758	11
26100	32.29092145611226	19
26200	32.3409443353413	13
26300	32.38966877271784	17
26400	31.95207328622514	15
26500	32.6289724795412	21
26600	32.25930605154918	15
26700	31.996830555852465	17
26800	32.816530739304966	23
26900	31.908987587013534	19
27000	32.33288153324013	16
27100	32.0314804092767	16
27200	32.35518819775185	16
27300	31.86491652337452	17
27400	31.69981676991787	13
27500	32.00263565087805	15
27600	31.294559788949208	12
27700	31.864482818374007	13
27800	31.71510943435854	9
27900	32.486686731474464	19
28000	31.815719301332365	13
28100	31.85807612285993	12
28200	32.40443354710965	17
28300	31.65454738577927	13
28400	31.798606570805777	11
28500	32.09666536487881	14
28600	31.653539212817087	13
28700	32.189709894236174	20
28800	32.71261256364204	18
28900	32.2392475509795	14
29000	31.601061422563617	14
29100	31.50165530662868	10
29200	31.540068281240256	15
29300	31.748719265881146	14
29400	32.156649686122755	18
29500	32.2110835640398	17
29600	31.893986057333812	7
29700	31.938539686982402	16
29800	31.686198122177203	16
29900	31.845862865821474	9
30000	31.723986072645584	14
30100	31.838538860252758	19
30200	31.65336047910586	17
30300	31.49269715646277	7
30400	31.89576308092006	15
30500	32.51069710024897	17
30600	32.021117135865	14
30700	32.126050063713684	11
30800	31.908574100478145	17
30900	32.04461656208421	9
31000	31.93871094654004	20
31100	32.65658547007708	19
31200	32.508192972812864	17
31300	32.376583348257746	15
31400	32.453885043623075	20
31500	31.64243544423648	17
31600	32.74447079540598	11
31700	32.2189859150345	14
31800	32.17201751913824	21
31900	32.13113092036276	12
32000	32.27864580045	18
32100	32.50610274874472	18
32200	32.52958911979867	19
32300	32.20077895102402	15
32400	32.21561840559968	19
32500	32.72985965949911	24
32600	32.480529614364094	17
32700	32.7878475923934	21
32800	32.614327936358286	17
32900	32.547914423344594	21
33000	33.174898069658376	27
33100	32.29320893393974	22
33200	32.69992454574948	23
33300	32.810692219168594	24
33400	32.96705140723891	22
33500	33.23184467065326	25
33600	33.48082501741295	26
33700	33.44329167509211	22
33800	33.419244908812225	27
33900	33.35335580126407	29
34000	33.250331497060195	30
34100	33.16092862130306	26
34200	33.83435868101605	29
34300	33.16554702811227	28
34400	33.744898573675236	36
34500	33.347813394692956	24
34600	33.077965562486014	29
34700	33.43349868879962	35
34800	33.75853898214771	36
34900	33.12977337730112	34
35000	33.54403626254679	36
35100	33.571483743928745	35
35200	33.773284311296074	36
35300	33.3535736786463	27
35400	33.86764335477878	32
35500	34.50822922381063	38
35600	33.554484362995815	36
35700	34.225415499473314	41
35800	34.21023563117732	48
35900	34.40332526222908	41
36000	34.21906383764155	40
36100	34.17631229413958	36
36200	33.902698324273516	36
36300	33.599728568225785	36
36400	34.10349141613246	41
36500	34.42792496568406	39
36600	33.844627793330986	39
36700	33.85389475132219	44
36800	34.67567549572166	47
36900	34.10197161471499	43
37000	34.199149385758844	46
37100	34.56346562436572	42
37200	34.1632717272295	41
37300	34.33499248493327	47
37400	34.99005651889021	52
37500	34.35244940636616	41
37600	34.44738205918578	47
37700	34.165779616274904	43
37800	34.18331431556829	42
37900	35.14078162127922	53
38000	34.29758281523705	45
38100	34.518673852731744	47
38200	34.28603373851736	46
38300	34.114540229783124	43
38400	34.315295582679354	47
38500	34.19820527746904	41
38600	34.340036776623315	38
38700	34.261630761733485	47
38800	34.2248029541295	49
38900	34.19028768014829	45
39000	34.22911778115506	49
39100	34.32305844247168	46
39200	33.79378658335064	45
39300	34.28971556417883	47
39400	34.63450863657379	53
39500	34.84411624105114	54
39600	34.29225986503517	44
39700	33.925592216199455	43
39800	33.97147341482075	43
39900	34.13866392822073	48
40000	34.39701841986087	48
40100	33.97697478461594	44
40200	33.917819012066516	43
40300	34.3630514821061	47
40400	34.429536696769304	48
40500	34.23010949731473	48
40600	34.75076111586141	53
40700	34.169283048478384	45
40800	33.99694534376084	52
40900	34.492531443092545	54
41000	33.70619153495454	47
41100	33.555804332471	42
41200	34.03514358499641	45
41300	33.95991029390291	50
41400	34.082730150757094	47
41500	33.97248450993116	50
41600	34.01500402769563	51
41700	34.09967821596189	49
41800	33.904484393274906	45
41900	34.72174047022075	52
42000	34.02634329968934	49
42100	34.13471198265082	48
42200	34.05060562037617	51
42300	34.19748667863213	52
42400	34.094296943789224	45
42500	33.8596553070814	49
42600	34.2881774051261	49
42700	33.91597297996731	49
42800	33.677059287158045	49
42900	34.35836392259525	52
43000	34.4679712165058	55
43100	34.06747930424218	54
43200	34.008554608150874	50
43300	33.97738154370872	50
43400	33.66110146497447	47
43500	34.127270039825255	51
43600	33.99225350260632	50
43700	33.87486955259812	48
43800	34.72138371843217	54
43900	33.9314965131823	50
44000	34.170345291648744	50
44100	34.08273715721796	49
44200	33.978912704893794	53
44300	34.17052457541603	52
44400	34.17500926551722	48
44500	33.69109694230528	48
44600	34.3406906797786	50
44700	33.468908511856476	46
44800	33.88422602700696	49
44900	33.88033144054702	49
45000	33.53583151775012	46
45100	33.51026596922415	44
45200	33.76785101193518	44
45300	34.14978609080267	51
45400	33.971919585644514	47
45500	34.21029128920498	43
45600	34.112456255069326	46
45700	33.92346125129232	50
45800	33.7866975974514	44
45900	33.66766103607854	47
46000	34.61334523208224	53
46100	33.75874226912746	45
46200	33.71885053106556	46
46300	33.88981861064472	47
46400	33.64638281105756	44
46500	34.03943456742683	50
46600	33.83803630512962	44
46700	33.782342533176404	50
46800	34.31166352722336	49
46900	34.22763711188736	47
47000	34.12575752412034	46
47100	33.69225443162039	52
47200	33.5933534690005	45
47300	33.73013210082598	50
47400	33.38023239006493	45
47500	33.2852678434435	50
47600	33.49227252840889	46
47700	34.06755727530059	54
47800	33.73358974428791	47
47900	33.91828385443718	49
48000	33.301382193231895	42
48100	34.0505854504224	48
48200	33.544644569573975	44
48300	33.26596867883289	41
48400	33.729619230108284	47
48500	33.727109980363174	46
48600	33.405281307882774	41
48700	33.371327588191896	45
48800	33.269522282367156	43
48900	33.93514765477308	50
49000	33.858816764757506	47
49100	33.422959473403104	45
49200	33.44606870675769	44
49300	33.874321079211676	44
49400	33.604336892479004	48
49500	33.72006505320154	46
49600	33.771421047627435	44
49700	33.72867979680037	48
49800	33.93061562066878	48
49900	33.445996907246375	47
50000	34.00894652130147	50
50100	33.963606573544325	42
50200	34.07688145193412	46
50300	33.56468258637139	43
50400	33.69276779375082	52
50500	33.63098026031452	42
50600	33.28327158236533	43
50700	33.701695563106156	40
50800	33.616713203633005	44
50900	34.34376191176767	49
51000	33.8107405535829	48
51100	33.74425480179151	49
51200	33.57844709917564	49
51300	33.72794762254232	44
51400	33.73173434060226	49
51500	33.58142171589296	52
51600	34.24867770245155	45
51700	33.717986005155936	49
51800	33.76088790009133	45
51900	33.38946946670178	44
52000	33.66163723940885	47
52100	32.935802763717625	39
52200	33.375790496198285	44
52300	33.345642541400906	45
52400	33.58988386211052	49
52500	33.0209703185925	37
52600	33.35347968811127	44
52700	33.36287825871775	44
52800	33.843589090711944	49
52900	33.45855105763772	49
53000	33.01939120335449	44
53100	33.397555945529604	47
53200	33.245119763568105	39
53300	33.6230170371481	46
53400	33.51020670400519	44
53500	33.102555505345386	41
53600	33.214515321079695	47
53700	32.78853266634876	47
53800	32.75043197354258	42
53900	33.199358429544404	43
54000	32.794534158957546	37
54100	32.829670063228996	40
54200	32.68666575030589	44
54300	32.98811679059897	46
54400	32.98101168112736	40
54500	32.60046327863114	44
54600	32.574577340184874	41
54700	32.6869609463033	38
54800	33.60144446272879	48
54900	32.76909317420135	43
55000	32.81968194685395	37
55100	33.19159092109838	41
55200	32.71181475155641	44
55300	32.48317483159697	38
55400	32.223391779368626	37
55500	32.326320586215196	39
55600	32.746224227461525	34
55700	32.37040057473905	37
55800	32.888078518336535	42
55900	32.45564046228947	42
56000	32.73544434750075	37
56100	32.98237333469704	47
56200	32.3618898679568	32
56300	32.240839617478954	38
56400	32.52078788927137	37
56500	32.65495105693702	43
56600	32.157243681823864	35
56700	32.16469063680512	37
56800	32.773621873830535	38
56900	32.28585366184652	41
57000	32.29140146778801	39
57100	32.336602233048055	40
57200	32.40983598692224	38
57300	31.96970838299956	36
57400	32.72982377815446	37
57500	32.26120411076152	37
57600	31.89915118039197	32
57700	32.36786815307314	43
57800	32.365311264410956	36
57900	32.26060856683149	41
58000	32.45398357766882	36
58100	32.205902835804224	39
58200	32.41785600619226	39
58300	32.048080977392544	35
58400	31.754939155939308	32
58500	32.19121263167578	36
58600	31.831618513802848	35
58700	32.1536658950812	35
58800	31.94852288637982	33
58900	31.62394466743551	29
59000	31.732029214476118	37
59100	32.45580841792716	46
59200	31.905820518956432	35
59300	31.863890130435845	34
59400	31.665532113999806	32
59500	32.434507995300905	32
59600	32.0231979520852	32
59700	32.013023154696626	33
59800	31.85733609217412	30
59900	32.37930148376168	41
60000	31.80195175053432	34
60100	32.10497962353813	34
60200	32.36877490650928	37
60300	31.875410463789148	34
60400	31.635495635813264	30
60500	32.53161268635119	40
60600	31.717016913476737	29
60700	32.38680100732957	36
60800	32.11088847122105	33
60900	31.47432212669322	30
61000	31.793264830481075	31
61100	31.895990270899556	36
61200	32.07588413525392	36
61300	32.4018363746478	40
61400	32.267797612195736	38
61500	31.766648957129476	34
61600	31.850691489907902	33
61700	32.271557301038655	34
61800	32.0764767974181	33
61900	31.80914063042705	32
62000	31.60994155170467	41
62100	32.0223304472552	35
62200	31.868744124856267	31
62300	32.43236746482619	36
62400	31.144575046997407	27
62500	32.317779183166564	36
62600	31.53285157960694	32
62700	31.78482199130886	36
62800	31.605870753886073	35
62900	31.9662560396314	33
63000	31.531717687376712	28
63100	31.69525957287938	36
63200	31.810282723369333	33
63300	31.88494803712253	33
63400	31.796228160932422	35
63500	31.49607611711273	35
63600	31.869500879749264	26
63700	31.814794042050416	32
63800	32.07351952474252	37
63900	31.703638471254667	32
64000	31.609397184480137	33
64100	31.593285989579485	31
64200	31.4348003959925	29
64300	31.42665159309481	26
64400	31.560890604755222	31
64500	31.28620618414327	29
64600	31.515731041805306	32
64700	31.311125866908995	29
64800	31.46905377824304	31
64900	31.45701355063409	27
65000	31.872196565273494	36
65100	31.36752351256022	32
65200	31.54702058790538	31
65300	31.25710901813033	22
65400	31.66855617113427	30
65500	31.189589276214	28
65600	31.342077263969845	28
65700	31.28067974634019	26
65800	31.31280690775834	29
65900	31.423138962336587	27
66000	30.759212248709055	21
66100	30.901976551403067	26
66200	31.03012151097941	23
66300	30.634375065498425	22
66400	31.504008612806096	32
66500	30.92513024952613	26
66600	30.919362046348542	29
66700	31.322012620370554	31
66800	31.22273879294296	26
66900	31.55462566911971	34
67000	31.238620800056314	30
67100	31.602303723792023	33
67200	31.2899515740607	30
67300	31.614162163277715	37
67400	31.3514428613883	33
67500	30.799588896082756	24
67600	31.288073491624484	30
67700	31.100670977786734	31
67800	31.857106866349174	41
67900	31.612849104024868	39
68000	31.642193293889033	31
68100	31.380105584435487	30
68200	31.832260775646954	30
68300	31.27766735621479	31
68400	31.446805630335458	36
68500	31.380822160702834	29
68600	32.02967562925329	37
68700	31.84888840220534	30
68800	31.459191129509733	33
68900	31.632455275919177	33
69000	31.776039763437364	36
69100	31.361191721696486	32
69200	31.559885108844625	36
69300	31.5837250883645	38
69400	31.615453054496363	32
69500	31.330858160732728	34
69600	31.875723442220707	35
69700	31.55312926388682	34
69800	31.34608706642204	38
69900	31.647149932445878	38
70000	32.30093594692896	40
70100	31.758393457030554	39
70200	31.973957946049087	41
70300	31.801797831681892	36
70400	31.35643519987753	35
70500	31.491256323186015	38
70600	31.624266169611104	33
70700	31.803019136258065	36
70800	31.882927208806684	39
70900	31.948561461829655	37
71000	32.261498140984614	41
71100	32.09773477414586	41
71200	31.96504907304927	33
71300	31.702862709153028	38
71400	32.00725025062441	37
71500	31.764965331702868	34
71600	32.09027671614433	45
71700	31.82713988441146	35
71800	31.642726464750588	38
71900	31.928291871265497	37
72000	32.41209307545077	44
72100	32.182759295453266	36
72200	32.00702659345129	39
72300	31.917606279528545	42
72400	32.48133960149614	43
72500	32.21522900644617	43
72600	31.632610053032277	34
72700	31.894211042755458	36
72800	32.211882516349156	43
72900	32.198006046786745	39
73000	32.08311906841625	46
73100	31.865126102778465	38
73200	32.33166316730059	40
73300	32.14590946881676	39
73400	31.839822631642242	40
73500	32.41121121847514	45
73600	32.11638298008069	39
73700	32.863808369199376	44
73800	32.13598132533719	40
73900	32.410763279958594	47
74000	32.28738501310458	43
74100	32.241961688543284	40
74200	32.067312646084346	36
74300	32.59367590593727	43
74400	32.12404646673373	45
74500	32.08869678316485	43
74600	32.28879876505169	45
74700	32.479417729011324	48
74800	32.4120317532779	42
74900	32.371963436880336	48
75000	32.551691677806744	43
75100	32.76287164228932	55
75200	32.46350279359567	46
75300	32.275609476825835	41
75400	32.69615396799681	48
75500	32.35249622995759	39
75600	32.81188896321358	47
75700	31.925725092353485	43
75800	32.56797219266233	47
75900	32.5742758811426	46
76000	32.2090077979444	47
76100	32.04211344406367	38
76200	32.62705600197154	51
76300	32.59359566811038	47
76400	32.65911945401041	45
76500	32.41806447516922	47
76600	32.6773758570943	43
76700	32.5513685158836	40
76800	32.44621174603456	44
76900	32.37625861581733	46
77000	32.086356749743096	41
77100	32.84491484773591	46
77200	32.486196558860186	47
77300	32.43939600414019	43
77400	32.09392640818263	52
77500	32.03494562598884	45
77600	32.54264828625245	47
77700	32.584615861522266	49
77800	32.17448852759011	45
77900	32.228473927616655	39
78000	32.37924116828696	43
78100	32.21991571570356	48
78200	32.263571250148914	46
78300	31.584573674249114	45
78400	32.48512026324323	45
78500	33.03523716969576	49
78600	32.3178215616722	41
78700	32.68557368460461	47
78800	32.38808683851613	52
78900	32.98558303190641	58
79000	32.878828161584366	51
79100	32.74955611529725	54
79200	32.367662089741955	48
79300	32.96569819123133	51
79400	32.88176285247002	46
79500	33.06729612585769	50
79600	32.62726781013442	45
79700	32.95611390118778	49
79800	33.03965741880052	49
79900	32.95321638530224	48
80000	33.08647948105796	52
80100	33.18743543893082	52
80200	32.9196661340898	51
80300	33.37255916336289	60
80400	33.037194112483135	50
80500	33.126022736289535	48
80600	33.31347197672032	50
80700	33.36801276911149	52
80800	32.821913966792884	46
80900	32.95114705225779	55
81000	32.876171193413064	59
81100	33.15189274816273	50
81200	32.73638106846756	44
81300	33.156799129124735	58
81400	32.991230434479775	53
81500	33.00713902699771	60
81600	33.12748419943716	58
81700	33.446278055675684	56
81800	33.225540736823014	51
81900	33.3587363096372	57
82000	32.971858451313096	53
82100	33.14519226823475	57
82200	33.152185513044266	60
82300	33.005656251897115	54
82400	32.74552502241464	49
82500	33.410457383880534	54
82600	33.09537913833027	49
82700	33.148290078068555	55
82800	33.2695713529225	60
82900	32.854690273212576	57
83000	33.36015163349789	65
83100	33.24727628765916	56
83200	33.175496259274816	62
83300	33.164600706928255	59
83400	33.33072158632792	58
83500	33.03871269367249	62
83600	33.35379773301759	65
83700	32.79243018784106	56
83800	33.14087321887867	56
83900	33.73858930778739	72
84000	33.161285378533414	63
84100	33.48922309701371	65
84200	33.234509688298786	68
84300	33.24633789796376	68
84400	33.25218076585936	69
84500	33.68002787007338	68
84600	33.13239142629217	60
84700	33.165774676595085	72
84800	33.360519697717585	70
84900	33.12203957137768	64
85000	32.97827353524334	63
85100	33.13275402763488	66
85200	33.270467445301406	73
85300	33.292786599879115	66
85400	33.263318418774716	64
85500	33.264595563233094	78
85600	33.031058649301805	66
85700	32.65438395400164	67
85800	33.40046554556972	78
85900	33.22739537371205	68
86000	33.049271736647526	70
86100	33.32184370093731	71
86200	33.14619037390914	69
86300	33.14784057754975	74
86400	33.28344531555772	67
86500	33.3271248648979	67
86600	33.39011105557559	68
86700	33.00491030986596	64
86800	33.045702579223715	72
86900	32.9444550981932	60
87000	33.4749346915626	75
87100	33.04459850982408	68
87200	32.69569362866086	67
87300	32.89028208614255	70
87400	32.91003212398602	67
87500	32.9037718402806	72
87600	32.79371833467331	68
87700	32.6157932480671	68
87800	32.61103706311182	66
87900	33.36644792973896	71
88000	33.31282389060886	71
88100	33.43600037910303	82
88200	33.30464416710579	72
88300	32.933135337216825	69
88400	33.20472468282261	72
88500	33.01328523652154	66
88600	33.266950939256056	72
88700	33.37247156615265	69
88800	33.30413948410671	71
88900	33.2109807938181	76
89000	32.62148293500635	70
89100	33.27846902573878	80
89200	33.18904594032343	71
89300	33.260864243693035	76
89400	33.05482670422939	70
89500	33.099345314686914	73
89600	32.984252183031664	75
89700	33.01509095316986	69
89800	33.25395275044096	79
89900	33.27244223839871	75
90000	33.2110664711255	74
90100	33.177732876816144	73
90200	33.14054746156355	71
90300	33.64005051444867	79
90400	33.41759168779432	69
90500	33.27876585409875	71
90600	33.21323653082629	80
90700	33.667979169765445	77
90800	33.644303388188966	77
90900	33.81490335385139	80
91000	33.638259620261046	81
91100	33.968294821014915	79
91200	33.35716576607871	74
91300	33.67779805684675	81
91400	33.410773055473754	74
91500	33.395651048064686	79
91600	33.786953939135934	89
91700	33.22121679174317	81
91800	33.55821122218923	80
91900	33.82080940746986	81
92000	33.66107663152947	74
92100	33.84547197504084	85
92200	33.43263140134058	78
92300	33.31741656600492	77
92400	33.629504742623915	82
92500	33.36927041980185	83
92600	33.60409443973545	81
92700	32.907659557947376	72
92800	33.44956284399348	80
92900	33.29472439323626	76
93000	33.40457640565865	76
93100	33.60422392172218	81
93200	33.89153167321776	92
93300	33.75617140531872	89
93400	33.69135862881088	90
93500	33.791910642769814	86
93600	33.57084407477751	82
93700	33.56009921634365	95
93800	33.72526208549215	95
93900	33.76696329705749	85
94000	33.46252183338919	85
94100	33.83821404402325	91
94200	33.50698466659872	93
94300	33.638072919962006	90
94400	33.625669178432545	90
94500	33.75346657317659	97
94600	33.578508349975024	87
94700	33.7215157952461	93
94800	33.65757583395392	97
94900	33.80117227144055	89
95000	33.88690582772096	96
95100	33.567081506561664	98
95200	33.819195863679504	93
95300	33.14159234205566	84
95400	33.21688672889089	92
95500	33.34465948921953	90
95600	33.55715518757855	88
95700	33.67204992626184	92
95800	33.49893787640254	89
95900	33.40099109924702	84
96000	33.46274004816722	91
96100	33.03761841412744	89
96200	33.26844900551449	86
96300	33.40003499317233	85
96400	33.36199015432996	88
96500	33.1905259857999	81
96600	33.08137128994612	82
96700	33.07744359666859	85
96800	33.01902377598938	90
96900	33.139670830598035	87
97000	33.052043514509094	84
97100	33.451450488381354	93
97200	33.12773356750537	87
97300	32.947779339922874	88
97400	33.26375418417045	84
97500	32.72444369998235	81
97600	33.48938542496875	87
97700	32.99170634779606	82
97800	33.45200252928943	83
97900	32.876263281755726	80
98000	32.721021748774106	80
98100	32.839366763015434	84
98200	33.09208658721966	82
98300	33.19765477114895	90
98400	33.07748751226064	82
98500	33.20168053899876	87
98600	33.52762483582384	85
98700	33.40357672487943	83
98800	33.370762203498884	89
98900	33.19530427385456	85
99000	33.33918897172404	87
99100	33.1723845060138	81
99200	33.05193076850478	82
99300	32.68186163968097	76
99400	32.93973678956376	83
99500	33.157665315942644	84
99600	33.33986860673893	89
99700	33.486507707278236	89
99800	32.9745790009079	85
99900	33.04168259334355	87
100000	32.9519808877693	89
100100	33.29682465047182	83
100200	33.2485656520746	89
100300	33.09840712455522	89
100400	33.013688137712116	83
100500	33.07111948708341	88
100600	32.85104265063281	80
100700	32.77107604790456	85
100800	32.884135633456914	88
100900	32.90761982937039	85
101000	32.85840921228246	81
101100	33.01362984521657	89
101200	32.80696260010976	84
101300	32.8144225170078	83
101400	32.813498716767604	88
101500	32.999848597450956	88
101600	32.54200278572663	80
101700	32.96200369317081	88
101800	33.00218234318253	88
101900	33.19154268641393	87
102000	33.14105169758241	87
102100	32.91507917662464	80
102200	33.18244136718625	86
102300	33.056285843095466	82
102400	33.069090189325784	89
102500	33.20609095685803	89
102600	32.98292344608313	86
102700	33.107924749224715	89
102800	33.313251586912436	89
102900	33.025687319209744	90
103000	32.884874142065414	84
103100	33.03446003315482	91
103200	32.895997133909425	85
103300	33.31152080852597	87
103400	32.70791416873043	86
103500	32.6230563334544	83
103600	32.69180234756976	84
103700	32.72631661392334	92
103800	33.14247740206861	88
103900	32.82972899506991	76
104000	33.10955467231829	83
104100	33.04160357271847	88
104200	33.26264752792778	93
104300	32.77762121287735	86
104400	32.81358604441968	86
104500	32.8226981924632	86
104600	33.044299291329104	81
104700	33.004362473748614	81
104800	32.6821243722691	85
104900	32.57141885705841	82
105000	32.843852256012276	81
105100	32.69642512882092	81
105200	32.89880611875319	86
105300	32.58290618976612	84
105400	32.30771414930416	80
105500	32.84293381408138	87
105600	32.79915522757166	89
105700	33.00495797450176	90
105800	32.96549789987642	85
105900	32.83713292151795	89
106000	32.90323018678049	79
106100	32.630669173257075	86
106200	32.66633362953905	81
106300	32.6351312529095	82
106400	32.90501515591003	86
106500	32.752931369525776	88
106600	32.77016115428134	83
106700	32.89541935714898	91
106800	32.7193643819284	88
106900	33.17681584403517	94
107000	32.66621550287736	84
107100	32.96919306437072	88
107200	32.62018921759806	86
107300	32.773514510498394	82
107400	32.705318242860926	88
107500	32.90769466169379	87
107600	33.163234494280324	92
107700	33.03009064467538	87
107800	32.89150827656419	85
107900	32.95620822476567	92
108000	32.73819229033251	80
108100	33.18509350290393	87
108200	32.78788744142942	87
108300	33.260601270783596	93
108400	33.17465781542293	84
108500	32.9961632741761	88
108600	33.01522590062744	88
108700	32.99574737268764	90
108800	33.15423078638072	95
108900	32.9512006471163	95
109000	32.89847400538085	93
109100	33.42314134713775	93
109200	32.99416227421267	94
109300	33.11620950742832	94
109400	33.45732399822572	94
109500	33.432422235270195	103
109600	33.161924758191674	85
109700	33.136690292227044	90
109800	33.373575127328536	98
109900	33.44323083158337	95
110000	32.99668972279719	93
110100	33.08948485796592	90
110200	32.88536999140615	93
110300	32.5821288933241	85
110400	32.926657930631535	90
110500	33.092870479556154	94
110600	33.16857750507743	87
110700	32.94757233126674	88
110800	32.75283064258091	86
110900	33.20150966712931	97
111000	33.13214704226127	87
111100	32.74719195780374	90
111200	32.908691907965014	88
111300	32.92196824903412	87
111400	33.18957565406806	89
111500	32.89313051483317	94
111600	32.794307693380105	84
111700	32.95230189796513	89
111800	33.16253480197587	95
111900	33.00458848069529	96
112000	32.75979690603567	92
112100	32.93547996396828	91
112200	33.1764069634676	88
112300	33.13175748762168	97
112400	32.6191414957356	82
112500	32.82340019051295	87
112600	32.99115016140828	93
112700	32.64515766037044	85
112800	32.83058658492012	90
112900	32.72265990196327	93
113000	32.550854959619805	91
113100	32.38910264196913	96
113200	32.43502276769204	79
113300	32.182721889793925	92
113400	32.35546570087674	90
113500	32.38725413380482	90
113600	32.73472584559505	91
113700	32.742616699107785	100
113800	32.70950093235287	94
113900	32.703229669355274	88
114000	32.71695332759233	92
114100	32.69064131297499	92
114200	32.783502805766595	97
114300	32.35938189985638	88
114400	32.56653997680836	94
114500	32.57995583849098	89
114600	32.77918567160717	92
114700	32.744797467080716	96
114800	32.80164889517332	92
114900	32.46490796277377	85
115000	32.426149140723645	97
115100	32.76926501564307	96
115200	32.91670500530039	98
115300	32.85255269301811	98
115400	32.65664573678761	96
115500	32.77083074674756	94
115600	32.799608533905335	103
115700	32.542805236291734	97
115800	32.486732727228905	98
115900	32.81744882430555	94
116000	32.75743528333681	97
116100	32.530936874328525	96
116200	32.656454823837386	102
116300	32.857704953789025	102
116400	32.880385916673085	96
116500	32.52853080383617	96
116600	32.61599081880719	95
116700	33.02623195436181	99
116800	32.554926846925554	99
116900	32.80205755414838	97
117000	33.00878943952315	101
117100	32.75215740423843	98
117200	32.543144955624655	96
117300	32.777963239234246	100
117400	32.65993749531508	97
117500	32.99577575127056	105
117600	32.82589432701004	99
117700	32.93184244004352	102
117800	32.71347542765101	96
117900	33.19611217814251	111
118000	32.73588625375148	98
118100	33.14436356630258	107
118200	33.097705796632134	104
118300	32.85205361057759	98
118400	32.84384629457789	102
118500	32.91374983925284	97
118600	32.74083311501363	95
118700	32.79859141672026	102
118800	32.65607315456328	98
118900	32.77834480168234	99
119000	32.832789083144476	99
119100	32.71380285748367	99
119200	32.630239067632594	103
119300	32.35938283452018	93
119400	32.86416533976704	105
119500	33.145537728220354	100
119600	32.72293657251562	90
119700	32.70759318987118	108
119800	32.59219317983717	96
119900	32.6342678227205	93
120000	32.62954224356011	101
120100	32.86510043617526	102
120200	32.70920311825807	93
120300	32.48466351848393	97
120400	32.81966185397945	105
120500	32.90855008601646	94
120600	32.24614077971601	88
120700	32.310620349970094	94
120800	32.82746902501395	96
120900	32.72605366605422	101
121000	32.61789840927214	102
121100	32.78382498730721	97
121200	32.92016737174568	100
121300	32.811573776396855	102
121400	32.81535739790808	96
121500	32.507021607211115	95
121600	33.07792871241188	101
121700	32.757364494126215	103
121800	33.03021844913157	108
121900	32.972913088524386	103
122000	33.014271250448	105
122100	32.8914078029919	102
122200	32.74986698724782	104
122300	32.77845124856039	102
122400	32.77923418586046	103
122500	32.75062610997509	108
122600	33.069262675455676	115
122700	32.890969220587664	109
122800	32.819473201009465	109
122900	32.92797106158585	107
123000	32.88397649229092	102
123100	33.01901956401065	112
123200	32.92679511050045	100
123300	33.08016168667712	116
123400	33.18597924820871	109
123500	33.16148914704319	107
123600	32.918526306806676	103
123700	32.8564841667623	104
123800	32.81781635976448	105
123900	32.891780148388406	105
124000	32.77235423766701	103
124100	32.92284583276746	107
124200	32.869013112154725	107
124300	33.167096255300905	111
124400	33.05280291996861	111
124500	32.979187897210366	107
124600	33.11173729843802	111
124700	32.9581594389773	110
124800	32.94690988843019	117
124900	32.83393916186087	112
125000	32.982845597343	105
125100	33.15629338857144	124
125200	33.18685603751001	109
125300	33.16255081934656	114
125400	33.059805046242346	116
125500	32.964657574435364	115
125600	33.149751980242684	118
125700	32.90757585087214	114
125800	33.4388010738663	127
125900	33.40483180780991	122
126000	33.098770196328864	113
126100	33.33797051903804	118
126200	33.05098608528974	118
126300	33.220735640525334	119
126400	33.29576016567316	117
126500	33.453911938666536	122
126600	33.35825899828143	122
126700	33.482544545771326	119
126800	33.51621902429887	133
126900	33.6974518972372	125
127000	33.10488470283159	122
127100	33.125790138715416	114
127200	33.36480783595132	126
127300	33.20095173565255	124
127400	33.224688930870215	117
127500	33.36063574458881	124
127600	33.190663738894756	118
127700	33.29542990896862	121
127800	33.14927611693954	121
127900	33.10861018854797	116
128000	33.045972551287335	121
128100	33.26727519499862	122
128200	33.277269328516155	127
128300	32.95701790625027	123
128400	33.176927569353786	127
128500	33.29136257285483	126
128600	33.14123295250168	128
128700	33.393934626151655	128
128800	33.26607211230835	130
128900	33.06727791792426	125
129000	33.21168431887089	126
129100	33.10536472637339	123
129200	33.316260335677875	129
129300	33.159286333832945	128
129400	33.214908367422154	130
129500	33.89475826928539	141
129600	33.063177238254205	125
129700	33.267667889952236	128
129800	33.350621087640874	126
129900	33.13985676846452	120
130000	33.28485557273403	123
130100	33.22221434833902	123
130200	33.33493446837115	128
130300	33.508209670890416	133
130400	33.35647240835449	133
130500	33.655573082917236	142
130600	33.45345843727919	141
130700	33.23388233471578	133
130800	33.27069250046221	131
130900	32.987059168732934	128
131000	33.133591590722276	135
131100	33.11735124590587	136
131200	33.4339194356401	143
131300	33.50965187765508	145
131400	33.34789037695168	140
131500	33.08270926041933	129
131600	33.192041073403416	132
131700	33.00189529791395	130
131800	33.09870229368717	131
131900	33.22946251160433	135
132000	33.42361723692463	144
132100	33.15294876390299	141
132200	33.24360455282949	140
132300	33.0399438681895	136
132400	33.209279013105345	130
132500	33.237631248292566	138
132600	33.224111510063054	132
132700	33.17948412390048	139
132800	33.06095696822022	131
132900	33.177844799580825	139
133000	33.26482674508812	136
133100	32.91737833072842	132
133200	33.04967826456107	136
133300	33.176620830941694	139
133400	33.34094717612251	137
133500	33.10689820043554	134
133600	33.390574641522974	141
133700	33.1472205008753	134
133800	33.10135739813389	149
133900	33.296073701950164	134
134000	33.05386799201486	134
134100	33.2050217643317	136
134200	33.21847828606162	138
134300	33.53721223099554	144
134400	33.65534582418783	143
134500	33.37001771835173	139
134600	33.28267399027632	141
134700	33.75281881113128	149
134800	33.45066336067656	148
134900	33.570800623142304	147
135000	33.417140250746776	149
135100	33.58878284620119	146
135200	33.404455833844395	140
135300	33.43372418390932	143
135400	33.4806978574958	142
135500	33.5376915573399	146
135600	33.195580656709346	140
135700	33.60482825122712	148
135800	33.388129549051556	140
135900	33.56354250595832	141
136000	33.76619989897256	150
136100	33.69342829577955	149
136200	33.357760028432416	144
136300	33.67292913903514	159
136400	33.801780062877164	155
136500	33.718176455878215	147
136600	33.56703864408777	152
136700	33.607052446631364	151
136800	33.84607850087042	154
136900	33.56487609513058	149
137000	33.84207464271514	156
137100	33.77072645316064	150
137200	33.785903038319	157
137300	33.38626408758596	150
137400	33.5897051686722	151
137500	33.54465661046248	159
137600	33.56565446804011	152
137700	33.623185718142906	156
137800	33.382239778486266	156
137900	33.91329379657933	157
138000	33.61859711334344	151
138100	33.49395031910345	149
138200	33.6630713091808	148
138300	33.87905478532725	154
138400	33.88929936190096	156
138500	33.72558718878942	157
138600	33.692557379979355	156
138700	33.71098300114477	158
138800	33.86551056975166	161
138900	33.471117558104524	150
139000	33.516825916902675	155
139100	33.730904661316	163
139200	33.4928973126311	152
139300	33.69661738527809	151
139400	33.67191209961876	165
139500	33.65410325587574	161
139600	33.415998120256035	162
139700	33.733320746911794	170
139800	33.405263452182105	156
139900	33.68831526757155	157
140000	33.61028771119909	161
140100	33.250024375210785	152
140200	33.753999414234045	162
140300	33.28578250650498	162
140400	33.39234720180193	152
140500	33.58049882666623	158
140600	33.679436126873135	166
140700	33.493856294704344	155
140800	33.68027534616703	152
140900	33.45162296248321	150
141000	33.45062966290142	155
141100	33.57984967873208	153
141200	33.413655211007594	154
141300	33.45216741547685	159
141400	33.598633312657036	161
141500	33.351989334453556	155
141600	33.43873381438982	165
141700	33.30289877453668	161
141800	33.29129962424336	156
141900	33.78461631355124	171
142000	33.304101040957704	164
142100	33.58686262953539	162
142200	33.75577159330094	172
142300	33.38971870635821	151
142400	33.366581853325165	150
142500	33.51733195857266	164
142600	33.78265565952476	163
142700	33.60995980133539	168
142800	33.439712181445906	157
142900	33.40502918762493	166
143000	32.95756720344792	156
143100	33.07579216045019	157
143200	33.28966946873393	156
143300	33.32026270476724	156
143400	33.31685930697937	162
143500	33.433108049338145	165
143600	33.401929318894325	167
143700	33.23593309329802	153
143800	33.10185611597189	157
143900	33.29989156963681	158
144000	33.14261266734415	157
144100	33.67842126079098	170
144200	33.571797250366274	169
144300	33.41123362768283	168
144400	33.26902953538604	167
144500	33.38465464392499	162
144600	33.11171549135207	157
144700	33.378472354889766	161
144800	33.08761344742717	153
144900	33.03120162726296	153
145000	33.084664595300865	154
145100	33.296372324523816	161
145200	33.1919432468462	158
145300	33.39062906424631	162
145400	33.00216920425533	156
145500	33.376843903622266	163
145600	33.29385673422681	163
145700	33.22339530101951	167
145800	33.093627693286784	165
145900	33.178837359465504	169
146000	33.469084068012904	169
146100	33.4255893344115	159
146200	33.37005274991996	165
146300	33.074243509744704	160
146400	33.075209025155885	157
146500	33.22008782852731	162
146600	33.20003528270609	163
146700	33.176987588686714	157
146800	33.19932414665243	166
146900	33.360761495627465	166
147000	33.429581066153645	181
147100	33.179950550000974	160
147200	33.0728887951575	159
147300	33.38954923093554	171
147400	33.173653126540046	167
147500	33.40317314602802	166
147600	33.293606762164906	164
147700	33.41826459026454	170
147800	33.27856085805004	165
147900	33.422746545492416	166
148000	33.267854335961225	167
148100	33.110077113586236	163
148200	33.434120880464974	167
148300	33.394683355427716	160
148400	33.26688873545994	163
148500	33.55830630816153	173
148600	33.51678282156585	175
148700	33.04264929199925	165
148800	33.166229703231494	173
148900	33.30480953520761	172
149000	33.302933496411754	173
149100	33.237290269684664	164
149200	33.358589468306846	159
149300	33.329825301475786	165
149400	33.26616687842057	171
149500	33.08317042009748	161
149600	33.249214283155744	173
149700	33.37705554964748	180
149800	33.31419561975659	163
149900	33.4059129407268	168
150000	33.500151096865075	172
150100	33.4839933279757	173
150200	33.49473807340952	174
150300	33.32425346492381	169
150400	33.77159417950231	188
150500	33.368166973642126	167
150600	33.45855030499934	170
150700	33.46137442284398	173
150800	33.26413417815301	168
150900	33.49247436809527	172
151000	33.4843709004615	182
151100	33.41196743263175	167
151200	33.270381170621846	163
151300	33.49318059231655	173
151400	33.497320824977756	173
151500	33.32701644507069	174
151600	33.47893109600389	182
151700	33.47729621065625	180
151800	33.41392530801965	176
151900	33.32922104700386	178
152000	33.54057189938972	183
152100	33.193579097762196	177
152200	33.28487065757992	174
152300	33.37068038990155	176
152400	33.19497713228676	176
152500	33.41542332362101	178
152600	33.34367964149677	176
152700	33.366007881344665	185
152800	33.19425308602548	182
152900	33.5232793254379	180
153000	33.59907185006121	195
153100	33.509886382108476	176
153200	33.728835420315754	183
153300	33.29726604480387	178
153400	33.346419790498466	186
153500	33.37236630733144	182
153600	33.488001458156525	186
153700	33.46050784712434	191
153800	33.364854138729974	184
153900	33.30920322472574	178
154000	33.342809949209624	187
154100	33.397620929634435	184
154200	33.293649091349934	194
154300	33.364978036522515	188
154400	33.47934302239126	186
154500	33.46054716201382	183
154600	33.48631622553928	194
154700	33.3158659255831	187
154800	33.400291920399454	175
154900	33.46161846256185	191
155000	33.68807039412169	193
155100	33.43918057123933	186
155200	33.74281527338937	200
155300	33.68690577469551	199
155400	33.743351209507445	196
155500	33.51098124305461	186
155600	33.70366960341899	195
155700	33.289121553099655	184
155800	33.53612533453479	197
155900	33.59860207499252	193
156000	33.59244762196878	191
156100	33.57230206338222	195
156200	33.53176386572541	185
156300	33.66606333910913	199
156400	33.55326401264648	200
156500	33.68201925316727	208
156600	33.47211191520048	192
156700	33.65724246480501	195
156800	33.64135063761278	195
156900	33.78551610893805	189
157000	33.907360698998446	210
157100	33.62755027338577	194
157200	33.43208389538423	200
157300	33.44521234198656	191
157400	33.74085783940779	195
157500	33.61949205731966	194
157600	33.54912803699609	192
157700	33.77821646969682	206
157800	34.02568039501699	209
157900	33.81719122022717	201
158000	33.556189517497074	205
158100	33.59707883643866	199
158200	33.67906819321694	207
158300	33.67945230391372	201
158400	33.69286786547279	199
158500	33.73791903543155	205
158600	33.79825154139664	215
158700	33.68136097721552	213
158800	33.80806924530584	202
158900	33.836272322778036	200
159000	33.66217905741926	203
159100	33.93421133296267	209
159200	33.92598134028981	206
159300	33.806575189073676	211
159400	33.72739713591237	199
159500	33.715967874119556	216
159600	33.77594446867991	209
159700	33.95037598746884	212
159800	33.83143088323859	217
159900	33.93637201802466	211
160000	33.819481821798824	212
160100	33.741691335831895	202
160200	33.885814351082665	213
160300	33.82577365547	211
160400	34.08791071304985	214
160500	33.96111362938166	219
160600	33.7036006425282	210
160700	33.759178088669785	213
160800	33.90367182168993	215
160900	34.041213445668625	216
161000	33.84176820474101	216
161100	33.80499298022448	219
161200	33.9838262358502	211
161300	33.819531925997595	213
161400	33.71109162526362	217
161500	33.68909879466466	217
161600	33.96373571074407	226
161700	33.92402463417889	224
161800	33.88253183150591	219
