#MCS	ActivatedTCell_Wall_contact_area	Total_cell_Wall_contact_area
0	5.0	5.0
100	60.0	60.0
200	68.0	68.0
300	93.0	93.0
400	112.0	112.0
500	114.0	114.0
600	131.0	131.0
700	147.0	147.0
800	178.0	178.0
900	182.0	182.0
1000	181.0	181.0
1100	180.0	180.0
1200	181.0	181.0
1300	185.0	185.0
1400	195.0	195.0
1500	191.0	191.0
1600	203.0	203.0
1700	184.0	184.0
1800	202.0	202.0
1900	204.0	204.0
2000	212.0	212.0
2100	216.0	216.0
2200	233.0	233.0
2300	226.0	226.0
2400	228.0	228.0
2500	237.0	237.0
2600	246.0	246.0
2700	240.0	240.0
2800	232.0	232.0
2900	259.0	259.0
3000	250.0	250.0
3100	244.0	244.0
3200	245.0	245.0
3300	254.0	254.0
3400	263.0	263.0
3500	275.0	275.0
3600	267.0	267.0
3700	292.0	292.0
3800	296.0	296.0
3900	293.0	293.0
4000	314.0	314.0
4100	298.0	298.0
4200	305.0	305.0
4300	306.0	306.0
4400	319.0	319.0
4500	334.0	334.0
4600	315.0	315.0
4700	336.0	336.0
4800	339.0	339.0
4900	324.0	324.0
5000	337.0	337.0
5100	336.0	336.0
5200	347.0	347.0
5300	339.0	339.0
5400	338.0	338.0
5500	350.0	350.0
5600	366.0	366.0
5700	353.0	353.0
5800	350.0	350.0
5900	362.0	362.0
6000	363.0	363.0
6100	356.0	356.0
6200	353.0	353.0
6300	373.0	373.0
6400	370.0	370.0
6500	357.0	357.0
6600	363.0	363.0
6700	351.0	351.0
6800	356.0	356.0
6900	370.0	370.0
7000	383.0	383.0
7100	376.0	376.0
7200	384.0	384.0
7300	377.0	377.0
7400	379.0	379.0
7500	390.0	390.0
7600	390.0	390.0
7700	392.0	392.0
7800	413.0	413.0
7900	424.0	424.0
8000	395.0	395.0
8100	411.0	411.0
8200	393.0	393.0
8300	445.0	445.0
8400	450.0	450.0
8500	425.0	425.0
8600	445.0	445.0
8700	424.0	424.0
8800	443.0	443.0
8900	446.0	446.0
9000	436.0	436.0
9100	426.0	426.0
9200	429.0	429.0
9300	454.0	454.0
9400	453.0	453.0
9500	425.0	425.0
9600	426.0	426.0
9700	419.0	419.0
9800	430.0	430.0
9900	450.0	450.0
10000	430.0	430.0
10100	454.0	454.0
10200	443.0	443.0
10300	449.0	449.0
10400	440.0	440.0
10500	459.0	459.0
10600	440.0	440.0
10700	455.0	455.0
10800	460.0	460.0
10900	449.0	449.0
11000	476.0	476.0
11100	470.0	470.0
11200	474.0	474.0
11300	474.0	474.0
11400	483.0	483.0
11500	490.0	490.0
11600	486.0	486.0
11700	493.0	493.0
11800	497.0	497.0
11900	491.0	491.0
12000	483.0	483.0
12100	487.0	487.0
12200	502.0	502.0
12300	499.0	499.0
12400	508.0	508.0
12500	505.0	505.0
12600	515.0	515.0
12700	501.0	501.0
12800	520.0	520.0
12900	534.0	534.0
13000	521.0	521.0
13100	521.0	521.0
13200	518.0	518.0
13300	516.0	516.0
13400	518.0	518.0
13500	518.0	518.0
13600	540.0	540.0
13700	538.0	538.0
13800	516.0	516.0
13900	534.0	534.0
14000	529.0	529.0
14100	530.0	530.0
14200	526.0	526.0
14300	542.0	542.0
14400	550.0	550.0
14500	548.0	548.0
14600	565.0	565.0
14700	573.0	573.0
14800	546.0	546.0
14900	569.0	569.0
15000	563.0	563.0
15100	582.0	582.0
15200	585.0	585.0
15300	563.0	563.0
15400	588.0	588.0
15500	581.0	581.0
15600	581.0	581.0
15700	577.0	577.0
15800	581.0	581.0
15900	578.0	578.0
16000	568.0	568.0
16100	582.0	582.0
16200	590.0	590.0
16300	611.0	611.0
16400	592.0	592.0
16500	603.0	603.0
16600	622.0	622.0
16700	601.0	601.0
16800	591.0	591.0
16900	589.0	589.0
17000	618.0	618.0
17100	613.0	613.0
17200	607.0	607.0
17300	601.0	601.0
17400	605.0	605.0
17500	617.0	617.0
17600	614.0	614.0
17700	620.0	620.0
17800	617.0	617.0
17900	609.0	609.0
18000	611.0	611.0
18100	625.0	625.0
18200	638.0	638.0
18300	625.0	625.0
18400	641.0	641.0
18500	622.0	622.0
18600	635.0	635.0
18700	648.0	648.0
18800	631.0	631.0
18900	648.0	648.0
19000	655.0	655.0
19100	655.0	655.0
19200	659.0	659.0
19300	652.0	652.0
19400	655.0	655.0
19500	645.0	645.0
19600	654.0	654.0
19700	664.0	664.0
19800	656.0	656.0
19900	654.0	654.0
20000	659.0	659.0
20100	667.0	667.0
20200	649.0	649.0
20300	666.0	666.0
20400	668.0	668.0
20500	654.0	654.0
20600	670.0	670.0
20700	663.0	663.0
20800	676.0	676.0
20900	667.0	667.0
21000	675.0	675.0
21100	667.0	667.0
21200	669.0	669.0
21300	682.0	682.0
21400	675.0	675.0
21500	685.0	685.0
21600	679.0	679.0
21700	687.0	687.0
21800	685.0	685.0
21900	694.0	694.0
22000	694.0	694.0
22100	704.0	704.0
22200	695.0	695.0
22300	695.0	695.0
22400	697.0	697.0
22500	695.0	695.0
22600	711.0	711.0
22700	711.0	711.0
22800	699.0	699.0
22900	700.0	700.0
23000	714.0	714.0
23100	733.0	733.0
23200	709.0	709.0
23300	728.0	728.0
23400	727.0	727.0
23500	741.0	741.0
23600	733.0	733.0
23700	725.0	725.0
23800	732.0	732.0
23900	729.0	729.0
24000	754.0	754.0
24100	737.0	737.0
24200	760.0	760.0
24300	767.0	767.0
24400	750.0	750.0
24500	738.0	738.0
24600	773.0	773.0
24700	761.0	761.0
24800	768.0	768.0
24900	748.0	748.0
25000	776.0	776.0
25100	766.0	766.0
25200	783.0	783.0
25300	777.0	777.0
25400	788.0	788.0
25500	791.0	791.0
25600	792.0	792.0
25700	776.0	776.0
25800	772.0	772.0
25900	774.0	774.0
26000	788.0	788.0
26100	800.0	800.0
26200	814.0	814.0
26300	814.0	814.0
26400	807.0	807.0
26500	826.0	826.0
26600	835.0	835.0
26700	841.0	841.0
26800	833.0	833.0
26900	841.0	841.0
27000	836.0	836.0
27100	834.0	834.0
27200	829.0	829.0
27300	839.0	839.0
27400	835.0	835.0
27500	845.0	845.0
27600	852.0	852.0
27700	835.0	835.0
27800	835.0	835.0
27900	851.0	851.0
28000	850.0	850.0
28100	849.0	849.0
28200	864.0	864.0
28300	843.0	843.0
28400	853.0	853.0
28500	863.0	863.0
28600	852.0	852.0
28700	855.0	855.0
28800	880.0	880.0
28900	864.0	864.0
29000	856.0	856.0
29100	859.0	859.0
29200	857.0	857.0
29300	860.0	860.0
29400	872.0	872.0
29500	870.0	870.0
29600	895.0	895.0
29700	892.0	892.0
29800	899.0	899.0
29900	892.0	892.0
30000	893.0	893.0
30100	890.0	890.0
30200	903.0	903.0
30300	888.0	888.0
30400	900.0	900.0
30500	895.0	895.0
30600	904.0	904.0
30700	916.0	916.0
30800	916.0	916.0
30900	908.0	908.0
31000	916.0	916.0
31100	910.0	910.0
31200	908.0	908.0
31300	911.0	911.0
31400	916.0	916.0
31500	919.0	919.0
31600	915.0	915.0
31700	907.0	907.0
31800	925.0	925.0
31900	928.0	928.0
32000	928.0	928.0
32100	929.0	929.0
32200	935.0	935.0
32300	924.0	924.0
32400	920.0	920.0
32500	927.0	927.0
32600	938.0	938.0
32700	945.0	945.0
32800	945.0	945.0
32900	957.0	957.0
33000	972.0	972.0
33100	966.0	966.0
33200	969.0	969.0
33300	969.0	969.0
33400	970.0	970.0
33500	976.0	976.0
33600	971.0	971.0
33700	986.0	986.0
33800	993.0	993.0
33900	991.0	991.0
34000	1007.0	1007.0
34100	999.0	999.0
34200	1000.0	1000.0
34300	1008.0	1008.0
34400	1020.0	1020.0
34500	1005.0	1005.0
34600	1005.0	1005.0
34700	1020.0	1020.0
34800	1017.0	1017.0
34900	1016.0	1016.0
35000	1018.0	1018.0
35100	1005.0	1005.0
35200	1008.0	1008.0
35300	1000.0	1000.0
35400	1004.0	1004.0
35500	1019.0	1019.0
35600	1012.0	1012.0
35700	1003.0	1003.0
35800	1023.0	1023.0
35900	1011.0	1011.0
36000	1011.0	1011.0
36100	1022.0	1022.0
36200	1012.0	1012.0
36300	1015.0	1015.0
36400	1005.0	1005.0
36500	1019.0	1019.0
36600	1000.0	1000.0
36700	1015.0	1015.0
36800	1011.0	1011.0
36900	1034.0	1034.0
37000	1029.0	1029.0
37100	1036.0	1036.0
37200	1037.0	1037.0
37300	1035.0	1035.0
37400	1035.0	1035.0
37500	1041.0	1041.0
37600	1041.0	1041.0
37700	1034.0	1034.0
37800	1042.0	1042.0
37900	1042.0	1042.0
38000	1044.0	1044.0
38100	1049.0	1049.0
38200	1062.0	1062.0
38300	1048.0	1048.0
38400	1085.0	1085.0
38500	1077.0	1077.0
38600	1094.0	1094.0
38700	1084.0	1084.0
38800	1079.0	1079.0
38900	1076.0	1076.0
39000	1083.0	1083.0
39100	1082.0	1082.0
39200	1083.0	1083.0
39300	1096.0	1096.0
39400	1104.0	1104.0
39500	1114.0	1114.0
39600	1107.0	1107.0
39700	1103.0	1103.0
39800	1098.0	1098.0
39900	1086.0	1086.0
40000	1101.0	1101.0
40100	1124.0	1124.0
40200	1112.0	1112.0
40300	1118.0	1118.0
40400	1132.0	1132.0
40500	1150.0	1150.0
40600	1132.0	1132.0
40700	1153.0	1153.0
40800	1161.0	1161.0
40900	1154.0	1154.0
41000	1156.0	1156.0
41100	1160.0	1160.0
41200	1167.0	1167.0
41300	1147.0	1147.0
41400	1143.0	1143.0
41500	1158.0	1158.0
41600	1152.0	1152.0
41700	1155.0	1155.0
41800	1166.0	1166.0
41900	1164.0	1164.0
42000	1156.0	1156.0
42100	1157.0	1157.0
42200	1165.0	1165.0
42300	1179.0	1179.0
42400	1158.0	1158.0
42500	1164.0	1164.0
42600	1163.0	1163.0
42700	1157.0	1157.0
42800	1169.0	1169.0
42900	1194.0	1194.0
43000	1188.0	1188.0
43100	1179.0	1179.0
43200	1195.0	1195.0
43300	1180.0	1180.0
43400	1171.0	1171.0
43500	1178.0	1178.0
43600	1173.0	1173.0
43700	1185.0	1185.0
43800	1155.0	1155.0
43900	1179.0	1179.0
44000	1202.0	1202.0
44100	1213.0	1213.0
44200	1205.0	1205.0
44300	1209.0	1209.0
44400	1201.0	1201.0
44500	1197.0	1197.0
44600	1218.0	1218.0
44700	1207.0	1207.0
44800	1215.0	1215.0
44900	1211.0	1211.0
45000	1216.0	1216.0
45100	1231.0	1231.0
45200	1213.0	1213.0
45300	1238.0	1238.0
45400	1220.0	1220.0
45500	1225.0	1225.0
45600	1233.0	1233.0
45700	1239.0	1239.0
45800	1228.0	1228.0
45900	1224.0	1224.0
46000	1218.0	1218.0
46100	1247.0	1247.0
46200	1249.0	1249.0
46300	1269.0	1269.0
46400	1264.0	1264.0
46500	1254.0	1254.0
46600	1265.0	1265.0
46700	1250.0	1250.0
46800	1265.0	1265.0
46900	1278.0	1278.0
47000	1276.0	1276.0
47100	1274.0	1274.0
47200	1270.0	1270.0
47300	1284.0	1284.0
47400	1280.0	1280.0
47500	1284.0	1284.0
47600	1295.0	1295.0
47700	1280.0	1280.0
47800	1310.0	1310.0
47900	1300.0	1300.0
48000	1281.0	1281.0
48100	1281.0	1281.0
48200	1290.0	1290.0
48300	1278.0	1278.0
48400	1293.0	1293.0
48500	1287.0	1287.0
48600	1291.0	1291.0
48700	1304.0	1304.0
48800	1311.0	1311.0
48900	1293.0	1293.0
49000	1294.0	1294.0
49100	1282.0	1282.0
49200	1293.0	1293.0
49300	1282.0	1282.0
49400	1296.0	1296.0
49500	1277.0	1277.0
49600	1306.0	1306.0
49700	1298.0	1298.0
49800	1305.0	1305.0
49900	1318.0	1318.0
50000	1290.0	1290.0
50100	1302.0	1302.0
50200	1309.0	1309.0
50300	1311.0	1311.0
50400	1323.0	1323.0
50500	1301.0	1301.0
50600	1305.0	1305.0
50700	1308.0	1308.0
50800	1322.0	1322.0
50900	1307.0	1307.0
51000	1320.0	1320.0
51100	1349.0	1349.0
51200	1309.0	1309.0
51300	1315.0	1315.0
51400	1323.0	1323.0
51500	1332.0	1332.0
51600	1335.0	1335.0
51700	1330.0	1330.0
51800	1347.0	1347.0
51900	1325.0	1325.0
52000	1332.0	1332.0
52100	1333.0	1333.0
52200	1357.0	1357.0
52300	1356.0	1356.0
52400	1356.0	1356.0
52500	1353.0	1353.0
52600	1367.0	1367.0
52700	1352.0	1352.0
52800	1349.0	1349.0
52900	1352.0	1352.0
53000	1348.0	1348.0
53100	1348.0	1348.0
53200	1338.0	1338.0
53300	1342.0	1342.0
53400	1351.0	1351.0
53500	1340.0	1340.0
53600	1371.0	1371.0
53700	1384.0	1384.0
53800	1386.0	1386.0
53900	1397.0	1397.0
54000	1378.0	1378.0
54100	1407.0	1407.0
54200	1404.0	1404.0
54300	1412.0	1412.0
54400	1416.0	1416.0
54500	1404.0	1404.0
54600	1418.0	1418.0
54700	1418.0	1418.0
54800	1415.0	1415.0
54900	1409.0	1409.0
55000	1422.0	1422.0
55100	1417.0	1417.0
55200	1440.0	1440.0
55300	1431.0	1431.0
55400	1433.0	1433.0
55500	1428.0	1428.0
55600	1424.0	1424.0
55700	1435.0	1435.0
55800	1433.0	1433.0
55900	1418.0	1418.0
56000	1439.0	1439.0
56100	1439.0	1439.0
56200	1457.0	1457.0
56300	1437.0	1437.0
56400	1441.0	1441.0
56500	1458.0	1458.0
56600	1434.0	1434.0
56700	1444.0	1444.0
56800	1428.0	1428.0
56900	1465.0	1465.0
57000	1468.0	1468.0
57100	1475.0	1475.0
57200	1476.0	1476.0
57300	1491.0	1491.0
57400	1486.0	1486.0
57500	1471.0	1471.0
57600	1490.0	1490.0
57700	1490.0	1490.0
57800	1498.0	1498.0
57900	1492.0	1492.0
58000	1504.0	1504.0
58100	1495.0	1495.0
58200	1506.0	1506.0
58300	1517.0	1517.0
58400	1517.0	1517.0
58500	1510.0	1510.0
58600	1501.0	1501.0
58700	1523.0	1523.0
58800	1515.0	1515.0
58900	1521.0	1521.0
59000	1517.0	1517.0
59100	1523.0	1523.0
59200	1511.0	1511.0
59300	1543.0	1543.0
59400	1527.0	1527.0
59500	1544.0	1544.0
59600	1545.0	1545.0
59700	1575.0	1575.0
59800	1568.0	1568.0
59900	1548.0	1548.0
60000	1564.0	1564.0
60100	1583.0	1583.0
60200	1593.0	1593.0
60300	1590.0	1590.0
60400	1605.0	1605.0
60500	1589.0	1589.0
60600	1581.0	1581.0
60700	1611.0	1611.0
60800	1608.0	1608.0
60900	1618.0	1618.0
61000	1634.0	1634.0
61100	1601.0	1601.0
61200	1628.0	1628.0
61300	1597.0	1597.0
61400	1616.0	1616.0
61500	1624.0	1624.0
61600	1626.0	1626.0
61700	1625.0	1625.0
61800	1622.0	1622.0
61900	1618.0	1618.0
62000	1614.0	1614.0
62100	1630.0	1630.0
62200	1635.0	1635.0
62300	1645.0	1645.0
62400	1652.0	1652.0
62500	1637.0	1637.0
62600	1656.0	1656.0
62700	1656.0	1656.0
62800	1646.0	1646.0
62900	1657.0	1657.0
63000	1650.0	1650.0
63100	1661.0	1661.0
63200	1658.0	1658.0
63300	1665.0	1665.0
63400	1691.0	1691.0
63500	1658.0	1658.0
63600	1662.0	1662.0
63700	1665.0	1665.0
63800	1687.0	1687.0
63900	1674.0	1674.0
64000	1697.0	1697.0
64100	1682.0	1682.0
64200	1676.0	1676.0
64300	1691.0	1691.0
64400	1693.0	1693.0
64500	1687.0	1687.0
64600	1701.0	1701.0
64700	1698.0	1698.0
64800	1696.0	1696.0
64900	1729.0	1729.0
65000	1704.0	1704.0
65100	1711.0	1711.0
65200	1728.0	1728.0
65300	1702.0	1702.0
65400	1710.0	1710.0
65500	1708.0	1708.0
65600	1723.0	1723.0
65700	1693.0	1693.0
65800	1706.0	1706.0
65900	1703.0	1703.0
66000	1723.0	1723.0
66100	1747.0	1747.0
66200	1754.0	1754.0
66300	1757.0	1757.0
66400	1757.0	1757.0
66500	1753.0	1753.0
66600	1764.0	1764.0
66700	1764.0	1764.0
66800	1776.0	1776.0
66900	1753.0	1753.0
67000	1792.0	1792.0
67100	1765.0	1765.0
67200	1784.0	1784.0
67300	1787.0	1787.0
67400	1787.0	1787.0
67500	1792.0	1792.0
67600	1780.0	1780.0
67700	1788.0	1788.0
67800	1786.0	1786.0
67900	1795.0	1795.0
68000	1803.0	1803.0
68100	1804.0	1804.0
68200	1800.0	1800.0
68300	1801.0	1801.0
68400	1809.0	1809.0
68500	1824.0	1824.0
68600	1811.0	1811.0
68700	1843.0	1843.0
68800	1833.0	1833.0
68900	1842.0	1842.0
69000	1867.0	1867.0
69100	1845.0	1845.0
69200	1846.0	1846.0
69300	1862.0	1862.0
69400	1849.0	1849.0
69500	1854.0	1854.0
69600	1856.0	1856.0
69700	1863.0	1863.0
69800	1848.0	1848.0
69900	1852.0	1852.0
70000	1869.0	1869.0
70100	1872.0	1872.0
70200	1874.0	1874.0
70300	1876.0	1876.0
70400	1862.0	1862.0
70500	1894.0	1894.0
70600	1899.0	1899.0
70700	1910.0	1910.0
70800	1914.0	1914.0
70900	1888.0	1888.0
71000	1922.0	1922.0
71100	1904.0	1904.0
71200	1932.0	1932.0
71300	1892.0	1892.0
71400	1903.0	1903.0
71500	1891.0	1891.0
71600	1916.0	1916.0
71700	1924.0	1924.0
71800	1929.0	1929.0
71900	1932.0	1932.0
72000	1933.0	1933.0
72100	1957.0	1957.0
72200	1941.0	1941.0
72300	1954.0	1954.0
72400	1945.0	1945.0
72500	1956.0	1956.0
72600	1962.0	1962.0
72700	1951.0	1951.0
72800	1954.0	1954.0
72900	1932.0	1932.0
73000	1951.0	1951.0
73100	1964.0	1964.0
73200	1943.0	1943.0
73300	1985.0	1985.0
73400	1968.0	1968.0
73500	1980.0	1980.0
73600	1984.0	1984.0
73700	1982.0	1982.0
73800	1997.0	1997.0
73900	1974.0	1974.0
74000	2006.0	2006.0
74100	1991.0	1991.0
74200	1999.0	1999.0
74300	2005.0	2005.0
74400	2007.0	2007.0
74500	2019.0	2019.0
74600	2012.0	2012.0
74700	2023.0	2023.0
74800	1996.0	1996.0
74900	2024.0	2024.0
75000	2027.0	2027.0
75100	2028.0	2028.0
75200	2023.0	2023.0
75300	2018.0	2018.0
75400	2007.0	2007.0
75500	2037.0	2037.0
75600	2035.0	2035.0
75700	2028.0	2028.0
75800	2045.0	2045.0
75900	2049.0	2049.0
76000	2044.0	2044.0
76100	2054.0	2054.0
76200	2051.0	2051.0
76300	2059.0	2059.0
76400	2075.0	2075.0
76500	2054.0	2054.0
76600	2073.0	2073.0
76700	2082.0	2082.0
76800	2084.0	2084.0
76900	2097.0	2097.0
77000	2103.0	2103.0
77100	2085.0	2085.0
77200	2089.0	2089.0
77300	2080.0	2080.0
77400	2098.0	2098.0
77500	2095.0	2095.0
77600	2099.0	2099.0
77700	2093.0	2093.0
77800	2105.0	2105.0
77900	2120.0	2120.0
78000	2099.0	2099.0
78100	2087.0	2087.0
78200	2102.0	2102.0
78300	2129.0	2129.0
78400	2099.0	2099.0
78500	2130.0	2130.0
78600	2110.0	2110.0
78700	2133.0	2133.0
78800	2132.0	2132.0
78900	2124.0	2124.0
79000	2137.0	2137.0
79100	2133.0	2133.0
79200	2126.0	2126.0
79300	2125.0	2125.0
79400	2141.0	2141.0
79500	2147.0	2147.0
79600	2137.0	2137.0
79700	2119.0	2119.0
79800	2153.0	2153.0
79900	2159.0	2159.0
80000	2147.0	2147.0
80100	2129.0	2129.0
80200	2136.0	2136.0
80300	2163.0	2163.0
80400	2157.0	2157.0
80500	2152.0	2152.0
80600	2163.0	2163.0
80700	2158.0	2158.0
80800	2161.0	2161.0
80900	2155.0	2155.0
81000	2167.0	2167.0
81100	2166.0	2166.0
81200	2153.0	2153.0
81300	2165.0	2165.0
81400	2151.0	2151.0
81500	2188.0	2188.0
81600	2165.0	2165.0
81700	2172.0	2172.0
81800	2199.0	2199.0
81900	2191.0	2191.0
82000	2183.0	2183.0
82100	2204.0	2204.0
82200	2199.0	2199.0
82300	2192.0	2192.0
82400	2206.0	2206.0
82500	2183.0	2183.0
82600	2199.0	2199.0
82700	2179.0	2179.0
82800	2191.0	2191.0
82900	2209.0	2209.0
83000	2224.0	2224.0
83100	2202.0	2202.0
83200	2211.0	2211.0
83300	2250.0	2250.0
83400	2224.0	2224.0
83500	2201.0	2201.0
83600	2225.0	2225.0
83700	2226.0	2226.0
83800	2217.0	2217.0
83900	2216.0	2216.0
84000	2228.0	2228.0
84100	2256.0	2256.0
84200	2239.0	2239.0
84300	2256.0	2256.0
84400	2250.0	2250.0
84500	2252.0	2252.0
84600	2275.0	2275.0
84700	2254.0	2254.0
84800	2261.0	2261.0
84900	2253.0	2253.0
85000	2250.0	2250.0
85100	2252.0	2252.0
85200	2263.0	2263.0
85300	2265.0	2265.0
85400	2257.0	2257.0
85500	2259.0	2259.0
85600	2280.0	2280.0
85700	2252.0	2252.0
85800	2257.0	2257.0
85900	2276.0	2276.0
86000	2282.0	2282.0
86100	2287.0	2287.0
86200	2289.0	2289.0
86300	2267.0	2267.0
86400	2278.0	2278.0
86500	2263.0	2263.0
86600	2275.0	2275.0
86700	2263.0	2263.0
86800	2271.0	2271.0
86900	2277.0	2277.0
87000	2275.0	2275.0
87100	2293.0	2293.0
87200	2295.0	2295.0
87300	2292.0	2292.0
87400	2303.0	2303.0
87500	2301.0	2301.0
87600	2307.0	2307.0
87700	2321.0	2321.0
87800	2309.0	2309.0
87900	2320.0	2320.0
88000	2336.0	2336.0
88100	2308.0	2308.0
88200	2327.0	2327.0
88300	2323.0	2323.0
88400	2328.0	2328.0
88500	2329.0	2329.0
88600	2335.0	2335.0
88700	2353.0	2353.0
88800	2345.0	2345.0
88900	2366.0	2366.0
89000	2337.0	2337.0
89100	2340.0	2340.0
89200	2351.0	2351.0
89300	2357.0	2357.0
89400	2360.0	2360.0
89500	2359.0	2359.0
89600	2376.0	2376.0
89700	2378.0	2378.0
89800	2384.0	2384.0
89900	2384.0	2384.0
90000	2384.0	2384.0
90100	2371.0	2371.0
90200	2378.0	2378.0
90300	2381.0	2381.0
90400	2389.0	2389.0
90500	2366.0	2366.0
90600	2369.0	2369.0
90700	2378.0	2378.0
90800	2373.0	2373.0
90900	2386.0	2386.0
91000	2379.0	2379.0
91100	2407.0	2407.0
91200	2418.0	2418.0
91300	2424.0	2424.0
91400	2412.0	2412.0
91500	2453.0	2453.0
91600	2438.0	2438.0
91700	2464.0	2464.0
91800	2451.0	2451.0
91900	2440.0	2440.0
92000	2460.0	2460.0
92100	2462.0	2462.0
92200	2456.0	2456.0
92300	2460.0	2460.0
92400	2472.0	2472.0
92500	2480.0	2480.0
92600	2486.0	2486.0
92700	2476.0	2476.0
92800	2486.0	2486.0
92900	2504.0	2504.0
93000	2518.0	2518.0
93100	2484.0	2484.0
93200	2513.0	2513.0
93300	2506.0	2506.0
93400	2506.0	2506.0
93500	2499.0	2499.0
93600	2534.0	2534.0
93700	2518.0	2518.0
93800	2547.0	2547.0
93900	2525.0	2525.0
94000	2534.0	2534.0
94100	2549.0	2549.0
94200	2548.0	2548.0
94300	2568.0	2568.0
94400	2544.0	2544.0
94500	2564.0	2564.0
94600	2547.0	2547.0
94700	2552.0	2552.0
94800	2550.0	2550.0
94900	2566.0	2566.0
95000	2580.0	2580.0
95100	2566.0	2566.0
95200	2581.0	2581.0
95300	2579.0	2579.0
95400	2582.0	2582.0
95500	2596.0	2596.0
95600	2587.0	2587.0
95700	2606.0	2606.0
95800	2602.0	2602.0
95900	2602.0	2602.0
96000	2607.0	2607.0
96100	2608.0	2608.0
96200	2628.0	2628.0
96300	2630.0	2630.0
96400	2619.0	2619.0
96500	2622.0	2622.0
96600	2633.0	2633.0
96700	2606.0	2606.0
96800	2640.0	2640.0
96900	2625.0	2625.0
97000	2651.0	2651.0
97100	2646.0	2646.0
97200	2631.0	2631.0
97300	2660.0	2660.0
97400	2650.0	2650.0
97500	2673.0	2673.0
97600	2664.0	2664.0
97700	2657.0	2657.0
97800	2670.0	2670.0
97900	2688.0	2688.0
98000	2690.0	2690.0
98100	2681.0	2681.0
98200	2714.0	2714.0
98300	2705.0	2705.0
98400	2712.0	2712.0
98500	2734.0	2734.0
98600	2714.0	2714.0
98700	2737.0	2737.0
98800	2739.0	2739.0
98900	2729.0	2729.0
99000	2709.0	2709.0
99100	2739.0	2739.0
99200	2752.0	2752.0
99300	2752.0	2752.0
99400	2751.0	2751.0
99500	2768.0	2768.0
99600	2761.0	2761.0
99700	2738.0	2738.0
99800	2743.0	2743.0
99900	2753.0	2753.0
100000	2765.0	2765.0
100100	2769.0	2769.0
100200	2781.0	2781.0
100300	2784.0	2784.0
100400	2782.0	2782.0
100500	2794.0	2794.0
100600	2784.0	2784.0
100700	2795.0	2795.0
100800	2762.0	2762.0
100900	2814.0	2814.0
101000	2803.0	2803.0
101100	2799.0	2799.0
101200	2844.0	2844.0
101300	2831.0	2831.0
101400	2847.0	2847.0
101500	2854.0	2854.0
101600	2837.0	2837.0
101700	2850.0	2850.0
101800	2869.0	2869.0
101900	2859.0	2859.0
102000	2871.0	2871.0
102100	2881.0	2881.0
102200	2875.0	2875.0
102300	2874.0	2874.0
102400	2888.0	2888.0
102500	2863.0	2863.0
102600	2904.0	2904.0
102700	2885.0	2885.0
102800	2892.0	2892.0
102900	2909.0	2909.0
103000	2898.0	2898.0
103100	2900.0	2900.0
103200	2924.0	2924.0
103300	2911.0	2911.0
103400	2903.0	2903.0
103500	2924.0	2924.0
103600	2913.0	2913.0
103700	2919.0	2919.0
103800	2927.0	2927.0
103900	2922.0	2922.0
104000	2950.0	2950.0
104100	2920.0	2920.0
104200	2950.0	2950.0
104300	2943.0	2943.0
104400	2928.0	2928.0
104500	2953.0	2953.0
104600	2952.0	2952.0
104700	2960.0	2960.0
104800	2945.0	2945.0
104900	2956.0	2956.0
105000	2981.0	2981.0
105100	2966.0	2966.0
105200	2965.0	2965.0
105300	2997.0	2997.0
105400	2975.0	2975.0
105500	2997.0	2997.0
105600	2999.0	2999.0
105700	3003.0	3003.0
105800	3004.0	3004.0
105900	2992.0	2992.0
106000	3007.0	3007.0
106100	3016.0	3016.0
106200	3029.0	3029.0
106300	3013.0	3013.0
106400	3024.0	3024.0
106500	3021.0	3021.0
106600	3005.0	3005.0
106700	3042.0	3042.0
106800	3057.0	3057.0
106900	3052.0	3052.0
107000	3045.0	3045.0
107100	3065.0	3065.0
107200	3070.0	3070.0
107300	3062.0	3062.0
107400	3080.0	3080.0
107500	3081.0	3081.0
107600	3089.0	3089.0
107700	3072.0	3072.0
107800	3090.0	3090.0
107900	3098.0	3098.0
108000	3117.0	3117.0
108100	3123.0	3123.0
108200	3121.0	3121.0
108300	3140.0	3140.0
108400	3131.0	3131.0
108500	3100.0	3100.0
108600	3134.0	3134.0
108700	3124.0	3124.0
108800	3136.0	3136.0
108900	3133.0	3133.0
109000	3152.0	3152.0
109100	3145.0	3145.0
109200	3165.0	3165.0
109300	3169.0	3169.0
109400	3145.0	3145.0
109500	3165.0	3165.0
109600	3171.0	3171.0
109700	3179.0	3179.0
109800	3202.0	3202.0
109900	3187.0	3187.0
110000	3185.0	3185.0
110100	3212.0	3212.0
110200	3211.0	3211.0
110300	3224.0	3224.0
110400	3195.0	3195.0
110500	3217.0	3217.0
110600	3228.0	3228.0
110700	3218.0	3218.0
110800	3223.0	3223.0
110900	3230.0	3230.0
111000	3228.0	3228.0
111100	3238.0	3238.0
111200	3228.0	3228.0
111300	3237.0	3237.0
111400	3232.0	3232.0
111500	3270.0	3270.0
111600	3284.0	3284.0
111700	3285.0	3285.0
111800	3272.0	3272.0
111900	3291.0	3291.0
112000	3298.0	3298.0
112100	3299.0	3299.0
112200	3293.0	3293.0
112300	3297.0	3297.0
112400	3302.0	3302.0
112500	3289.0	3289.0
112600	3292.0	3292.0
112700	3286.0	3286.0
112800	3299.0	3299.0
112900	3314.0	3314.0
113000	3304.0	3304.0
113100	3324.0	3324.0
113200	3341.0	3341.0
113300	3359.0	3359.0
113400	3360.0	3360.0
113500	3372.0	3372.0
113600	3363.0	3363.0
113700	3342.0	3342.0
113800	3360.0	3360.0
113900	3382.0	3382.0
114000	3396.0	3396.0
114100	3377.0	3377.0
114200	3393.0	3393.0
114300	3392.0	3392.0
114400	3397.0	3397.0
114500	3419.0	3419.0
114600	3409.0	3409.0
114700	3429.0	3429.0
114800	3426.0	3426.0
114900	3442.0	3442.0
115000	3436.0	3436.0
115100	3436.0	3436.0
115200	3432.0	3432.0
115300	3424.0	3424.0
115400	3423.0	3423.0
115500	3433.0	3433.0
115600	3431.0	3431.0
115700	3438.0	3438.0
115800	3448.0	3448.0
115900	3453.0	3453.0
116000	3446.0	3446.0
116100	3462.0	3462.0
116200	3470.0	3470.0
116300	3467.0	3467.0
116400	3482.0	3482.0
116500	3459.0	3459.0
116600	3476.0	3476.0
116700	3497.0	3497.0
116800	3494.0	3494.0
116900	3508.0	3508.0
117000	3482.0	3482.0
117100	3496.0	3496.0
117200	3505.0	3505.0
117300	3494.0	3494.0
117400	3504.0	3504.0
117500	3511.0	3511.0
117600	3499.0	3499.0
117700	3519.0	3519.0
117800	3560.0	3560.0
117900	3552.0	3552.0
118000	3554.0	3554.0
118100	3525.0	3525.0
118200	3567.0	3567.0
118300	3562.0	3562.0
118400	3565.0	3565.0
118500	3570.0	3570.0
118600	3566.0	3566.0
118700	3554.0	3554.0
118800	3558.0	3558.0
118900	3564.0	3564.0
119000	3582.0	3582.0
119100	3597.0	3597.0
119200	3585.0	3585.0
119300	3599.0	3599.0
119400	3578.0	3578.0
119500	3605.0	3605.0
119600	3582.0	3582.0
119700	3610.0	3610.0
119800	3616.0	3616.0
119900	3605.0	3605.0
120000	3602.0	3602.0
120100	3622.0	3622.0
120200	3643.0	3643.0
120300	3645.0	3645.0
120400	3634.0	3634.0
120500	3650.0	3650.0
120600	3647.0	3647.0
120700	3628.0	3628.0
120800	3632.0	3632.0
120900	3639.0	3639.0
121000	3671.0	3671.0
121100	3655.0	3655.0
121200	3672.0	3672.0
121300	3657.0	3657.0
121400	3682.0	3682.0
121500	3686.0	3686.0
121600	3685.0	3685.0
121700	3669.0	3669.0
121800	3677.0	3677.0
121900	3671.0	3671.0
122000	3682.0	3682.0
122100	3691.0	3691.0
122200	3686.0	3686.0
122300	3687.0	3687.0
122400	3690.0	3690.0
122500	3709.0	3709.0
122600	3684.0	3684.0
122700	3687.0	3687.0
122800	3706.0	3706.0
122900	3720.0	3720.0
123000	3721.0	3721.0
123100	3724.0	3724.0
123200	3729.0	3729.0
123300	3725.0	3725.0
123400	3703.0	3703.0
123500	3716.0	3716.0
123600	3716.0	3716.0
123700	3721.0	3721.0
123800	3740.0	3740.0
123900	3758.0	3758.0
124000	3754.0	3754.0
124100	3750.0	3750.0
124200	3753.0	3753.0
124300	3762.0	3762.0
124400	3774.0	3774.0
124500	3756.0	3756.0
124600	3747.0	3747.0
124700	3772.0	3772.0
124800	3761.0	3761.0
124900	3748.0	3748.0
125000	3753.0	3753.0
125100	3773.0	3773.0
125200	3759.0	3759.0
125300	3772.0	3772.0
125400	3776.0	3776.0
125500	3800.0	3800.0
125600	3792.0	3792.0
125700	3830.0	3830.0
125800	3786.0	3786.0
125900	3783.0	3783.0
126000	3813.0	3813.0
126100	3823.0	3823.0
126200	3812.0	3812.0
126300	3830.0	3830.0
126400	3828.0	3828.0
126500	3840.0	3840.0
126600	3853.0	3853.0
126700	3865.0	3865.0
126800	3840.0	3840.0
126900	3850.0	3850.0
127000	3846.0	3846.0
127100	3872.0	3872.0
127200	3868.0	3868.0
127300	3845.0	3845.0
127400	3881.0	3881.0
127500	3868.0	3868.0
127600	3895.0	3895.0
127700	3898.0	3898.0
127800	3895.0	3895.0
127900	3886.0	3886.0
128000	3890.0	3890.0
128100	3904.0	3904.0
128200	3923.0	3923.0
128300	3906.0	3906.0
128400	3908.0	3908.0
128500	3934.0	3934.0
128600	3932.0	3932.0
128700	3958.0	3958.0
128800	3948.0	3948.0
128900	3951.0	3951.0
129000	3942.0	3942.0
129100	3955.0	3955.0
129200	3956.0	3956.0
129300	3971.0	3971.0
129400	3980.0	3980.0
129500	3976.0	3976.0
129600	3966.0	3966.0
129700	4018.0	4018.0
129800	4021.0	4021.0
129900	4030.0	4030.0
130000	4020.0	4020.0
130100	4014.0	4014.0
130200	4037.0	4037.0
130300	4036.0	4036.0
130400	4041.0	4041.0
130500	4037.0	4037.0
130600	4038.0	4038.0
130700	4015.0	4015.0
130800	4034.0	4034.0
130900	4043.0	4043.0
131000	4051.0	4051.0
131100	4065.0	4065.0
131200	4058.0	4058.0
131300	4068.0	4068.0
131400	4073.0	4073.0
131500	4071.0	4071.0
131600	4061.0	4061.0
131700	4065.0	4065.0
131800	4059.0	4059.0
131900	4073.0	4073.0
132000	4071.0	4071.0
132100	4092.0	4092.0
132200	4086.0	4086.0
132300	4058.0	4058.0
132400	4086.0	4086.0
132500	4085.0	4085.0
132600	4076.0	4076.0
132700	4057.0	4057.0
132800	4061.0	4061.0
132900	4098.0	4098.0
133000	4095.0	4095.0
133100	4100.0	4100.0
133200	4084.0	4084.0
133300	4105.0	4105.0
133400	4111.0	4111.0
133500	4140.0	4140.0
133600	4137.0	4137.0
133700	4102.0	4102.0
133800	4113.0	4113.0
133900	4130.0	4130.0
134000	4106.0	4106.0
134100	4134.0	4134.0
134200	4133.0	4133.0
134300	4142.0	4142.0
134400	4143.0	4143.0
134500	4134.0	4134.0
134600	4127.0	4127.0
134700	4161.0	4161.0
134800	4181.0	4181.0
134900	4145.0	4145.0
135000	4151.0	4151.0
135100	4154.0	4154.0
135200	4172.0	4172.0
135300	4191.0	4191.0
135400	4198.0	4198.0
135500	4158.0	4158.0
135600	4180.0	4180.0
135700	4159.0	4159.0
135800	4189.0	4189.0
135900	4198.0	4198.0
136000	4179.0	4179.0
136100	4189.0	4189.0
136200	4179.0	4179.0
136300	4184.0	4184.0
136400	4219.0	4219.0
136500	4256.0	4256.0
136600	4197.0	4197.0
136700	4225.0	4225.0
136800	4236.0	4236.0
136900	4257.0	4257.0
137000	4268.0	4268.0
137100	4258.0	4258.0
137200	4284.0	4284.0
137300	4279.0	4279.0
137400	4293.0	4293.0
137500	4292.0	4292.0
137600	4315.0	4315.0
137700	4297.0	4297.0
137800	4316.0	4316.0
137900	4326.0	4326.0
138000	4318.0	4318.0
138100	4359.0	4359.0
138200	4343.0	4343.0
138300	4368.0	4368.0
138400	4351.0	4351.0
138500	4346.0	4346.0
138600	4354.0	4354.0
138700	4376.0	4376.0
138800	4388.0	4388.0
138900	4373.0	4373.0
139000	4397.0	4397.0
139100	4398.0	4398.0
139200	4414.0	4414.0
139300	4383.0	4383.0
139400	4400.0	4400.0
139500	4406.0	4406.0
139600	4443.0	4443.0
139700	4467.0	4467.0
139800	4443.0	4443.0
139900	4448.0	4448.0
140000	4449.0	4449.0
140100	4445.0	4445.0
140200	4457.0	4457.0
140300	4469.0	4469.0
140400	4483.0	4483.0
140500	4477.0	4477.0
140600	4484.0	4484.0
140700	4487.0	4487.0
140800	4520.0	4520.0
140900	4505.0	4505.0
141000	4495.0	4495.0
141100	4490.0	4490.0
141200	4516.0	4516.0
141300	4505.0	4505.0
141400	4514.0	4514.0
141500	4495.0	4495.0
141600	4511.0	4511.0
141700	4505.0	4505.0
141800	4509.0	4509.0
141900	4507.0	4507.0
142000	4516.0	4516.0
142100	4533.0	4533.0
142200	4530.0	4530.0
142300	4542.0	4542.0
142400	4523.0	4523.0
142500	4532.0	4532.0
142600	4544.0	4544.0
142700	4544.0	4544.0
142800	4560.0	4560.0
142900	4582.0	4582.0
143000	4583.0	4583.0
143100	4611.0	4611.0
143200	4577.0	4577.0
143300	4597.0	4597.0
143400	4607.0	4607.0
143500	4622.0	4622.0
143600	4608.0	4608.0
143700	4619.0	4619.0
143800	4611.0	4611.0
143900	4619.0	4619.0
144000	4586.0	4586.0
144100	4613.0	4613.0
144200	4623.0	4623.0
144300	4631.0	4631.0
144400	4632.0	4632.0
144500	4650.0	4650.0
144600	4678.0	4678.0
144700	4683.0	4683.0
144800	4660.0	4660.0
144900	4671.0	4671.0
145000	4682.0	4682.0
145100	4659.0	4659.0
145200	4646.0	4646.0
145300	4662.0	4662.0
145400	4677.0	4677.0
145500	4703.0	4703.0
145600	4698.0	4698.0
145700	4688.0	4688.0
145800	4740.0	4740.0
145900	4724.0	4724.0
146000	4765.0	4765.0
146100	4740.0	4740.0
146200	4730.0	4730.0
146300	4763.0	4763.0
146400	4754.0	4754.0
146500	4740.0	4740.0
146600	4759.0	4759.0
146700	4771.0	4771.0
146800	4763.0	4763.0
146900	4796.0	4796.0
147000	4795.0	4795.0
147100	4795.0	4795.0
147200	4832.0	4832.0
147300	4843.0	4843.0
147400	4864.0	4864.0
147500	4844.0	4844.0
147600	4820.0	4820.0
147700	4849.0	4849.0
147800	4830.0	4830.0
147900	4850.0	4850.0
148000	4834.0	4834.0
148100	4838.0	4838.0
148200	4861.0	4861.0
148300	4849.0	4849.0
148400	4859.0	4859.0
148500	4882.0	4882.0
148600	4864.0	4864.0
148700	4901.0	4901.0
148800	4899.0	4899.0
148900	4913.0	4913.0
149000	4923.0	4923.0
149100	4914.0	4914.0
149200	4933.0	4933.0
149300	4970.0	4970.0
149400	4961.0	4961.0
149500	4967.0	4967.0
149600	4965.0	4965.0
149700	4957.0	4957.0
149800	4982.0	4982.0
149900	4973.0	4973.0
150000	4988.0	4988.0
150100	4980.0	4980.0
150200	4959.0	4959.0
150300	4986.0	4986.0
150400	4995.0	4995.0
150500	4967.0	4967.0
150600	4976.0	4976.0
150700	4980.0	4980.0
150800	4984.0	4984.0
150900	4982.0	4982.0
151000	4998.0	4998.0
151100	4983.0	4983.0
151200	4985.0	4985.0
151300	4992.0	4992.0
